112437199
427773110
173324287
614384607
118623872
348288246
740787251
230166589
599956553
337623672
323899213
296369508
494474410
388176143
692525806
139834595
700996689
194262517
176771414
428997177
282865655
637056743
480092314
565849593
260426697
379209896
128588598
500981520
798969798
639906593
848656615
440101374
314120328
885532582
616392825
497652033
476173492
527659755
499789167
366292733
222543728
401698738
556425123
689407091
611849366
467313568
477813839
507444126
243411296
618795977
547970367
676374325
336112251
263804497
686772372
461448418
482933303
655944105
407705271
925878848
85420114
364017498
200830645
847078935
267167827
400939946
899501265
155583352
488866332
703395935
723837479
340630213
308066913
225451845
164506657
157002433
246950324
637242279
132300587
245970208
917623039
302068391
758328938
147286168
835339333
469730568
273472643
282027485
455622382
760660493
211831413
606024775
544795774
577867115
590557806
331456868
409365271
336432241
656495656
305607623
651430575
245288829
335385558
139798546
349811574
512317689
564888008
620693449
117979959
959993729
305732983
259512570
543893641
92561601
695764625
382353857
675861307
563638288
306487875
712421621
801625892
825757900
581663229
717416628
717139880
483593933
254418589
461228115
385781117
928988183
450221444
342227135
718929353
286778191
559250639
364155973
799998520
426681214
306933326
619403615
552921817
68636340
558377005
262843727
111555116
688437027
598675686
858687493
148974780
147085414
37087611
629462701
100317115
339016545
166743577
389302413
250394440
12782160
574607690
467033646
474913049
743298150
867893663
414395216
662724094
192402046
87757002
102041038
468135672
704101607
528152732
531591118
71384669
717725678
330857400
454516949
691315577
371758033
197482240
300759992
565275417
500105369
865193036
770069741
598890527
501301273
263096056
776991349
347310843
304150905
348477267
922071682
208512902
258870455
231379394
152217130
144927745
961921011
408453984
210028451
746918547
88770515
272296164
825579601
495595517
557678244
13981642
457377960
478323297
403664479
288189759
848891416
618665807
873197803
552699634
692480251
447084681
520653964
181420260
661686785
150359002
760033759
500039514
194112285
538620571
306137003
102576899
348971278
720138536
739442563
718609124
555931799
14968824
490950759
333626937
436965774
352653957
326137685
124658020
465025642
363008921
411417639
75770250
293205365
216433881
192455812
88194615
740923594
238283818
379963774
833256713
550772117
330852480
717800996
727501122
734267409
858933712
433105833
721746359
551953221
876884899
271476316
116679507
148766090
566137028
937393938
710403097
364953585
412142182
628245830
359234340
706155351
424638535
438125439
338241091
560615047
360559823
710723717
340386328
542457996
184830407
611691735
102784229
260229989
273786150
226051202
203650434
134805772
829942741
586696551
462197574
220017765
713629808
595329335
312775341
360900975
469146526
750738342
465832928
828751667
710547519
479323093
329048577
345271022
367441156
768536426
476633952
214367523
546465543
664392166
213275911
919271317
429460555
122532431
100338211
598249433
462583640
844811655
258452939
334600650
887698577
578086539
201009159
874021485
199546110
64689259
721711214
275350414
654736833
641811079
420370699
243205212
534749559
621808404
110236371
456367321
728508321
390586705
443024938
888107999
46022416
356943105
563881084
824661839
287731445
587539919
259814765
545938321
345359495
701633997
481724778
342916569
348479085
198650163
880574742
467605207
409861320
274811966
509662106
534865410
171826187
668264998
431465256
203833293
326090444
596606465
367594718
965540095
516440107
517143732
674492548
859989247
197049550
551625128
652399373
511161680
595964239
446883754
630927780
357027133
545844220
673921961
347658833
261811364
421339757
730463598
104848738
346939446
215989059
694106204
218361601
270698590
438087379
36410880
449426975
845160803
531847581
192446488
524196552
737271527
83905125
691819088
612934339
408901050
199745642
280323227
761646842
787746006
391150969
567957129
478017896
772491863
551893473
407219720
484923558
659763790
514468979
746188910
263254241
737778763
236909646
853740845
856734493
744626744
951859836
383173801
467339651
617520150
221396675
670945282
194100947
558169802
521343793
731106439
132526823
387785320
566711517
650790001
224578771
619936393
554383511
383510188
248988447
407891842
471372545
234210148
665168768
383388888
494944474
560785742
381183175
476426507
466998109
541903997
212711539
332168478
315527521
535992399
304424157
782219052
173286181
231360352
292843691
864465278
541982372
699355044
829681452
344628254
194765528
148873267
182781980
508668737
617636859
91185873
457334409
510038850
281207419
837152549
529643051
251131599
296202969
634623161
868004068
543491240
194636702
660871938
269511380
620934058
54216173
109710915
272896435
508273903
904185609
454105882
797794175
213398224
342816930
982466701
735418870
567011906
549008165
340325785
799039070
500609811
582772757
422162995
269684074
239404448
349420696
408435223
532722329
649394241
641798056
548131034
662304190
40277152
59503603
437838484
195344700
501490000
193454017
454407762
579290167
546246244
732251123
240282034
800590502
787586930
323824195
467067374
473161504
513862957
911329908
277433018
669138193
615892598
170464737
347293878
563488297
303584380
623779259
40941617
193178145
255568695
153229432
707917673
531920802
294725613
229656691
45366076
229422004
691852026
715605093
499924776
675004288
171403115
74944566
189583831
251980549
327514516
635147848
586024705
470739825
238970237
669424532
787593710
271833731
493780305
613649416
290938034
383295562
441483591
311301283
672434583
395771464
570034266
596469976
665951478
876664628
389185770
802797695
593012284
573437690
391561906
631765498
870110699
286823652
453725820
419903834
827966625
165009660
243471939
230418358
829122476
163710908
273564726
89891288
374625872
248261868
441130412
412201885
852799138
225307045
73849725
687961109
176006407
645804435
548074618
645854148
850657843
427836876
735002955
264244122
223462971
231195214
220810540
632549406
872757785
611842026
478035501
391126051
271738126
341062251
398755471
417654305
599587849
741529150
750639544
503761623
786221990
514144458
769533925
772244923
677247877
702098086
157296869
377316968
877123963
529584812
667810163
405084733
574805084
120724365
816850361
178924359
245032881
446360000
522911926
121902208
842955461
734539303
464687028
239736087
433388751
619856618
604874627
264511169
648248288
41872346
674162063
417898811
168345281
503239609
569846688
439393319
428108773
284237733
578957963
721840072
497095087
436108313
186135397
875160521
416999765
607020076
505927083
543838138
103478423
325501158
697453166
459321197
35092881
475845563
322219908
455584508
284043227
144122247
264591475
444169444
640304963
509000532
263450978
532939223
486860502
929345253
508446394
814190354
831220226
307741778
550649032
277962901
416776670
689715186
312436369
258946823
573517474
205973673
302177373
297147198
740696269
462192043
764914971
752392094
665850773
723917443
917832306
554225008
415560168
899402766
257324777
273443975
679719115
547024794
501716892
303978140
763833969
70297951
580901839
927168622
112991566
803833883
559051432
855995603
528277037
539664627
126485646
442593641
16708165
353842031
523594273
239834241
517941339
542145143
776513338
588786434
852786378
436508190
775787716
228978663
964871483
680057650
934899058
588221977
578797630
525100300
275037410
902240527
872851037
403775008
580549531
319629551
138603210
647798731
298496041
833633656
726996621
106731928
491548379
648693482
564196288
268744977
642641886
218942557
737524941
751175679
324646232
98523254
286594632
288377925
524316093
37657089
365828371
897971129
307170423
315498167
565126421
225011429
255437512
437735615
237123590
699280237
105028791
90258596
409777549
262881673
848215711
677911606
363135189
722156946
466238139
398832299
285930845
257089040
676419446
110203063
372875960
679102986
408842079
632538874
334420692
566999629
444218566
506676519
773365206
148890316
618013690
682679603
562252838
272978788
907071942
666297472
51661355
472296499
225054314
577757427
533610565
532268161
295525516
719888052
134534964
668592457
685366754
602306890
548650646
653553105
533483689
496393751
731479991
326772820
433746649
625878287
170460616
452553554
762895303
838043902
288901510
473146574
371133627
386902433
241107742
664892545
136788463
447816766
539886205
660670623
389516667
683151371
544692776
866818823
576957633
563667166
347557368
468666822
89426078
448435367
133399284
466071874
285420477
398219417
157358090
439227263
511731611
906433191
311931237
902810769
803329776
425038135
289045632
702779392
190430004
273451743
61502519
85685680
848587375
568930780
214263902
936896664
248631797
630791925
365872029
489645137
373280374
694089392
718158258
397260374
549232692
820692237
375726132
413668961
470326917
358028804
81501528
596355557
395714659
473584998
346785760
469174781
101131778
537988762
203970853
692559395
980863239
188177071
86179075
408324701
260551313
81525741
733784481
697757851
429040064
589181924
310616243
207094814
74944468
163167392
179351182
155147902
441332549
850589978
391458967
479666541
481691247
696370361
175408204
97883447
240555832
588551728
491082233
487600702
616151951
101742814
504665236
454062368
304444071
665576229
446802216
420703569
805123535
369425104
231546441
94857462
429237172
576876859
421979727
280014303
819967085
277752003
443767525
482340996
411029427
220791331
609585348
926279206
788097880
216844264
462014474
402276128
498580984
615960732
230975591
261879178
270271788
625290792
394385585
157696502
646090354
846116276
929859424
432219286
775892216
432769461
77924279
175333829
728419492
597021154
322987990
534480958
589759788
708737404
318042957
409214894
851219792
316289723
615289700
223400312
516742581
617892527
556208450
256356589
520526292
736052739
172766988
584589323
849410554
476698956
124640949
269661557
37923129
301271162
239831374
112056117
718456393
579646405
827604918
357460383
823999990
229584346
545825646
217431049
346719993
592661139
204145840
194167164
583293149
366780586
632066217
827787014
851260043
578292948
111491468
99024442
141592801
579401216
452379756
586488182
645914593
490588286
110144037
77739910
641215544
350767595
619996413
663176807
324492077
911447435
568727833
277765162
538078917
186602314
199001966
666271592
638995418
220817431
520653486
360421900
446173453
534396425
881200368
799936482
347726173
519688880
450619140
569479901
817768581
766424572
379961763
878721104
224102040
282679077
211372704
676374487
506877817
322390393
816920515
105897056
590134053
560994147
866352744
367419739
656634667
709658836
788953054
477428588
433881616
801652048
892854146
530206134
352922743
249140338
218930894
628743341
498219527
233799860
367925478
229893603
340208687
435305650
941160484
290978069
818300298
767585970
764447204
633080379
691227879
281478810
178852266
259095699
690315486
454082825
569684127
574341259
544452358
353107777
766033822
142381011
420429672
771784116
575676450
802855299
266953638
225745260
763249735
508516761
545575772
566218757
504249164
144118487
607438266
221709168
485878092
381068287
203988756
755786875
782479336
548097025
819378143
94534465
703631133
749608884
843966236
147234431
787624243
188352293
351703237
143259588
692149104
139789144
217679030
662822768
640094215
878103231
827635839
291565534
393888232
433089123
665665654
108976930
659433451
436547768
744795031
865632445
911504569
363357028
467711616
744682736
631045955
319195101
692030425
678657795
199195498
477256401
882749511
365051047
698853610
323600774
434692820
520072726
397238949
613500087
919544917
178015430
326672413
814810953
536551356
499910720
522220128
15792360
416351367
225821439
563339393
805375812
106177914
556270644
753005731
330720784
182709622
637692044
209612853
466373256
666182395
366776746
358055401
396608518
487595690
194283887
829778735
856857719
748073078
779993360
622747452
661084595
427401401
667665670
833106197
469695303
795355218
499818515
716643928
221031130
315296239
914977619
536534730
320008761
642434280
106016155
540866799
508515644
306226233
295006456
367378046
193601928
465257441
709341228
610233953
616052054
432078770
395771939
532657214
364128155
76739928
401042848
501714316
177496882
698126667
179587661
676388118
585654180
127732579
976016623
229493058
614864122
82068023
569728499
208335461
293621359
188079271
652324387
555544833
880196209
263291318
838390452
345773768
480381677
577119754
478194231
159653175
109768672
602662052
679684353
102173888
895852260
949578753
880090628
454094563
602504891
163620841
958725199
183170423
875566490
104358918
747531628
527025590
497248182
151078727
701364279
346844165
463543202
204936726
211024327
403694425
729268212
306272680
901834684
410876081
254210496
39234707
306111086
141707538
681894222
459836896
144966112
286566313
574181375
368569222
775360024
584904239
631299635
41589875
333323999
400197062
439239352
858191898
32930267
450994978
417919971
434307541
581194697
825269798
423334675
548443363
67534644
552461766
548492308
529432056
592142645
627815681
268438578
457381044
71325018
273551841
342897559
172594077
520099129
412781496
299619630
267988131
515218373
520152905
445282630
765722487
893469990
808228868
550400325
457620548
399380978
172175640
386754213
66423689
338271126
676880546
403759533
450898256
84187313
345139356
529227678
549691454
448546012
733596903
235517830
695465707
543584419
533966790
645274364
444981677
480124111
137383282
878124224
648621544
926583948
77044858
130836877
595768435
577906555
137569518
898788406
488598613
326459818
642453424
82933042
500784902
201970384
246719738
601799198
711988033
120079477
548992395
565778260
577993507
853372739
600476698
403980623
559402633
139882384
24918673
872580991
180641430
439289935
611643366
275345329
425440266
516281174
833580755
814600828
484343491
747498099
234501019
419470619
420467401
847390155
809045978
532764266
731297569
459852276
836904072
840526611
581505647
426817788
622523321
853554258
766324644
491374440
505881493
638733787
559597119
216191750
201242258
545282579
353840948
481828742
832750076
266275053
830678337
420781373
430493599
156563546
585427349
455395308
116650103
257360518
640121545
460003612
205517193
358112496
260376682
62124631
248776672
341662293
400848069
701035778
53365092
741487723
358066914
292464810
136769218
190353935
677654659
76924936
349893933
786200040
601520282
494302366
273505019
587255368
347151723
639404504
188925977
625723773
168881025
140149467
276369433
74076893
544457824
401771874
749012461
618267068
308872764
741827364
712859692
433347999
910766516
981535661
268263767
15440641
517779549
264684943
391304098
780006730
896732280
754113074
916581335
437138018
293225318
743007507
547040742
282993864
620585607
742101950
854145135
38070413
851132417
843692973
224719037
438915786
405946849
330612349
859000921
929174061
440345155
670207014
300780751
478144489
230775110
193762201
445145698
489579906
414678132
810889812
153854419
190144794
752895315
687441430
148837621
296321560
348370530
856670325
200633186
636673941
589092640
677756713
605475636
617308653
274769903
347053078
881868415
24271845
324663225
683140306
580314318
456227336
652796410
236211423
529793453
708605770
215151646
476098511
661898631
605006205
681581564
192309083
191953750
304121531
624451737
797084331
675673860
407953397
505190823
300440301
533445824
300575434
446975744
447299347
428155192
334584401
511761698
201006844
158290505
358360866
107587331
11098366
382024352
863708893
568228910
339596709
465207324
702904111
571998294
567021794
599700731
437376541
719044842
337004557
739246993
499537269
700916012
687344876
159207318
394857523
502217215
188362993
668386988
551985707
407513449
99637959
445301182
386002825
347730437
951054168
394421047
446586232
691567262
290047847
692492055
573241583
642066856
339898738
915254426
382177059
115421682
456178470
746914197
476824850
255843195
881624737
821714071
761503000
513865800
803793036
946952411
356844923
677824461
594611537
510055949
396414357
346101049
584185301
324855884
648292511
352163654
430225718
175185160
789012180
262967875
797159821
630736862
760302465
472639706
153516597
214219963
810110411
541457263
822514714
433702035
269167684
747031182
345451518
186238297
238358452
727778779
121797710
567130744
357423939
117652819
572207533
649721815
828221269
538783736
114829491
363707622
398387799
304391192
543148948
629627169
219725965
494672182
664699959
263900842
279492577
377474038
704709054
487612128
554464273
442913021
847448501
266379925
570414279
756945878
535710902
224552111
247328936
901949476
474055913
286814462
554731357
342987985
175362634
394657445
739288526
497207149
638576926
563570512
449436044
940474601
229449445
596952054
613184447
153127667
337115941
107579335
643330170
169904862
242883230
684229556
382274668
317136481
257107743
390568744
637527626
122144771
478221416
274958785
479304624
166810025
483795144
370800626
124572371
432154283
288766839
672451753
431667402
297325411
155689927
663310431
575848816
525759012
244566129
470065341
80491513
482059838
340525556
386190708
184119916
747631349
147336826
816483591
219547026
734484864
488463396
572026489
500418677
731272101
314705867
530419784
268253475
616868117
841583273
618116607
213449975
775807778
406994276
630555375
801807087
238166590
153890942
211528213
525942824
210938775
265076403
508523705
92513527
166157010
240753929
262488680
573170769
614607509
961552973
226687439
82143669
700080075
370903398
390668334
265080102
221393464
587414073
573882322
334159893
522661223
176559570
186011528
459471630
96460379
450743465
468637102
833388103
571815796
710110777
460405176
464110866
466521779
307677556
476919663
767959069
757180209
475972330
838833317
717917154
177050992
600313371
454306863
681214373
741540453
406441481
264587999
562229423
845120930
473241572
498121981
799985673
275013722
463420289
217490128
217747357
358975881
465975613
351166887
51618476
339972115
921253013
719701382
536977249
646083334
440681599
736294423
640995649
657900942
308475014
557099800
400305561
599027993
761912095
601633313
355586509
620315767
667060223
204836962
522496627
574020986
293162687
667496861
494358167
498561539
187621363
652300773
626683676
596673008
643054211
851442631
84626134
723785139
344232274
532406792
730640548
193542266
607982136
608542509
249165098
946549868
234536323
704474930
413621660
234312976
115133319
511408078
586973360
801764370
409184508
552206009
135466130
900199901
876081928
516926299
663339129
642843478
375565571
295578154
517903095
366938923
311181385
575833934
326244781
597124918
34498637
570428174
481201523
569642941
459911098
521668626
427581073
409017578
274343666
580097424
635074709
45162158
506939951
765054854
724146623
150682678
297318731
456922926
408759773
337941727
649131811
937807964
426278192
724373360
400149285
300567025
331175432
172483591
292709873
516444288
442817465
476657563
189246165
254657523
262543045
491971472
366679115
908953277
656562193
224453671
574739590
870689187
136110343
401781521
166047199
325107906
562860922
633011982
674240781
223373627
418274847
702423019
414842647
494975064
558053167
886589426
287329702
827541358
685778355
154504930
172501030
761483964
302774631
758769307
380961905
168988122
615288009
254156804
202223172
771557885
206277045
309868875
887339354
560611515
259337996
378022799
909218790
113021839
491346950
557781743
398565745
494217434
233699064
507742958
400257562
176262206
485112463
401085745
265003921
570777473
621645455
384792491
777538757
556934915
474070874
264541437
585014332
793710143
612530349
632509247
446565271
231204819
576913627
492664611
609752161
294174191
27824326
823930539
346309550
220099364
476838099
95706969
137257956
580985930
74021375
345999209
718904663
243823567
584803500
257264910
832503070
561315551
798581216
822237731
354908787
911891614
260461145
855783997
223901948
100791842
770879491
243728777
313609285
272025125
362847121
643443443
631983911
689578358
675252860
689924784
91426401
214950516
506861081
388294531
208170592
306744889
230103914
511687331
425498677
595511488
340485641
260427638
535510341
156048531
422205316
566799993
539177275
498735087
753438409
178204903
454036616
314941813
858064703
288019110
386901428
508599912
920696275
595613984
481490764
412811272
342521941
536536851
301981336
421045741
369599729
514106150
767685996
714935042
451840054
183347689
723330572
817201154
203089204
142155698
467416699
123793816
52643430
354712836
564629358
869451393
492287810
215792358
726492451
167710232
492933479
181856187
344459806
620750700
590949774
769112945
895848274
185651945
434313687
761964268
78141121
201831975
582803468
346061269
822420230
325210870
220070999
683019655
145291215
863729034
461154127
323284453
531052124
223679352
21070368
146093137
554984712
565739134
619330866
540594456
216253419
483763810
108593349
263266154
146231293
367728633
816771582
707915028
294127493
208418213
276418890
358295098
730089551
329985488
647944612
55635386
405725415
183842218
545155854
314637771
860009676
626762921
746403253
779037340
743765546
822172459
576665804
954852762
285449519
618252954
566362847
357698380
293463871
797137110
480662451
587915799
342113645
754178132
335005080
790618943
457664428
440176670
387557091
117591804
793665007
289265646
55293086
69826684
266295787
637828873
320124257
233513241
463558990
156793962
468857970
783269424
403694327
431967501
771054713
970869173
538768890
275666392
697235566
736318349
502574516
844681401
310830180
752697537
586596289
598520962
340989470
168891169
107119495
331198588
273082338
532623092
493886893
547442310
477122312
548856864
563538239
207044992
422813591
513709067
387817564
113333785
904779169
491185146
230891476
341955648
465487836
220485321
73061562
377946116
22649464
330304457
249894263
202650980
369469141
275758607
424300332
326032341
744029919
231878324
799974766
195672911
353190989
693567109
661512283
231931110
333419304
377166475
374015583
177259343
765180314
600935153
248667132
373141540
301378291
624967284
711396166
766865060
309008444
201551669
280986479
918291340
652193590
280083897
545865621
509491395
564634560
556406712
215834272
417319140
971199724
857685499
275540433
169328178
465336935
347613956
861957565
503615657
761714468
334281747
603320890
639989136
598731651
445672435
367502775
429429227
217755015
787375447
244039211
283046873
121502608
513625822
443960537
603040140
381181307
338723969
550566956
590635810
585036024
560694902
244205950
644683250
244779018
640150924
343293316
388721608
720942042
75119373
368163487
426468480
671613352
271981287
623581817
821283974
707183591
183803124
767617035
862546693
569334402
338142721
165526065
390697915
503477004
713654511
383877835
654435262
743767970
786469474
561939175
615643803
207958353
761637189
262382536
537241304
523681851
644587340
381327831
697195157
307355586
268042114
418820061
137302541
553742648
773715129
417100735
213995423
277560359
551718134
255749969
140156247
673580224
482593716
385062905
96071023
931754977
497533059
901261717
398713799
777981524
622682190
732681029
519320140
480793467
216702024
855482497
288843981
856740230
784421941
550246173
677523287
438201044
689460531
511440153
552042729
314871787
534600061
643612591
448538366
221952059
270779583
81008394
432342806
963798725
122260002
187710544
316147628
580048259
322329961
357343567
291520393
654362305
552497516
274232784
310862773
736057234
361501065
401602299
530485232
483493799
269938806
361898546
568791582
241543423
600299927
255417201
746115437
415447329
481049700
90063713
376757215
798204346
265367615
420778181
686939536
489051204
70215599
129841061
375932187
86895910
365370427
497374729
616169705
387675599
180363968
55429395
664267975
369178360
129179050
580966027
294881567
216506387
982135128
786374713
865646606
801618914
349694802
517746258
504576589
442485848
144061038
473148923
713438125
229151449
855680896
389944870
330692577
693585816
573896705
378597389
564415966
193878018
681865727
430730326
603316549
138369071
606852454
196154321
771104486
368175691
410687780
501345851
679086297
427655012
435846353
228884231
634088740
733952875
571059166
424971254
459087810
365380752
812739436
706736928
174915797
797674107
225655220
176661704
349899125
549834755
683924922
680973149
506794207
93227684
114218849
317168805
493624070
541290123
272894160
282997882
135919871
297729049
547455068
294061514
462750116
551963718
169250013
343191203
744479499
408023957
120980768
242933340
852824825
343143587
350516651
349548591
698278535
153927262
87543098
232439015
196365536
316678921
351406855
299816410
950030515
318842122
299933343
573109332
581812648
566973586
494603785
417236409
365317006
454826510
248728721
90178855
248152007
411000253
138487623
524698506
718327630
489677480
555760074
248786501
253276268
748617554
358708119
533385339
488818825
118428786
718722955
435224455
732480788
36262259
349729274
878239036
588659191
375513758
373292983
482334095
287330400
634347709
109539356
319494802
425082401
739544041
571070012
822583340
449188048
266259162
911994589
746119877
397062537
488549048
633590883
612734266
385141818
232870586
716689083
328628828
648679629
606930134
233349672
576069415
221072124
295395278
757290849
613564265
669850008
637866580
328227046
864885787
451096707
954247514
632128912
593001384
451519544
522847237
648025214
462632509
679534944
870710349
626051359
289623240
608978093
642074368
133773559
187851185
656401664
675600080
556560868
376312576
194503551
196634966
292423207
733690100
192915789
419414382
787658023
633273455
118552392
386660802
464828234
314698389
490164455
250818238
602905928
233323035
697354150
557554819
179841544
118697087
944845915
261787888
617258871
472439237
58054120
547437488
535836829
304411400
439970826
820516326
122322621
364093935
654503266
583503478
389051709
744961067
148049646
215944938
215550713
171974822
175072559
439963151
170889743
151177378
618691370
346152746
447702340
244031623
848533112
817092967
280171402
261849348
803065305
783815119
673177981
145351928
83574837
157647842
446535738
321979667
136806986
690155357
254493022
65339298
477697277
836838470
448059837
916055429
241495351
164100413
496866976
634109766
608274511
795856675
325802346
500591673
248292794
83004165
769193088
310439368
173817064
883794909
335371830
966061090
869816782
102716884
705677453
811609986
172579474
867001544
152690375
458667686
758269285
637732425
365853502
221793162
910917158
663649998
705405773
498751958
183292066
340359375
125012297
538336180
243706512
681192884
605856638
621372418
672275972
782513458
253945349
396716988
505429071
523177517
206147632
555611365
116739442
340501142
739170218
281806592
361693291
546807564
535639865
355303134
283684264
340736835
479302814
145825320
266799406
209611163
603760913
780265070
536798590
534826953
240855202
455260647
589979902
591709397
667081668
519225516
218089739
480908909
40113947
566658053
667811671
634626018
213103977
850865876
228833405
112824039
518331868
479728899
169728833
478791517
628756750
291139921
826623794
219011355
240634296
516750735
125873364
205239076
781519511
726084781
390712514
645073353
135980529
299111763
781377578
416379394
246132461
377239579
412381856
633678301
373863011
110953867
913375806
597094539
241372314
335005496
301747250
394173971
590865415
422397341
680872898
66075823
395940164
608979389
839696927
405594364
458764462
304360354
446102105
606026985
628068523
246800483
214834874
607045912
280589317
269314848
232739527
645483321
794671478
336138352
623177803
215437598
388211732
465131768
97847292
359667139
305135312
449790835
519216507
479283840
263465631
843321853
294662004
766906005
850203393
768150211
530165757
565182621
363676133
395621239
565834583
444134809
412342445
836011510
398049292
557054503
198217972
314872245
309800077
311274599
415381569
824663799
751631942
317416360
302654549
341662698
298308567
415479407
296598133
523295567
370952701
519319047
254997766
501030451
101168532
757296887
213814276
151736061
369148243
293270834
225455263
595379614
351612597
529430732
588368737
202043539
260823940
522018406
896831997
114177991
774885457
662737334
275262542
686140486
581840240
425334599
192150075
695810013
257654802
892740017
415203874
286588241
537816743
634206450
155167812
238202161
695104757
850020319
387007543
588753297
384634216
478701045
378442267
678901083
789557936
692732745
163662298
930690094
337256751
919522554
283375904
792717795
295135173
554728395
515616178
254034966
413311972
739957944
681393656
253073845
577268859
380045148
215498360
490746975
584129983
575795448
133187945
147465701
209655435
850194470
231677567
208030911
505971577
283136912
169142469
274940780
936173126
351849843
102565179
429664020
259972810
173642324
387660358
546088197
691455704
453389653
579662854
213892662
811903405
608151523
573179167
85423279
220393440
393123259
648716322
303658971
899089707
845919386
510745199
549170120
214423461
304366717
433388833
185132975
641366688
571936176
708893801
160011324
52364146
171547197
572314563
155057151
624434166
553842800
589688363
463199569
523799861
458691873
575010468
259009837
758605326
153963592
365141008
375849956
146713498
785671493
263739086
400261533
183266228
709159471
576655331
250752344
496697238
343150625
222616848
742944767
613895910
551373147
560318879
158296331
542612092
562222344
203893498
150208858
511663283
789081779
435336631
853088051
319664130
462276649
476931410
225395368
219309886
281259587
569484113
768735862
476902654
636007643
336108287
389414718
526113349
580159829
668393347
72730051
820417378
511266367
718370124
454460150
382249659
800951555
942575103
718721645
819463524
578185429
197893706
630996713
276210452
264326756
387985926
574252643
563857542
810883217
579655966
474320076
435961309
624765499
115468711
267363525
297887550
574896498
818901123
379000383
778716784
304422586
397594902
424020660
816416173
737740598
733295675
678938101
216083235
390796758
435686535
136748240
663225963
455104461
147213811
642837800
408777486
261643761
186605373
282180275
190662635
772537127
468599011
227994119
599617758
203429579
651684858
240838919
642363022
612407127
633115267
100773545
620076699
896028120
663606159
784919316
826086562
235771772
867277060
14252856
383066852
413919794
784734648
878561482
562581164
227748289
345400953
495657948
645438679
270745973
303997800
662501359
492275132
749320613
729390649
741655911
605726743
568720741
469376295
626873098
64143698
203532223
333753838
760282721
521240757
188310321
678195970
577224894
674338721
253315500
232258635
177398523
165288245
450849929
105490643
315606012
467710613
563051272
518804946
103500213
518719715
358561027
384798543
75355599
681990159
768095235
270973424
839382186
185074115
584081144
378255496
617229509
646479728
940144334
954449219
799754539
391040796
769105637
195198937
237482851
736158027
690047107
548795609
42373655
250685464
205129411
500333873
61601271
212880483
224500283
773304673
399662393
463405896
701733443
662067521
701374329
250877693
562183444
660963081
775581802
622611503
85842447
901308553
705834604
641636442
611706618
667328810
609257957
471328404
467441152
431074638
743662649
382720753
631705618
811248577
610429543
159799866
230419046
406114217
647457973
213730278
515932328
305032157
542900514
480007745
271442506
820281586
12472136
254370454
894435805
121190096
463443802
428961018
577125852
558592677
870902733
628394912
154332018
757824936
446227883
435979792
503694494
121915490
665096880
224304671
482466300
970095059
194112676
327412569
77759004
851943346
908280539
337097575
441048216
533505074
266190703
419734696
415835796
203875469
231470866
179614532
486923735
683638233
526833898
715083226
537770178
961376469
371415332
273740700
526282424
277224759
282141146
865288031
601443334
699193931
453399977
245726497
765468765
200227080
580854931
651708304
274485284
435088911
554319027
110192700
251291922
375889735
601018223
95448315
452568904
106677983
424105470
349022407
602109256
533888380
227593456
664628656
72295391
151393149
784842567
504565061
211891804
561169163
453074135
525133396
748372053
378292817
459865138
562716475
686022368
256071259
678270891
486792899
572694953
573539185
268975387
151733590
835512572
365724971
551745497
446255961
466222952
219012335
510906204
624502502
217329629
474541176
574032178
632119324
506940873
21795238
837744663
430438074
255570972
357351891
935070864
514794081
506909368
542465511
466227152
868008597
168670723
67815274
344317398
508499746
256684589
613888351
536662141
373033791
529372775
402837256
72763773
703592197
863588022
907803145
338698954
219811761
272694794
884050011
149661993
728597280
429726284
788219836
485982213
893795392
201391450
371882264
502450457
261269116
753692251
922253392
449182492
296428621
457155948
383269491
515715770
637781260
987071069
162923428
382007933
769362619
87809193
418768249
299866298
379384980
257324151
443529319
328510403
620381812
852779552
797946084
796924878
185915575
497943790
393717095
454866122
129809526
697537108
573711940
867361024
62627406
776219232
596097279
91418054
105411038
736693775
94665199
349784076
513168456
188407522
914993107
539910487
652557411
276369258
306472321
475643156
208579662
733162445
93946557
504995593
321866354
417825560
261149614
79895970
500041201
759978928
371324424
336481076
656898250
843169458
280522238
540102132
798778297
215347719
350641635
189383361
902740416
110431961
735277273
563901422
750097861
517144895
116400774
157797805
529240926
744471886
849429502
66895914
171616260
496812315
952786314
591854085
598719550
781063558
176584700
361852975
654028392
587472156
340866025
787187671
78527786
210525260
326876157
551270806
566372751
476598672
198912505
348595015
614268385
374938612
589208910
648607611
412284805
508690283
450563491
382669461
237334396
476238056
408069486
445056837
281672336
583612908
145712527
163427867
135857683
395266014
525154099
357039263
622762806
486843328
125271945
853589131
439019219
723813288
641396470
112507756
81857024
256513486
760855005
404816155
296527779
607170878
373246923
401390024
310141744
147406763
664381170
648658749
409578172
486724762
557982528
749952767
250561032
235744005
391623652
506609688
528576800
169694406
292689846
289201923
171735175
455739841
740723538
513800357
114066007
712334995
810705396
639901727
362315938
500653260
524453932
791679475
897210218
214249147
352557647
385933229
434547528
104860918
738321618
378518064
430017991
918500224
205412752
582798203
356041497
684095477
214484302
842049269
107041251
204094099
24857224
174457528
462047017
897116260
761972530
590126254
181906776
425965252
102500910
338780106
643035977
704830372
326598047
328584333
275868602
596241677
579491400
245216814
93712838
174206098
298551255
225010135
340221165
318159984
674317186
869358053
269141164
128533858
311214835
273635100
320809465
476177433
235551758
599551358
81463290
294844786
616714319
542530328
229466299
572815723
151126729
745163833
679836106
288424908
917530123
714111993
862566444
740698313
539816729
638364942
474452883
525805824
705866712
413145391
492715281
430800821
376334052
334541053
589259604
920899054
435343470
523090781
335650039
351779325
303374331
263020683
522493317
827327878
422001567
196813727
529757139
868681382
264290360
49594219
278382828
312214364
435718170
536206911
264828887
933030005
72223840
493780426
517110041
166928270
220916345
100175892
595115690
683334886
664699428
740865105
423344651
863888173
429304119
823462956
661192192
833685483
758499689
316113817
690598167
739499824
599783937
377831286
188142222
694640500
141189664
690821683
653100693
516304350
460561842
735882155
591109058
76821083
684694413
174210618
739598993
877909868
156241702
900784916
429632994
789999510
198008487
266739181
354432893
208877908
401447308
898001090
208674944
607980498
712687620
555746166
622620477
313323838
234772391
459629728
651408414
327240000
194959310
598953308
542536841
365183596
96695378
746798933
248150926
628045090
280131451
362621896
475696715
162708289
501709950
481087709
300800729
796794248
318585661
686144855
11224003
445536522
588793927
168473252
684330506
526574036
215651188
376995302
174091561
690225479
559190047
455450128
229818773
383011924
748763657
464174291
422935693
927977317
512910518
720415899
397033739
359654323
648189558
324835395
63316297
704285356
150031821
571214671
241388532
921125392
166751919
153721819
216450105
475324306
250787202
328627863
451928720
652388273
266315980
240836732
423998676
504501716
276941539
695959629
656134916
219917274
707342513
427307110
161131370
431704265
698022691
614363592
918421473
651081752
676981581
81723406
475203609
375906626
617283694
375397381
110895616
837775142
592926722
377141321
84961055
340943795
583397883
312944625
243175748
397946884
467781971
436311787
737241171
895911956
166816468
267122250
431707749
926929140
836658387
639414164
615136255
897500926
782616366
354787750
260780337
195485763
354710633
673657222
644748225
272111974
862976946
339443363
750441729
640364100
363479685
722937069
728338176
80187979
481404726
432056047
60900746
200484842
759124193
869798017
362610369
278456655
157117935
405954917
805050616
667174013
662453914
717794697
604770084
648801673
571301049
600315217
165098952
371237045
314136146
562669570
210529635
657244932
492569988
668676676
232141647
692235555
201060368
706749507
69082117
288803146
726711215
272456388
200021250
773664677
53602768
328056026
755563620
174704367
329391300
561189704
220156315
659739041
523041131
816058671
754278822
651038739
272683815
192787651
41691630
213721776
549271229
201766376
560365092
757352733
713018746
576365377
314261507
636792889
201972947
258213182
948737908
821591145
579418404
356769051
286095571
300194646
690445670
265222312
887472741
519024069
874940553
749473965
212065900
245615838
729399051
622672788
627622714
291536954
421804579
102422008
679361044
808813038
286066097
774743261
152401973
408930068
279480604
912796356
121288371
636323971
600825051
704642864
461739707
99833057
531469512
574289567
88807230
737131135
626800104
481444940
400792995
114659587
750591560
716548937
97942043
265862801
352664428
214259154
842623120
158914297
312358276
625566873
180548943
520360786
835414761
512071597
589425440
83783032
666683139
236704650
418193325
245893193
839340241
317794911
664227263
919642631
454637331
107930250
801890480
398589623
650262808
374565935
744373558
446903356
581651056
51141138
137582499
572302799
749019780
567161356
481212785
421682206
152184075
589993762
207058116
895733983
634652750
311209463
837849516
431484134
160028180
490285237
560542773
809990365
261459517
178134472
108903985
712932855
588848810
686641277
669177737
362552819
370720913
339094410
422152938
397955781
475721088
225325402
574498766
565818802
366656835
461484745
678580759
532303045
669918975
323828496
480650628
488386120
762735484
81261924
459590053
788232371
323808722
698133381
393770732
246469346
319745320
699375142
606969273
222297897
388440089
210824617
88965567
405918010
758999672
633732575
796939890
288958809
596637291
756468263
805474539
128305976
47742042
375638979
409423643
158875495
800537327
906046375
363882146
655205304
604764005
355756175
431810923
178480537
526508235
241946416
373442712
774521218
302670086
788728001
648332673
177376812
76596732
538083354
516517422
525519828
449420664
379070845
826608681
305024405
670109693
208314146
243760121
367384525
545756170
192068906
228472319
828686022
342502741
169118537
489911154
752031181
309987260
259575331
121728935
708551958
642487655
99721055
633355752
634311532
213561865
746353812
597464657
414997725
370747206
482290690
613696487
146616841
854258887
532357907
774089706
725110238
391047002
234077846
551827125
747897108
508556429
882285198
815261904
470826753
563332560
391836075
480063721
511730526
779619749
631659140
132629833
563404297
947928534
383375859
697222658
229917856
381700370
718939136
691158324
724921953
362551686
333587395
149302780
878373207
353211552
110833674
412326046
612747977
414782451
367157707
749412093
418324793
459567941
204061141
651795689
219932706
288603000
765571910
104113257
603266249
451835482
212420647
418743772
308668908
618628236
448696216
251424656
154137844
384267583
634527348
251971625
222776216
82490405
743002291
305195485
395443189
630968440
659562068
286144299
438852449
461423860
388395076
911174515
712051216
275973503
458542045
517543743
785527964
677034072
813096717
90897213
684008110
659626733
152470609
805855234
76749548
350398330
223146639
194332745
696031505
67575455
274939499
369433515
302253351
454417216
456774680
726728186
554981905
463231342
155853526
596665754
270454839
554870468
800528753
236933502
628738305
739711621
552562407
276203221
588247484
589624128
245733407
259789652
562653629
258848946
502216840
226653347
275025068
372829404
631293338
698425074
412535785
589531716
737002710
407594755
247422934
808158840
602381079
737606907
465136189
397050783
560778916
577855883
522645073
394416868
243417480
317305283
317579028
264933717
320818610
650306019
347818280
349393329
468096548
668090684
466918753
386063214
503602572
506918990
90033416
278062766
727471816
346006208
115232301
354850129
280316613
22935698
254928534
549266962
202853635
214949128
205920817
760030456
665894855
536260403
217853177
171067500
206364115
299294845
915789213
854971453
587840694
386803427
48628405
613502667
611962335
662611543
804307231
493526319
138980174
831720077
676631778
235048621
68562267
661022075
510672914
164524354
665873768
198994330
474440382
281694612
239363770
250245502
232253757
804329673
574240232
571989594
382044046
306286566
592617975
586871541
670506257
899114046
563439951
841396440
391055049
382580840
319469939
74820497
450845628
634166790
642459441
363649745
135008304
252240074
349907210
713279337
782974143
557961899
560932545
313051622
403792236
587628725
697245966
246638975
494926335
537316046
800750875
290970640
615444462
234303049
719898464
165923155
552371437
723500920
497772536
313264642
131494243
435739706
509292035
329247726
660966542
271872233
272811608
583396899
573981616
278731232
161427156
115023593
936876000
810562392
606750511
237354110
608859859
266446993
634055713
735275753
326835328
626160538
227496504
608238393
580409664
623607109
368173020
657637035
666940381
506874019
263488477
770943755
310884814
13862588
694139888
732166839
863373879
322472677
894865292
465981222
394452361
860746170
157745458
373477219
694579689
623692619
890623245
445171197
474018012
384888562
584074263
779131585
467217044
417100944
307915833
284894774
462534040
236820959
741367113
651582082
892917174
286987806
159224477
185995026
466325154
501376701
299241964
739252666
473270765
194590214
262362807
176141473
452761357
361220743
222314766
120077961
581097075
80065845
500392032
647514464
451341857
264437232
555086247
746147336
319864507
697885445
428890866
226337188
671742291
327148026
382823508
965243560
373229212
581028019
240163804
378133296
36841009
624039478
373660398
130978621
317937995
363018340
511200079
262570971
619733417
176521543
458503685
210584716
743117571
599908246
234762915
592395535
770688156
122998289
304973267
777635079
210861304
616133103
255025719
263498463
830871300
612417815
687562112
460809746
298383267
125954488
503270966
197745855
833643680
302428660
532684195
566984775
454550328
309031542
387591318
102059062
503017789
413213725
809037185
499406566
514918217
525602058
276905329
551117837
624992529
624623492
429145620
249252526
441663389
813503890
524356606
677272092
530208296
595520901
175252057
791893746
399960108
695625931
124891024
218421658
624139139
410373984
516396044
641587145
912542299
557401513
646643434
424531498
454707323
658874798
468856435
939744268
575539685
423311653
672104804
415553555
562832567
68264115
434751484
356099824
624131201
394088219
491969385
454445255
371694644
290045571
75372779
485748840
209735334
537123682
746986561
183865237
60913732
563186410
732540854
917881639
237951469
556546935
457483054
438646254
816469346
72385140
757637498
160232320
183107613
192525660
35800856
309505163
304419517
338602115
636028206
901361819
514082759
241275101
258714148
577799725
308982180
207586895
369950793
594698883
638754667
562017972
207715887
555346787
398315320
29370369
436949267
384867751
185561339
243254649
38927626
426933307
48001112
538601728
310991255
791284188
609295913
173019795
394873290
127390492
449004971
376305009
772368899
94641221
331336931
287248627
152827603
286099973
564688889
141565636
113874919
273121684
736919981
671079612
320454697
319264313
916952998
133546144
784809529
94227524
365521263
715465904
141105172
409596264
618012268
483314863
905148165
580220346
646661864
541084442
740268261
205161975
511141623
223260824
476949892
429964768
655865576
808965132
260547153
525188947
694293590
803809301
78835791
748475564
503674097
165811303
500280325
31144220
598354241
232967269
606195644
433189543
450876672
193760349
228723256
590909946
507330433
603108280
500332128
774778617
574928822
264557136
591333686
405157185
348878538
703455622
172105815
483116237
409399269
268708867
801488522
307521057
443752439
440594175
392841889
578534982
369415956
552506552
360225808
644420172
522333177
277725189
131010830
741727269
284379066
486456520
894520137
500280122
270687293
301984882
264525363
398318118
757530187
774962932
180508941
548553815
242456304
279483274
287085156
259694655
439922316
628747032
714083768
399801312
245491580
604411868
160354560
439245316
196937920
496167448
816957146
207559835
817208202
746844048
626676235
684160332
564807655
595451137
893324899
827782009
292316362
178625932
819300353
194517990
205432312
333063258
615624966
691516279
797396992
297815559
330200407
833872417
172405167
780714730
240739137
617219896
395142598
599360104
320225462
302881594
435230684
717562226
432400617
166178746
724049871
642359924
810568012
404936849
379182690
452013449
553251306
190574662
402828964
116113511
796686529
177646541
449134610
775028742
397041967
616470784
233701921
181000906
652210235
221314234
550351900
600003195
513319584
556317197
521385629
231774462
193549818
539726561
754676394
532611552
437623284
367444146
124697394
447200321
192311466
505194483
247264029
544786771
146269155
371363663
667953974
537249177
577787785
501620775
140383025
841664360
847091563
227254122
768318528
822290054
815830623
230313662
217421956
264874656
662956355
458373810
259292456
500689249
404744202
200232815
436733771
455904471
301313087
403168551
336516520
709384539
223315039
471732875
610950346
870713076
590605755
381156429
232218272
749796338
810962818
842576189
834719115
290151463
320627973
228235700
785301963
769532948
632214850
232678075
64400138
407627030
687500963
250245267
515778575
726220917
240857043
770848849
511581145
787102570
256527112
792262506
415308577
712329537
202678731
299138849
374235245
318251560
675978766
614352485
536936518
298691550
778926092
96407108
527592145
554074707
799501513
272402929
192001569
388692408
377589898
696110186
100808596
583586964
286395124
182263170
383122391
311014275
685860293
222449093
13551187
236038972
626949094
814741560
595842496
597853788
494531770
501433063
352887768
425401562
187478268
546673676
37277225
614266504
227105908
231626662
80696831
609382183
238307562
390495532
819177118
359194783
343393961
590209060
201384120
643809192
168796879
312576740
28265979
396784964
476965032
642120435
51652289
783618990
528055973
364899119
342889613
545484320
394232158
459999006
272384085
310364154
460064833
315276071
340934874
497307357
668132421
489144997
385376137
855175770
230961257
786209764
260275391
627184170
640670353
194358304
265728097
180341876
283567791
665878702
194343516
148636864
836874291
424981422
732575016
160179411
851765917
279424999
835527328
358375549
613886488
526794501
284683950
759614407
292547402
245186841
185887951
736187195
149535010
576633524
452543643
119133822
79894989
517181908
251824136
244544720
480813082
239227372
697769563
428808561
64086771
600672333
656855625
739050625
375583593
301992403
323044199
435765102
274891888
936313698
787944266
183123081
636973246
163758641
350566702
77668924
611555563
140589834
828238173
301176300
594440888
349256887
661503185
849357389
791765415
646881376
392160130
332472741
295788962
890996152
142735049
842813805
397827651
485586195
580875706
595940519
278489577
281312505
253208668
372422444
575910791
342867598
161630979
254287193
854513183
322673672
770525631
222958262
368288379
487236154
286127483
427031716
132508551
123446826
537111689
819604685
418728530
498500825
206648773
323318056
594560518
926151475
823193448
825520768
141192016
168690790
563161864
246970500
345997231
613953402
454272726
136890931
384943305
555715619
650670341
692315248
380452168
256383923
523119197
614864689
517968860
441732596
565181072
438176966
373068066
555533522
419163416
264250982
581832232
131534403
783623560
547050205
162232584
341508220
633288539
399653008
554575193
747134942
542615779
558614494
578879723
242754315
707524152
521217855
857004321
366492311
237627087
489343043
579680174
522527532
379755608
509697808
43281198
691639071
612275516
346745567
397173845
594045132
546803224
362001279
468565694
538174380
119628552
672154281
391506270
819735490
769400519
308779982
158474070
489227319
410389010
435575333
789705497
145040057
181401656
434456543
824686608
535119567
415080905
451272257
506739765
470670581
569160768
712944843
508148596
295870184
586231873
389377784
381754720
284336066
123455536
714655458
328429724
351511447
728275669
676223146
729094649
699877053
717160077
238241541
116225059
777619235
427693440
568751910
346834479
370151798
354108106
194476547
505468111
585992135
422792209
356895844
241421331
575967717
919388801
722946166
333917946
264153201
789197730
892398692
