7491252
17737104
20291601
11076580
33213736
48760007
18932470
6018471
40782371
31799675
4441436
52446773
26713887
36191422
35154578
64527050
7531207
34408197
15368750
7196134
43175679
25206057
19707467
5359011
35486250
35832323
40649416
17238299
10575020
24251834
6558789
12088443
18799997
31853553
64173251
7171448
32163816
15507476
13816789
33706158
24979855
4202495
42889064
4538672
11760975
11525042
7285754
45355479
75217612
45642766
18494849
33829138
27062568
11970604
8381520
33793988
9709567
39117105
32970549
49146994
54509594
32995403
19523374
18937463
18106035
11794672
17918474
17768835
8615269
20329714
21342758
26609034
32819977
13952805
12571602
37450921
46550135
34199657
32963691
26111420
11990778
34572529
24076564
18735253
9855695
4280045
5046384
7620319
26129683
24478288
19165172
31936217
37194696
23174219
34997407
48522794
22312597
14372576
30748759
34922010
22883407
57199232
28762817
37506045
9959519
25229281
47853844
29180595
36503581
24222071
27384378
37581468
20610199
27659370
14794301
45561387
41436237
19345459
24858368
15843569
13940426
36904103
28893635
60615128
40215423
24304453
18408146
18992760
18690820
43592704
36462984
27743973
22723214
17158222
26533879
23891739
38707934
15132988
14199356
16658540
8122757
15625246
32184617
31699960
40910558
20163562
58374420
8656477
18516063
27035389
25925681
12077532
19495425
22473132
12651900
16877544
13952477
28608725
20235097
16908714
12876291
35948247
10355751
15055707
42839573
32455670
41074178
20802831
28967302
21214968
17267707
26003749
12359010
8394686
31109191
19331482
33914256
17237135
16005334
10284027
34114911
14536427
19230383
23815649
34322702
16287813
19261049
51234494
10672895
17110913
43281505
35421801
28781467
41718065
10434780
37646967
19455746
12831907
21032475
55986625
18032602
16146129
76071581
23519409
21226954
30485770
26674235
11109227
24101252
9230006
47592836
15726650
51529781
15794523
81413540
47407743
15604527
37751152
44603437
24040276
38903139
14664754
14994360
8358416
16027104
28511463
23495145
24060856
22188759
22066740
41136966
14410477
11279141
37671929
29782122
37817281
11148242
48670601
21274719
3403538
21386945
16623307
6387972
25358870
23450700
11200870
17223334
16095623
20267621
36370624
35319107
38968620
9678490
37978565
15135871
56929020
26345778
8528987
14811342
32109215
24984437
30024583
4801342
20802354
19782169
10745863
26393463
41360191
24313722
15244711
10862515
20244882
2044122
10185705
10531258
47018878
24755319
14355436
30067063
50287911
24016649
23910243
46601421
59228493
32424482
15089090
28772431
16708601
3722060
61255137
28424328
33273747
22074173
16807084
38640096
48721988
37227117
27259000
12787014
22864260
32691412
65060127
25439159
33220491
8265850
10018610
5967936
34367476
11279769
27808307
24202985
13160904
13562363
14678181
8936657
30189217
51347978
30763663
14428060
37610005
15676412
45818977
48283225
40604208
34764563
31706206
26650851
22187657
20629419
20452688
19292693
35012482
9774439
8368169
16679449
30718511
17754056
11715872
23158987
17148690
20103397
26062950
23294905
16610280
47405556
31616531
31632241
7989313
19489796
40629378
13794158
6011093
53719395
31028944
19006512
40511278
54262725
16078364
21337068
16106325
51263560
15289359
18215603
10933576
16993914
26823441
43037978
12319473
15865588
28233890
24774974
19449429
23427882
31948156
25264482
35009992
37433728
6218637
8058683
15519109
18937716
2910657
11316785
35772132
5558664
14214407
5577785
14947182
54093044
31309708
31037083
45742410
22470219
6529295
49306463
6796999
29737572
40425280
19972129
79540184
24790780
26473993
51617730
20841461
16228780
30258458
27808169
38368625
8491576
58912576
23576153
8280083
17784794
47639873
31448794
7940162
15876418
28848624
21137049
25831619
33789624
15133825
43044866
24540558
22805869
34169956
12355557
30030205
24171313
22524828
25146338
16045026
18945197
28970920
19993389
21208518
19587416
20984752
58830504
40375168
38273814
18595067
42914618
11003943
11359396
27695238
20602042
25814212
24936949
39854138
14681946
9957059
21981218
44401483
26619514
11354791
16072082
58316620
30780564
38879767
56946113
21183615
16911792
19964780
22351990
40171546
7990016
14849433
22012357
19561365
22669577
16916609
12896482
48961676
21696557
27313518
11131121
46263123
3735215
18998074
9602423
40956349
39321435
47459823
29356950
23756591
17191061
13779553
27196637
28988291
19347921
11207701
42174772
46534527
16038689
4475066
26396636
15329508
19496772
26906141
18567623
53347881
19690839
61455378
13971988
20418167
20799937
14182291
26357206
41790503
35233653
11934133
12019521
2371249
35520980
45924390
79241373
15958450
12553295
16196636
27084969
14528314
25004015
13199817
25649661
14193993
20595577
34520105
40516430
22365579
31383406
12714001
11917582
24032127
29341690
10384707
66581005
14055791
6078185
13195204
19517968
10743005
34639350
5938898
36567037
31194944
21110347
40192671
8859482
21915780
22781766
47999958
40834233
39604588
24193470
43755646
32610610
20998340
14774347
21092480
40512410
23753510
19466787
31162588
14690527
27881396
23759117
40308805
34696264
28807798
26325167
16667112
23472045
19076029
16954859
15357249
8671278
59849282
3736537
54395093
8325665
23353093
14852896
70405944
40102549
27961064
17289505
38367048
41830546
7542980
15919679
34406320
53721010
11750706
32882921
7514441
24674135
26729329
33296908
25019586
19491785
27126847
19057663
23171720
22811100
39571296
13930436
16394576
14698189
44903642
9296863
4434643
40732012
19916244
5447956
15458477
15701631
17349210
24744392
26751791
18194207
21971374
19727472
17894326
45343653
25700514
12805431
51017040
22355118
9662830
6456954
49192344
8973785
11142236
31754096
12846477
14567069
8969106
4133019
20042180
12561792
24974658
25791635
18414280
53786657
18715200
36803359
9403334
22609444
40424308
8542381
15417326
20071025
12857953
11259241
22629718
33015838
35452040
12891923
33103358
2475759
33404314
71961701
28575610
15284159
39520599
1854116
27169880
34483438
51255207
15540893
9607861
14368399
34119413
29729413
7303006
44050256
14513024
18557824
7983487
52436778
32746276
30852622
10747708
21986745
24573268
47245874
14656650
39132844
55460138
19288014
31679168
22447480
14035537
37184261
54684522
10658605
9232983
36648639
37365588
48116693
9247510
12885870
23564248
17566249
29588645
31713466
20560839
6982315
26451012
15701538
61776642
14776607
13005658
8047879
46897209
31893849
15304841
39747227
45800211
15802379
37242060
19085200
30495558
38307039
29096667
20148998
20466504
23104344
37310647
14621575
27329699
14099180
31337595
15234495
10815598
41906300
21771634
28788121
17763543
14893118
43733259
9069097
6488997
15742167
19169317
29366495
55755862
14826741
17727510
33932154
27293416
29320675
18971045
48432933
53924869
12734732
9247335
33102632
39486014
18769376
20644830
12285460
44189485
21355815
27378836
16791548
43234052
23550722
49045398
17884802
19937241
15370671
12958549
15164943
19617205
12785673
17639480
36262195
10753464
35656753
14828596
8058967
38436931
54005001
3660977
18847354
29955844
3932468
6339707
17906526
23533079
10457051
38926399
13628511
66765373
12413648
56352954
17942687
21556432
18850725
36453086
26240923
24966944
25390284
28033410
20951498
8407281
15535988
13434641
11909253
9199266
41534821
14690269
29804556
6927556
15962142
8624944
33846939
6988180
61165659
4949878
45520291
14775390
22348734
8794836
42012904
20799447
16144804
32259778
31234316
30795553
40425255
31243132
23806825
10431330
11449510
14232222
30606411
18514797
12235662
20467639
27668032
19893946
18560419
10518391
40968860
85525548
14341375
24606096
23527621
13354378
15421186
13555236
20527445
7869497
17989434
9451100
17536232
44911533
30005756
43123285
28832967
8285416
20869566
23326204
10625228
25764247
15919507
38469999
46557800
64804493
8540455
13248458
30028689
34339314
53637914
24295639
31313221
68762769
30071112
23851453
44243624
30639932
23298698
34881914
9556606
6327521
10468620
23019595
17473106
35208603
37218205
17640709
54111679
49125612
11683632
19421481
9916557
27161616
19365865
21774798
25144280
72551876
42113744
15791979
15175883
11162039
16122779
16870032
15397202
18778073
14048833
15603012
26616311
32726488
16937520
38051528
71601571
35847070
19436394
26716179
25186183
18041061
15881724
58581106
52435656
10771436
12700994
24307516
43351269
19201758
14633871
26917559
18315610
11127005
10720103
21653907
11933470
33280892
9362723
10543195
13446835
38735375
18815003
28676411
40963669
16701639
36650683
39058104
26181314
25754599
33060809
9392000
9655071
32969173
14180902
16362519
32988930
33713618
13269136
17675380
16358779
6865065
6522105
34688505
42262940
23796779
15930909
25629186
33998222
25579594
16850675
12403947
43651046
3954153
21640722
30056019
18673516
25849192
16083225
28021442
18942476
38616137
9729294
19119357
29251058
41580350
17028185
22960250
52423389
20656451
41755915
12973705
25129970
11658251
29911316
9340617
17517006
28439457
16623953
30315117
5333573
50060983
27163740
25855011
4926891
12887157
55336368
33372423
95750957
44040573
43388905
23880624
18340856
10082881
10305032
15104740
14603089
6832557
27006456
18674014
24873030
18743244
22535197
50311599
51356575
23689317
9601101
12008708
17605484
16938443
33598487
16179932
30552073
24855951
28748007
41249461
26113768
30786820
24747560
28047525
34641876
31097890
52909735
37528337
23689994
22584405
40903850
39834458
17321895
7470401
5866910
21723497
17778818
21660407
29791353
22685277
15679003
19864303
8550006
28135347
6051913
16427542
6393568
28782695
24152034
29175846
13670641
52481940
17156702
33190511
12213611
15416452
46713499
14069658
72221110
17225716
18417336
19062220
49438514
18577119
14545254
52286070
32720885
41249718
4844797
58550928
21063874
15418936
12833173
15840832
34569382
4405414
41974821
25909893
35383421
16375959
46415095
29955210
25896715
51888164
45374716
42919291
8810150
28498612
14125756
23970848
22723939
22004109
42647248
22832682
14561548
18640554
25670830
33733856
20331612
28309697
30222656
22266482
17948537
15504395
17486800
27372016
41454947
19497711
15023218
38098819
58382448
19989413
20527569
37663174
14995357
27589314
14429988
8251629
23660065
11742069
19605920
31312213
16672479
9612351
10759764
31513006
31009215
31933595
37680597
39216697
10076391
17098863
46147549
21831366
18757150
34239182
9095924
47260071
25157539
41928385
30012883
17807542
25249551
76243033
14209898
32924082
24328900
16438606
25661365
66462646
60225019
15078233
31212326
15641227
32056683
18709051
32328380
25755804
27238263
21015846
26813052
22474083
32770414
15042817
25521599
35284612
54932556
25368050
42883847
19231531
35435070
30774076
25533444
33108494
75216435
22786030
53542944
23832684
44468369
47817013
14919209
16086786
31132398
25419339
16521729
31485705
53364188
44715687
5787324
30383611
11710038
30151675
10896043
10896778
12977214
10396703
17567107
39646106
34165285
7247200
14833531
17948495
21024557
20054303
27807425
8420959
23803573
9089219
40512660
31166434
12426577
46081647
17931278
40867269
5811074
25298087
18790268
35240276
27712959
63112618
30337861
39209520
20358030
13271145
8017579
31520698
13025234
6399870
42547622
18582020
18604385
52065653
11908051
45707357
19804379
20023426
10318544
16829033
10369618
24433391
12162521
11853743
48251704
9794727
20319248
52221119
22549133
26418545
46243699
17095463
25829696
22276548
30288651
27776793
30833085
8908703
65160296
24665860
4978703
17209378
10480942
20120573
56009313
32325899
24273133
8178307
20507663
11505398
7412186
20315090
14863952
13272102
13359993
25002619
36091359
15272928
34012516
34658179
43877433
56254131
29873308
19234889
15513379
18382668
19214362
10007486
22298656
42950198
17771691
10588014
32398968
32620596
29302210
25052804
8679779
25259785
26246744
62431341
18996147
34821128
28300280
25768243
11939161
9185289
31494653
19363081
20521420
37112782
19063579
20458241
37695422
10930610
19301310
43327871
33145339
11495067
67682628
20345005
20195995
23404541
21035756
1864722
17982186
16650524
42099817
21957648
29778891
30859797
20388998
3421261
35367423
13997121
27087168
27530715
11766007
16737145
21451751
30793287
43592018
15112954
69607231
13136474
16191639
13957196
12278397
18049888
10180313
32893603
24130577
42892027
37901150
28038511
37155450
82403709
30873953
35283083
26129402
10731824
14489983
27686938
24669823
12342824
22466226
24185224
33911474
15771107
18510103
17698939
68654089
16584113
29812036
43759194
34196554
32048360
8347012
39404505
46553196
11299649
45884745
37500856
28753231
23899470
35853218
15700104
40671279
8394008
6068799
6967777
42543927
14116388
6208267
59476081
8229527
20802550
20865639
11065757
18381048
29071703
13763131
48827711
3023799
37717265
14093792
19941528
25269086
8770082
10747395
7753345
23289635
21043123
9524197
32321561
30187333
29761991
36414444
30080596
41931808
31527654
26622327
79272049
37621663
29610644
34824935
17314668
12837284
13462303
9406943
63543581
23048860
23546962
4782135
30420836
26167600
23763289
33405521
22068992
11682826
23372907
38893648
9841811
15364725
23290782
16820636
9955567
36057782
11524600
19687425
55090978
15247377
20741703
15222877
19175804
14958460
2445306
23135836
31131261
47052109
6362282
34615023
23125270
1968322
40352959
22204051
8950019
16149264
15667693
16950859
16255142
35496765
7643714
24039019
16758108
23446557
31993014
31738086
32966095
24554671
21143004
18809218
13739366
17147444
25472419
20028594
14162756
33014774
14042607
19878735
30478704
6002217
63210496
50209845
17480525
5897647
25991185
26755438
43019494
56997174
42520325
8265506
23330619
37107567
23619012
28428471
18319329
26731230
36670780
16848435
15733552
59150160
27181661
8210636
40792644
46427096
27306617
19976758
17291284
38395945
30670159
35378983
15039931
17287962
11279327
45349184
23495005
26472308
12765129
44729277
23321212
14342399
19558697
22422623
81293015
33684844
25147637
19868104
21577481
39524922
14149036
19179437
37975727
21524774
7097067
9000956
18832983
39861395
34419585
43053284
25445062
25001641
11672671
54882636
30050037
13132699
44165035
27648838
21318867
20343836
34489685
66984606
45487130
37467526
34965422
18590726
49505567
30838518
39802960
46163872
39243955
6628671
19045000
18649373
27608565
10861333
20746304
25921066
30627042
31325956
29934873
15887917
76278727
28956634
19945593
20881488
13844048
38102126
30267614
46509922
51812019
8840644
27499847
39885479
23946085
58483826
20873091
21508564
22176212
12666817
41757117
20369106
37299886
60075106
16457249
38361903
33409090
12563525
32497808
52489055
39799463
17905508
11572723
51953085
29863338
33799594
17704380
16960885
28186616
45652603
19479099
11174055
24526865
9486254
41694499
31230891
31945936
91277065
12695154
45151301
11575723
27076101
18771254
21618415
22110280
5410493
24907698
23182860
16581540
9402022
27016320
27520688
33073963
26745045
15354716
36817512
84035099
47723710
17984397
17619249
10034653
22648232
26707395
39855886
28446457
45852032
26487905
61435306
18887470
38084082
9482977
27637660
31100687
42317305
20945984
22438879
36440890
12140480
14553381
21327403
25674133
20093211
56792712
26766519
15206887
37665146
17130789
13083402
56776459
27390723
12599199
14118935
22787509
15877994
53213423
43471516
27270593
14053203
24777143
24616029
21997635
17336979
14331601
49898631
11331315
2027575
11483333
30174658
8121275
16767319
13060882
19203725
7345111
37932523
29428928
10600968
13196870
22753543
17977818
47181490
24998197
36700204
11069556
20445325
14783575
42284731
25212970
44282188
32521473
25838419
26517630
20432105
32746777
28147959
56294341
19067271
36964058
19750918
14212996
28735057
32907826
28535864
26335180
26592431
38967464
20445700
23710282
49475886
6902810
56580839
12595195
21913776
34348165
17379995
23640451
31425192
36046630
22480660
23077136
59974601
18174830
32168972
3802812
22176480
14316400
25413619
30719415
15176620
20537655
8501996
38459797
32218861
25417880
22871256
14255095
33189276
39676425
37237578
14283300
26519770
21427691
30887935
27323810
20541025
14055959
49070889
14243500
30172206
13256258
13083456
57188576
23824249
27208644
37149165
18209132
26224805
33630373
39293285
20416264
10857977
3157920
6807595
47918845
19711671
32147458
26472829
18571446
26708754
24141069
8558198
15067001
51272948
7817791
17206820
30898328
15596451
30160220
30747261
28755088
39232681
22332774
15663646
4981618
28897105
16627029
16852679
38768102
30426969
6029580
13334773
53260756
58105730
27567672
28124462
38803807
21775435
13423532
15162019
57656676
11880495
13923858
22612783
23079655
18401877
33400465
28594508
31733538
14817688
11728927
62132753
26681742
16410164
32066563
10093223
49550846
32226289
19867856
23367960
2878308
5061455
25232516
30064877
20820620
33078425
31802750
48832337
3372298
16700243
22882540
11185884
20818567
34259829
15225586
14282456
31499262
7658362
3876498
27282063
3582634
35433219
18430682
68148863
14478714
29682383
42542266
33432590
14239544
11387670
38019413
32958400
41839397
41022245
20491270
43696755
12370291
12218055
13554247
8741928
30553545
18680757
14349320
16318972
24843176
13322674
16415740
25869060
19884862
21372342
28261254
40508785
14345671
45615542
19653491
28968103
43599400
19707564
24309387
24743858
17947923
65369406
11320520
39597260
6030226
5093742
12490579
34559076
25866788
34342088
34948275
35329281
2740299
9654570
18228157
14106827
32570489
39733579
7522308
22428394
16992506
36985260
26208008
30558712
65120175
52783836
41065829
23889537
27193830
17072035
22893235
16242987
23791086
16508745
32433208
12897361
45019378
24653281
39604952
15115967
29384206
39497253
54229606
27418125
16225044
18524081
15673486
8502437
18623508
46735460
23470264
31843998
74482916
27151620
10726369
43671941
4163652
61289087
42979941
23912054
20644427
13386806
53972636
28404024
31907410
6842766
49028603
11645121
38996852
37159750
29974946
24880881
24731101
18041032
15203113
25409919
21236851
20218246
36115052
24201177
20589439
78329869
40562707
31838335
42626382
20944952
20841431
29262348
21599851
55052286
25176936
25392573
12608551
53928705
10821110
39531016
14822357
11854825
13323430
6337585
25569657
32266246
17366818
12743640
15047645
16272744
52181523
3938421
32316071
33988106
29197182
18950983
21501148
12039100
12232770
8002096
13461792
48848607
26471801
13514733
30277952
52423902
33681117
25451745
64406562
7975954
47353748
33129074
57259468
26253649
18178053
36068234
24806206
33045139
2958320
22272132
29163335
24052818
31900520
24714841
31062661
23555415
24798093
34339725
45955465
18237144
35313753
35058653
36858726
56209421
13927573
8082426
16109818
8540011
24169596
5008435
13878177
54786997
14421097
20528728
38706035
37019812
12452666
35493869
42848093
24258046
36825025
23752616
29361547
18645174
11735328
10296377
8434666
48401428
27009792
29426817
33789364
25677444
6209100
15103183
21772119
16904236
18822972
17781654
20722311
26713793
13459267
19965027
3593145
36096280
17469525
41184552
27559096
9096476
9723316
17982167
86817573
14182888
27286915
19356959
52443191
38097982
15816353
53420981
15384402
23849160
33734798
33718302
53486196
29132681
24995188
18403547
37412438
29396755
17015150
16370568
12660906
36067054
27769332
12123223
26105401
22452018
35362917
18839513
18314681
52290516
30286636
29376801
8761590
22797210
4219070
19076257
26374318
11499974
63000967
16082348
29879456
36246986
22908011
24832858
23585669
33147899
26907535
35460607
21755006
13105183
4262958
13279539
8460824
23814372
14528286
26364854
37311998
49892316
21450419
5834868
19338561
53683756
43390668
28147566
22767471
30706356
46768026
40141575
7586944
16961641
26568527
34074225
14021784
54833183
10779841
17887238
24492805
25291686
6234570
50176393
25872650
10729423
62100876
20458626
40245591
57021128
20161033
15969361
9509561
21106945
22670129
21134134
9844032
17369254
69663975
18897638
50673951
15350344
10702549
34081364
9424578
47883926
27197824
15662134
27867687
40849436
17387075
29754179
36132151
18478024
57755213
20964062
13417364
43144026
33494799
26837349
17015164
14200723
35181919
8603429
9869589
45816751
29734780
33770153
13010247
17820128
11275483
29253041
35059619
7846096
9559519
44391971
29801349
12360974
4098224
10859665
35286697
17787050
19090137
28138787
40702150
9757789
35804114
3790496
11149992
40362060
23197262
35054385
34728251
20144453
18115404
6818805
19078319
34752201
24477127
41517712
9929221
7858584
38928949
32296919
24443166
13961888
37958303
18303076
27511036
13141570
20305160
15658315
19612666
17845435
23031264
7301576
27954863
15575347
31419524
25251656
33944944
27755184
15142034
51531041
10535533
28337671
44954495
19270762
26984687
37675425
85721732
42351359
18808432
44271751
48596456
12126108
24889155
22187528
44140753
6913051
38402579
5157137
27428737
29621468
51396251
39795048
35301088
8601992
9724480
14234871
33728258
29896396
42838906
23662901
16455493
9899043
18506106
20607135
30126687
18529012
53888810
34640984
39012866
6211753
7889563
18227284
23589646
35368555
64410837
8120722
17080678
17778909
34770458
32411836
35915910
13224032
18545152
9656682
59785171
16789405
63360980
17338316
10727805
36972494
14746146
22811583
24813799
49995363
23492936
15634665
22639888
20065132
55599090
31573292
13973371
54252088
23042187
41865813
13354888
43920992
27333021
30080905
20999541
33817737
37561574
16648714
9581203
29876512
22932092
14184835
54164285
22222985
19761335
40352673
15368343
52219287
31107699
51257493
30335032
41627615
11513719
9177872
24050813
12420018
31197158
13792124
20932710
47861888
7215209
16794643
13480231
28465584
15133241
19061377
33441155
21440212
45305352
35790310
12922173
25141758
13381556
40371615
10892138
19506596
33065741
17538320
41187868
43263431
10879490
17511747
19559620
21273845
19620757
6745330
15551370
38870400
16234522
29738349
23625323
22583113
6322247
23631374
69814539
7243011
38353954
15864908
11003107
7180626
43646899
19346097
12585371
7167178
11800426
31961040
43625553
10186364
25728124
15693313
7801930
27960469
25267529
2774872
9124127
15204354
20785248
30796162
40623083
9781511
33436290
17918107
21458795
29589216
54425185
32176522
16273636
8479483
29112019
27871161
5650967
72357061
11422283
27905184
6829301
7341635
16237089
26956139
29102292
52512210
22791992
35011860
61143403
6753354
19160828
29724008
21346810
26730573
15636776
20588687
18978728
4631489
36137841
17470508
22303359
11535385
30812066
40788340
17983183
17096207
40217697
39637183
6529509
10580745
32514686
30330803
6217861
38581694
52828434
15507235
9018526
9091309
37423190
18510904
33673485
14986469
30484303
18824707
32095367
13057163
13038163
28218558
32513310
19439756
15323714
34588721
6030897
13907667
19020534
20298730
40258827
45098070
27812172
10917361
46201306
23353842
17403234
11883708
25117838
22019252
32593256
36089709
37095082
44331450
19428850
65566678
13898460
35464793
36435707
23000885
32861816
22560196
9500345
46507507
16280280
6248900
5742381
20705426
20254312
13563555
30599383
18569693
15410322
14425887
23412159
27255199
17001050
14021985
23997323
21071585
51400291
17352199
37774467
5949307
45074414
3734519
15489867
23032584
28145353
37302095
9137004
21573111
3704286
21870242
4511543
33359169
8315497
17918842
27699326
9739710
30729440
11932640
41117669
56652958
23318320
16185928
8206414
48758821
56322542
29724798
34116988
25169792
30812995
21470755
28722995
13678435
3609479
35098589
24887379
29674648
17813416
5915601
2352158
37542356
11912791
44145733
1224731
31256741
31923440
22303762
16516636
27346545
34070183
29481886
35779157
23152859
47453112
47725815
42768816
40456882
17350441
10016171
16656429
27017565
12421982
40272697
38800072
41097897
51979459
11180869
32146052
2885419
61722359
24913187
9786207
7973549
61913254
10274501
38451364
18322134
26526663
50309970
41100575
29208612
11271582
19681765
18033039
9392076
11831678
10631211
15310819
10333641
19385234
14677472
12769708
3145930
45095026
12475519
11173361
23018292
17601933
20631669
12954603
14908763
18662844
11227843
22833332
40175341
21174234
18600568
31667461
23467580
37348302
12447315
7895711
12003921
19038412
33235286
19794216
24070852
37979792
30460985
31803473
24583704
13946506
23668646
30326009
10684132
21787682
13407628
19251011
17015434
29619892
13740973
52990378
15392158
31328975
16613068
12676405
2865298
17866226
51289382
25823682
32597351
46264901
19910660
34037092
30766054
24781656
22179971
15506208
60747037
27445966
19115033
22897619
27113967
13160149
28679063
27393064
25888131
3550088
14095633
43404552
20534221
14647444
30340192
17873949
11059609
27467540
63255874
10348061
15447532
9364513
20110516
6172395
19177088
16342492
34143601
23889597
18918648
25430546
17886990
43095074
18617221
14908247
59791127
19279813
20117657
27630489
6043567
7743332
15227057
46995555
20079134
20722067
15326450
18099183
29569369
28559201
28613711
17340248
44675866
51495042
30241321
17104583
33667971
8561869
34197236
13818478
41663265
9854329
51719651
38657178
12926908
42471429
5524152
23646519
49921068
30132122
22052324
24398343
76117935
44007815
27501171
18908247
22955840
35902788
29287219
17058101
44975779
21509599
36950950
13374602
59546337
22202209
29527721
5803176
9473835
13771041
24189006
36277027
20156300
25406245
18503195
45976188
28225961
33247361
19271950
40405876
10307176
22984555
15937560
38198426
11816544
20016277
12119197
15244626
31948244
50326035
25311951
56972602
4060520
28269943
45724353
32424854
28134751
19811588
22675260
7571277
68820859
54063537
38639616
23762373
13107035
31301533
24716494
11752718
7513286
49341781
22747906
36653108
6127078
8664699
49395322
13273690
14249376
27483674
102089443
25458178
42785844
50713802
54263031
21040388
9792550
26238888
10957587
13384940
24730656
12043761
20922247
28865064
33076509
72113237
36738111
21930625
39358097
7695381
28748741
23507296
26416961
34651739
17734544
33475771
26315886
36163656
4403412
2945233
35339491
22570541
36537235
42842418
7058442
21012573
30843985
10424789
10815095
16459363
73121423
19681956
49369102
32575788
29938533
13545028
36749889
36317253
50621535
40881496
17186915
11982749
28381783
35352791
55791367
14504561
51294628
31058776
12900782
32547975
36880968
35085059
49221181
18095172
32551914
17805003
31578012
16429377
13707071
14170211
32811452
26699806
32410434
8838989
10502715
30245085
37799105
13035777
15336178
19592958
13708057
21926471
14339942
18345815
11033927
27056258
39848069
46289326
30869691
12111565
19061996
18218868
15427091
15391082
25840207
36056615
20297527
26703077
50004788
32515261
36721841
18816184
35568606
33681046
9880582
27473956
20067995
34462445
23436339
41482087
83839526
14802867
13064427
32760155
16513856
22350641
11339073
48262011
24486625
22050074
9420345
16510440
20260600
7437549
41345098
21031079
12540499
13309757
18665300
17238158
26049261
35865807
39394835
31148634
18035783
48250494
18139400
9683836
47405867
29461076
10595008
37346036
9625987
14519954
22389671
11103821
50928158
7693665
30873152
22695220
41857728
29326928
48719675
15431287
27068281
28868513
56879862
6920885
16930338
35132451
16641407
6129111
18342196
13460982
42422867
18069041
25455216
4576330
20616852
18020487
39870417
24402616
22085182
42497907
34869483
42232413
11902027
2925176
23672513
47332531
11065510
48697595
11023714
13777625
67100774
27432629
24256295
13928878
48741896
10177304
22302901
25959922
19963415
32099492
32274243
42401427
13975684
28783940
19486916
88006365
23211424
29810356
5870210
23100836
15927314
45203837
24636507
19065721
23451702
34047297
59390200
11263077
15512655
27110228
11164312
22628959
18598171
20918837
16997674
13396406
45706721
23130027
19027940
30881724
9514718
10811883
18839517
32737740
10530246
46283153
38800977
18593362
11812387
21644372
11322143
21664139
8321307
70819446
39217659
16495349
25722312
21766194
30014857
9950912
74104737
27315962
32526697
15823123
12435111
15242559
7508136
13599399
28178158
16624013
21985398
23565679
25134288
21841932
21498752
19151826
18895469
38434526
9749776
15300062
70733248
15676091
25991383
20531473
64962063
52648258
35740720
35752465
17232845
12270753
18990488
33611605
16619317
27285381
22516217
16448755
33723527
21505369
48718268
81243855
20689702
31179531
15475905
21708130
22312688
34751422
57168429
38945976
22959125
63194464
44429773
33950023
19983905
42009841
14887292
11541847
15510632
41972708
38477462
37465036
13454688
11260805
27957653
33157222
61672426
28723454
16983001
33943364
38336592
18926096
14082004
25291427
17575068
34829449
19812963
11196228
46190229
33348202
42203628
39385603
16617540
6251422
25007088
12456345
28064242
7323332
15402650
48639193
19696863
21648145
16739374
15218348
40738295
9930148
9368454
12695479
13494279
34495549
32667462
25183987
21267514
15910258
38840095
34123054
20229545
30492268
26249589
22425022
12253401
30968671
28908787
36718039
14452298
40264166
29667416
26419300
43814209
37311101
19798681
32058071
21107444
25992339
21098281
28965758
7109088
27307542
24214806
39157655
22431487
22990372
34202330
19289952
25885470
13400656
53978140
30244524
37127537
20324659
15112495
25631624
10913752
25108771
36259497
11692040
20018071
22203865
18222817
21717007
31055793
16195219
42553819
27962919
28605565
11753164
30219995
7266328
20951539
16110230
26863280
25584789
12094325
13619511
29378896
15415226
33913599
51544120
30251000
19134550
59647870
16463685
14975335
73045884
27118431
31768721
23471942
13558883
31564274
1725556
51019976
15828068
22805463
28152447
23080230
16057176
13105208
17148239
48533588
14322985
32535396
21552290
17559876
21597971
76383623
41695759
18339693
45805615
10965460
31312381
18307990
23631499
24716799
29819139
29647313
11332308
24991524
68216631
39110615
32422931
26488681
33016828
8998032
44203143
26050496
25104068
33902022
8128098
48902786
31332398
24665586
21765918
61654878
29996011
30417448
32102550
15935165
52986836
27196914
9185590
13572275
10206831
4602939
19432251
37214052
18444418
33724292
13421563
30516064
26242682
7503849
25169092
28417767
22618589
8083863
11454866
14765454
13056502
12092906
49937260
9490408
5465648
58436058
20746704
15584451
14209185
33965141
25829511
44832374
13838014
11248607
62934828
15199511
22767761
14979001
4491934
22487978
21288986
11320254
14668786
30268882
6264263
26544208
21685914
22718704
13007509
30152440
29847715
44706020
34845934
12310141
4927056
30715951
18140151
32379302
29764148
64088713
19962567
17809925
11310663
46372492
17651520
20568988
70159042
23944499
11891744
17464916
37254046
18872770
16140132
9107277
15604557
27599802
15462377
27020560
8550069
22606903
18301788
48978702
14283130
71288424
20886267
26568846
33365733
22293892
17328694
25312086
45577839
16956618
23349274
5591201
7335271
8840025
29708982
9055497
8638919
24273828
26655105
26883224
21176250
24230530
18790841
7073263
24766513
19816530
10331973
19764573
30232884
12932228
26014335
14396072
22469311
24354499
27234272
24982074
20156478
45516901
32151589
13319532
9208833
20394742
28170967
24979482
13229099
72462533
11360958
31916006
33913834
4892539
52360194
9940198
43197830
18967722
9773923
9140339
37588640
27511267
14538811
23509056
9700613
32537846
63059613
13955369
5463419
13413038
39140177
10790992
32946548
53957310
17960847
29419189
23440117
35104059
21504615
44427001
15697681
27246942
30114237
15615232
44319997
11491417
13415196
17847655
34382368
14305746
18859197
31686536
16380599
16221110
28953858
24618427
23136350
25697332
32256667
16744264
25603471
9428658
37535425
63664779
30575473
27800401
7595051
23186450
24747383
26267245
25294572
22429190
11071307
13086455
57437081
42689423
43973998
30043519
34175937
35855594
9063013
23325647
7150946
50186064
32036563
5556195
18234936
14145332
17647770
10629979
5311889
19030277
19099431
61186643
18724851
41068585
11047192
81600557
36977679
23752814
18277841
10775524
23933880
27306995
32810199
14450692
44873213
26701714
23667116
20269888
15833277
28483762
42546033
28343622
46444679
14711498
11967616
19051505
13910020
27079708
16446188
10386400
29282668
14986074
19178349
16402164
35568975
30766608
20664955
37454594
15437272
22377174
34135836
11956868
14391041
49412264
19210627
25286958
12126073
15536840
17017587
4483498
12322949
61185319
10613121
34149738
35309178
36898897
16629240
20533097
20556380
11241126
49406262
23309610
13070746
30893603
47017196
18063186
9848643
6923551
41310276
10508628
58301442
12638760
30534354
10861251
17320290
23897313
9366727
33392652
18614937
48574286
17626727
20539592
49591022
9350695
43340939
18808347
59784464
16221695
24883715
64074231
28749201
25601474
36024977
20557160
32056285
54495551
24152874
35493520
39258728
16909219
8872486
20934156
21541856
24467145
28343715
28393534
4437744
19185413
17130243
44523616
17254252
6066339
20811403
13124145
19552008
18929497
40502535
14012815
11838275
24984322
75064525
22073284
31686912
11472542
8727603
30378811
35723024
21094357
21698025
21252281
21723170
14260672
25650429
9494212
12152624
14653046
28109142
50431196
26728216
27684959
29565311
21117818
12130570
11684146
27573557
33670988
22774658
49845252
7667796
16962203
16196580
32771580
32066414
12353242
11840039
11545208
14395060
22185450
24361789
26360472
25820952
38804075
30407660
30058555
14215760
15592414
12292477
25872251
17043350
7746749
64069339
13704021
22435078
5966416
21777570
19728081
16452353
35247384
25492232
16102264
36203317
19727923
17986928
35050474
25272111
12857449
40073382
29892834
51359158
27784197
26377222
35762938
9918361
18045942
19957541
16734327
32591753
20761715
31805688
20638174
39523242
32900147
19160470
36075271
7717619
40921675
47914154
8706324
15761771
23246711
14426462
51430576
38963669
7354884
21504463
16193398
7500764
29130098
48415316
33638334
31844271
5428542
15493011
11739186
15666308
9155497
72897225
9012221
53547400
25170853
40233866
44598178
24349847
13552190
42114056
19803998
12433896
19209758
60048559
20963135
27148499
38748982
29104693
71371715
10640637
34293760
23450345
45448258
15242662
14818930
10511677
30349406
62940608
62757995
16178637
64438516
7283278
23728120
38279288
19527078
26944722
39704298
50476244
18300510
19760194
14604934
15641237
6335099
49741730
18599963
19703790
17211731
15993400
10202271
21816653
27030157
30519201
41308030
28910198
53337036
13988296
49887210
82593477
28192236
17756624
26213154
23061318
59202558
55137931
38870169
13802918
32111840
30953374
24530599
25724552
40974597
8503389
24180896
10415325
44794641
38750353
7835542
5846722
22702580
22531137
11315240
30762375
10454020
18594863
33426792
21422998
19887660
30854163
15710911
34077866
13938580
18310127
18621472
12268180
9726959
38090980
45992470
61911685
33253827
43739941
8724273
60963512
34978913
34252574
35497987
50031283
23697792
51692941
28161889
37793641
37885392
34224007
22117193
25322390
28656937
13361563
48289123
26270261
13047284
40645154
24591383
30533156
27726433
24628970
51353664
49246431
33356967
53396528
13372060
16892922
19611866
15326729
27286891
26070652
40069550
4239606
30862068
40463128
22021836
37696771
25387659
36865104
21203888
16455712
28790464
25208214
23171589
18597436
11783235
38904799
34628062
8167143
28271314
24439392
19688678
10389350
68001439
5696792
23202887
12954039
16522235
40345307
17600547
24388767
23886178
12919445
29232272
17191523
54823515
51147778
29448313
29641799
34426388
29660907
22375816
20117745
4084478
25739660
45422520
19616791
54189629
27190519
23630287
12397991
14214195
11807293
10281530
8773046
42645786
15472236
10241361
16686174
21409478
10088680
8076943
12632179
36565593
10963965
26448944
40538368
17284004
27710195
21213750
4533191
21941317
23804777
16919895
27246358
29796986
8968832
33554780
17275095
33765707
40784122
10174744
12763054
15363501
40143802
13733235
18695199
15466380
42635669
22811499
43950962
11789896
24462878
8390527
20990347
44163967
33831769
54817638
66277645
35444367
16811614
31240287
22975063
13224215
48131915
21959466
23143187
20921915
30607312
13694312
13786051
36728918
35520292
18255436
23270424
12707707
5275751
20701848
26481481
6738202
18035069
34534087
13706672
48974284
55187183
22207206
28040563
29993173
39820905
13823948
28961537
14307173
16418712
8634565
2348412
16727445
10497575
20726394
20260766
26652143
17814826
8939724
35035228
16783193
16424129
16908699
17609821
8088692
29252972
18491199
37413766
56507608
10021189
31123511
35901000
16853320
23844465
11603779
38453112
24266843
11580012
39669664
18084781
10485586
21820369
29001085
11252499
1803778
29495611
18269232
5909349
21438564
10883810
9864380
32700431
4765865
18895198
53989002
17093162
25291390
21722354
14552819
44734902
17777451
22660485
51732139
40025190
19474507
18624255
29171279
23485645
60649326
29755852
54969446
51961396
23875289
6463574
44044384
29692019
14042382
20476328
9163245
33772518
24018939
9945484
41169266
27611575
27411073
11436196
20781119
45445511
37055529
49884772
32336213
38745063
34543347
25613180
22734629
13648576
8246300
36430761
55488078
16403852
25305938
28428919
15117051
33381586
8427773
27560053
9484355
38940896
23001236
51126747
34232421
32826291
14188636
15418353
29261804
19513163
9623176
24721520
46197960
56301039
17857235
24167299
16104464
29390405
34375964
88648817
23231196
8896052
28438085
48135773
43989860
30344109
8895694
7335585
30276058
18429526
25429579
37831466
37837079
34053689
14253203
9584264
26990592
37998494
10964674
33518591
12499619
39085370
10404736
30427109
11463958
26373142
45747175
20333355
26697783
44435655
12122575
24250678
14258624
6562320
38582777
22898095
10269888
17901668
22742792
29876696
31439957
8444883
20795362
50202841
14847268
18025366
9871566
16262282
12937845
33922587
7341586
29059697
28387893
16811560
13491645
25974335
9703297
28407878
27912686
43025165
15403279
34298980
47890278
26794955
34830933
32305616
11771531
12849904
18830211
4091969
13852757
45374472
17451528
58438215
26744890
12126397
27514754
18085466
56665877
28182200
15747535
29352749
24849166
28178279
29327629
42673755
27729784
32038656
23673747
9988025
17239209
15182231
29334539
32060580
3754557
18291511
56994673
37513022
20436347
55284249
6707503
45359700
12739220
16234243
23566783
22437626
44308289
13067817
32123336
24940208
28214509
22389726
16396392
33541733
8585891
18757649
17089879
26342660
11378133
10903353
20567178
39280417
21640207
38496741
42035152
13535185
32670960
17735701
27261551
17297823
19378377
15551804
22623667
23278560
50604618
4722279
48594159
22141157
22640236
36946761
20996511
49730408
11899173
12495608
36855815
17960609
18642523
1982500
14461953
47316910
19749117
19269257
38406862
12125143
24303980
26401813
39453224
25246391
36865250
20357154
3797696
19835902
15344419
18520074
52249881
32612602
16597923
1860665
17953494
26055663
19394224
6005252
60589132
19317219
15221288
29740911
18126943
23493656
18300504
17843761
41873449
17167303
19440020
27491117
16987946
32385841
29692360
15698529
14511243
20565676
16364723
18688421
28606810
63113885
10100558
28844159
25490874
44661472
21762561
24921451
29261848
92612407
20095703
18387304
19663909
11596654
34582338
20946599
14525993
12568135
19073089
4325116
20253088
17358209
10113735
27891848
20155867
11844289
13280777
12195624
13073233
10258843
8762136
22823282
11753803
42398111
20794989
10280788
30192979
26101380
18147157
25605144
23554211
20169993
40443676
29236791
26300007
37790983
14482440
22607501
24953368
38216791
34730032
36178979
12327326
7122015
26840454
17042392
23516569
4454331
33446736
5738947
96159293
26692224
7586033
25489551
13075781
14094613
30688284
33842523
4799400
5760444
37853084
31239120
31853796
38355725
13557201
13900090
15599742
7431681
25628223
18782905
9594559
14149180
25659948
20824026
29967814
28878657
28164967
32034162
3741936
20526084
35895722
54331006
21713218
18581999
37530796
10951540
28077876
46732929
31390928
54215703
13728739
9486946
17888465
28380738
20888031
36166523
16601874
62025461
28894001
28945696
35539291
13677030
39726139
33991819
33498891
20461909
38412895
23656206
29998997
15290621
34024918
24569280
32079944
57013554
6653126
33306287
43966438
19701272
52632584
23641236
21315296
25842855
21434366
26957517
32654542
23740394
2185804
37351546
3128186
44024350
61652282
10166002
7442611
43479916
28366690
35543028
9007920
15112504
35724807
33703520
28779257
37096476
34843583
27660365
17774539
6106404
21346322
9086863
34931133
20088846
47237223
9748909
16457092
21440065
12065927
16549839
32850665
21932590
33079025
10578677
7106578
23787308
79157131
16981306
79789562
8916740
8304166
27881627
9404474
30198857
14147685
15073267
62675922
51060480
16202608
17600181
24040469
21066711
26826605
10811761
11150159
47600108
16301833
4831727
35665159
27121533
29586337
27342601
8715323
21745747
6324363
23670595
31937135
33012433
39496717
32045870
43862087
45367271
9923589
31697261
84542443
10593260
33759384
57329695
35152102
12852711
51395166
11163997
36083128
10854113
23702749
33278830
44547793
28995507
8407990
29206922
16613743
12059950
8214008
27095865
7223049
25089779
22196715
26709444
23056616
41659001
4496358
14541220
25013557
28891473
28396464
27565310
24127169
21223714
14597801
11249508
23377068
15447519
18104219
19152303
22207899
10618854
9106637
29044226
38254109
32670666
14048832
30941324
12566686
30000353
46575313
17087949
23739696
33452490
48537109
39441359
39693411
39174151
22919419
6183296
21310614
70094053
27177514
6136291
26506921
44634530
23233407
22174789
33733272
36802109
38736167
23850490
8542437
11691866
24342683
39863497
51749303
34486737
26511716
21126356
22518191
27611585
54458580
7074417
20823957
54391106
29055440
12928681
59007673
33594152
17336696
17393526
11028771
17338639
35759225
15393318
26433209
47215559
27996604
16683648
10784661
32245932
23149132
32331003
34215317
13399400
11211557
39601620
5096356
47250577
47828914
4487139
9758036
13479502
21479509
17364933
39830813
7961502
23350680
13647964
27207267
49954231
29457288
19614381
19546028
24179320
27661051
18683383
59840021
6031971
20409998
11840910
58661200
27320524
15143522
12487203
49021021
15773080
22550468
20143125
16775604
20389631
17580250
63934045
33226078
12966722
17583513
41340980
12212575
18980310
19818027
29385223
4761104
18342353
10990325
4165110
13626845
36223898
28193293
8724306
11846705
54254222
30711941
58301384
24888166
58614040
33133545
35058779
32644280
9853010
27859597
28478896
29403715
45688064
17972222
20512221
31275185
14676380
34732151
18528822
19711400
40178590
30526341
35247696
22297650
37619667
38050795
32562183
27500897
9695256
58777485
17849230
32313249
41498973
45637388
31803422
51732795
16329284
7311868
10948078
34537179
26484070
8088797
47306542
45592537
24110766
25285266
12413739
21487125
15147328
11254050
37625997
10142174
36095994
38413696
20667175
15046631
15999962
50712265
45585043
10491262
12206768
6952490
13775201
31553391
14260107
26627233
63300153
16459983
32913630
16516339
36726042
36313069
25058584
13050799
44747758
38751758
19615241
43124615
4110560
29241975
32200519
22870364
16681042
11066826
12012181
38217479
12732414
29914575
17020442
24466711
45345709
10959561
39006000
25044637
60149746
22303661
24869530
17585878
6731342
16162341
16566198
16821052
22683513
6875618
8432204
42389095
19697464
21941374
7693617
30784516
7216449
41953346
28369199
15045458
30255539
30053494
52923935
24462554
17285568
17171644
10094637
22984296
8883771
48396762
29186194
34596844
47219642
12487113
23151042
23747499
14271800
29420789
20159031
33879249
54609438
27133055
41520200
11183240
30790722
13253688
5998367
9601284
10302433
27262749
18245333
7134277
51555220
30069840
19803865
15681958
38317566
37741525
33111289
27728861
21367489
20059075
18982400
19796865
16556077
52426394
41634223
20653978
16096878
14622420
43824105
68427754
35967943
14058890
7771552
5744648
15575679
7998836
6486633
28273285
18642162
13702598
39716383
42780288
25248270
12090806
24205477
24312987
12923847
21292595
17959466
42455488
32837879
42868454
38655819
30801947
22447524
69257836
30367597
38921171
23422564
26661204
11985816
23195025
26531107
26651458
28544448
30994940
44277956
31415766
27874932
13011199
42225036
29871870
38147141
14725472
9642850
19447582
18301833
7845242
33265967
45123719
21383576
26752009
19123233
29687447
17522333
42966899
22658241
44104261
14681526
12945847
25879006
7521793
36494555
37431745
9297874
7519520
21710147
57402384
29242224
25932145
50451081
28788341
39552240
12157874
16899936
28735499
29571927
9840913
30091722
36549814
11348450
26256229
20103418
58425496
42852135
30963778
23922449
16737767
5428951
6770428
19254543
58790111
51571488
13322350
35659667
24625740
34374101
39913427
27443879
13087502
27776149
36040685
24351243
17647540
13474672
13547430
8239305
16679524
22847546
22313693
22703091
29724456
18252670
352087
15127581
34966790
21671106
31251122
44283322
18248471
69530799
7987222
44279663
23867087
54308671
