3180777
3874257
3676606
1775576
1530385
2281001
1739411
3112703
1373057
2746862
1406063
2130392
3219954
2154553
2262209
5035002
2290140
3069698
1520968
2066024
1071863
1202588
1706011
3661085
1324865
2401344
3189079
4228785
3082257
744422
1533730
1017922
1897536
1296868
3369455
1783859
3942849
1148557
6527765
3319057
1637725
6420619
2848741
3908697
949625
3790968
3659123
1290746
3454035
2710568
3005951
956318
4046611
4995791
1178251
1831589
994838
5935961
552414
2635463
3467476
312039
1071691
2311987
1805517
3023526
3516164
3330538
4202975
825291
1413993
7602449
1723656
2718561
804599
2261199
1661056
2153348
2179010
2070543
4003812
1510725
4735154
558392
881040
5623236
862092
2378007
2908355
2831665
3079506
1207294
3565456
2838283
888205
968184
2680255
2173618
7316565
3953621
1360195
1756980
2842066
1312336
3414044
6520353
2080253
1751200
1780080
1720725
2296995
2115839
2220072
3397428
1911336
1051006
7418209
2135622
1928564
1917862
1347374
1865483
778874
1293896
3167115
2952990
2376082
5149302
1315035
1760624
5265943
3508966
1681891
898691
4992643
2978799
3956135
2078351
2207124
2445748
7471029
1276337
2478319
1882710
630803
2327629
1325013
2951012
1016000
2147552
1586525
3176849
1525224
5321510
3295484
4052265
1037639
7735625
3032658
1874288
2015938
1707787
2910165
3147983
930912
1737509
1552761
1569709
1521825
1495577
2728465
610547
1410675
7125100
2147398
2393918
954438
1761302
3524315
1086375
4853986
1071144
2294521
1529436
3691908
2572485
1478599
2194355
329356
4048167
551212
2343381
3002765
4686623
994315
3881749
1016853
1785125
1845238
5530083
1660461
1640028
1805092
4155809
3719601
916340
2609565
2433492
1210801
1422432
2081401
3963717
798102
5724256
4080283
3788773
2074372
938067
4412146
1283389
2706419
488974
4322295
2993567
2147164
1851997
2488861
1548337
3043561
1504878
1864432
1253961
2492585
3703770
2567350
2663670
1251037
2382204
856419
2874288
1291579
1881482
3513696
2811382
334846
2278365
2200211
2163055
1353585
1415796
1347631
1676001
3524388
2086726
3199581
1025725
1886175
2888226
3283317
2873197
2038221
2481412
4241287
1038286
974525
1577667
3415608
582291
1366195
3963560
1527885
3712255
697593
2122917
3559745
4564047
4711601
974306
1885276
3969401
7157069
3456094
653765
963777
8852660
1889915
1880356
4769219
1505813
5282155
2940799
2592640
5842720
1725932
2227664
1657407
2026033
2316353
2510652
1357256
742560
2020355
1747603
1398537
1869666
1057842
3134816
2554549
2905721
1442785
2397494
2154076
2900153
1688215
1858229
2539003
1190095
738609
3501379
778641
1035637
2872656
1143999
2986980
4698447
1133429
6452370
2547913
3582985
1215987
2458553
1778905
3078006
1456420
2849334
817129
4209411
4044140
1940351
6449506
6460235
2022429
3743709
5164015
3939077
2169867
1571660
1962364
2975032
2675663
1269684
3159928
1518029
1365333
4405219
5541352
2666380
3415743
1353083
2251210
3284809
2634843
1386241
1560794
4566250
5530614
3815084
965475
2341358
4041170
8334720
2068391
2957838
994640
6380792
837369
3748237
3593975
7846519
1762727
1969562
1220351
3893450
1820406
1393419
919172
764529
2365185
2704964
1676787
3555028
4599133
4859339
2025662
1971794
2473023
1967250
2520363
1302186
1737040
4364996
3599673
2703766
2199034
1125012
1129139
1000148
1283840
1107256
1441149
907258
763942
7266258
1899335
1481687
564194
2527308
1109939
2660348
338863
4438930
1583722
2952486
2288326
1368145
5820284
3830641
492089
3368995
1722832
2630514
593313
1623039
3345637
1481155
798436
2669183
6015441
6290179
3072018
7416368
2197002
505147
1732827
1302042
3446393
1299126
4585595
4047528
2491117
4348205
6082098
4100138
2241725
1756454
5393335
3765509
1174499
4998947
2119919
4121294
2337315
2368653
2266251
1554413
1512917
5560032
1738820
2499339
1426967
1483808
416490
3416398
3364702
624498
2732240
5138556
2419854
1491117
2316156
3449270
3429593
1332816
1871411
5271002
976743
2194564
2514213
2543598
3272349
1379144
340172
3419446
2038409
704136
1842218
2559079
4270438
2422459
810645
