16
200
18432
96
1152
768
108
25200
192
2400
5280
384
80
96
1200
192
368640
8
4320
240
144
108
180
462
1600
4320
576
12
32
96
5376
792
15552
128
72
2304
80
72
36
6
96
480
48
720
48
208
26880
6912
30
6
1536
192
16
24
60
132
60
3360
128
480
384
3072
6
144
192
2304
840
5940
2304
384
18
360
168
3240
10800
2304
1008
51840
352
8
576
16
28000
576
4
560
6048
1728
2
4
96
576
864
64
768
168
2640
240
384
168
4160
1320
400
35840
13824
72
60
1260
84
128
200
120
576
3168
18
216
60
420
16
4320
576
240
11520
36
72
16128
320
16
1400
3600
864
1400
192
36
54
240
5544
640
224
270
12096
256
1260
2160
12
96
4
72
3240
120
32
224
144
48
1280
2688
72
960
144
630
192
24
30720
17280
112
864
4
180
2160
1080
336
12
10
832
320
5292
2
288
320
192
5760
16128
360
300
36
192
168
144
2688
1920
48
144
60
1440
1728
12
960
24
1920
2880
3840
48
1440
640
10800
144
96
8
1710
88
96
72
160
24
24
240
108
192
4
528
3840
48
288
216
36
32
36
9216
150
80
6144
160
2688
64
48
120
24
2880
320
6400
60
360
10080
400
134400
6
36
1600
8
576
13440
288
32
24
1152
48
60
11520
3168
432
7560
4480
614400
4
576
216
2640
36
864
36
36
180
840
2400
72
144
6048
384
72
192
16200
864
48
32
8
1536
168
16
288
12
320
32
24
10
17280
280
24
864
72
15552
972
24
840
2592
54
3840
432
12
576
1200
256
80
540
2450
64
720
80
2880
2880
4
48
960
48
24
15120
21600
6480
24
800
48
14400
72
144
84
3024
128
320
120
64
2520
40
24024
8320
320
18
1728
1680
1728
1920
360
36
256
1200
7920
9600
13440
768
2400
4
48
480
140
5760
40
24
672
60
704
376320
8
140
176
1280
168
256
8
768
12
640
16
6912
31680
1440
720
252
31104
192
576
5760
40
1080
864
400
360
48
168
1080
160
100
2
192
24
12096
342
160
2
10192
648
1620
8
180
3600
144
1620
9072
240
32
256
96
30720
360
630
3168
576
144
18
1260
108
24
96
64
36960
72
40
54
2880
1152
192
1728
7560
24
144
24
30
20
56
168
16
480
8
768
864
5760
96
1260
32
60
12960
1296
240
8448
18
672
90
48
64
8
144
6
2400
23040
1440
840
60
480
640
3072
240
160
120
1440
1728
24
5600
144
3780
3360
144
4320
72
768
4320
12
6
120
24
288
144
112
1728
360
1728
96
20
168
2400
2016
480
40
990
432
44
2016
4
192
2880
624
72
5040
1980
6480
10368
80
1920
8
320
120
5040
32
60
192
1536
6048
280
12960
30
66
432
896
72
24
28
576
16
8
24
128
192
48
96
4
48
120
960
480
5760
96
240
1280
480
480
4608
480
240
80
60
384
960
2520
240
24
40
960
576
60
3840
1728
20
180
768
24
10080
11232
2880
44
192
5040
8
96
144
180
120
360
3360
288
1440
36864
128
2240
6480
320
4320
336
12096
1008
40
60
1120
1200
384
8
60
1120
4320
18000
24
32
3072
24
72
384
24
11340
512
6
192
66
168
96
54
120
9600
60
672
144
288
288
2560
8
640
640
504
48
216
22176
560
8
200
672
360
108
120
15876
1280
168
1800
112
12
180
1536
264
240
160
640
4032
40
16
108
36
112
2880
36
4000
1008
1728
16
113400
288
2
120
86400
24
1280
8
144
384
36
30
90
1944
896
256
96
48
54
36
20
960
1152
144
48
180
440
2520
18
32
18
2520
660
720
1080
16
80
6
720
2520
960
60
11520
400
288
120
12480
336
16
12
3840
160
1920
864
840
24
576
48
360
96
96
300
672
864
216
25088
2592
288
3000
64
192
2880
576
864
13824
400
576
1920
384
640
448
128
3360
260
256
8
360
32
576
96
480
1512
48
432
288
16
1296
96
4320
32
288
3200
36288
352
4
8
96
11200
672
8
24
1680
2520
44
48
1800
8640
12
24
1280
2304
840
1440
252
160
30
256
16
576
6
80
144
480
384
14400
8064
96
10800
384
240
512
6912
720
432
48
8640
90
128
24
768
560
12
36
756
103680
5376
7560
3072
1440
1600
900
288
73728
12
3240
112
96
960
5040
96
240
90
36
1248
64
1080
640
96
30720
288
168
672
360
8
6
640
1400
90
32
208
12
64
42
8960
9072
72
240
80
624
480
51840
48
19440
8192
48
16
216
31104
32
12
180
720
192
840
46080
240
840
20
24
720
12
72
648
6
108
20
432
108
4800
48
89600
160
6
2
1536
36
40
16
36
160
12
480
1008
240
60
9504
5760
240
1188
256
256
960
288
64
200
360
144
72
96
594
2592
3840
160
5120
1152
20
1792
96
8
756
48
1008
240
16
4
360
1200
16
1800
64
8640
80
576
48
108
640
216
64
36
624
480
60
1920
128
1296
4608
1536
48
240
616
20736
72
18
10080
800
240
48
11520
1080
24
252
2688
96
48
216
588
88
48
864
2838
2880
24
756
560
112
24
60
720
480
3072
4
960
8
288
96
192
480
100
36000
24
648
576
8640
8
4096
72
72
3456
2304
32
12800
864
432
3840
8
4
20
1344
648
1620
40
216
128
672
42
32
40
8
360
1792
672
864
36
11520
10
107520
2520
1536
41472
6804
270
4
24
128
1920
18
56
48
9720
1344
128
1260
864
16
4800
16
1152
16
1400
224
72
128
8
540
24
6
1728
72
192
12
192
216
5400
480
480
704
2100
1440
16640
10080
1344
288
360
16
4320
20160
128
25920
2160
3520
168
6144
32
48
24
960
8
420
80
576
8
3456
5600
60
4
240
9720
672
1728
192
864
32
72
384
156
140
120
360
1280
1440
900
24
2880
8
48
576
128
9072
2880
528
432
1728
6
960
20736
704
4320
20
54
320
480
96
1680
3920
200
504
12096
360
180
51200
8
120
288
96
1920
416
32
72
8064
1008
4320
260
9600
432
2
336
5760
720
53760
96
64
48
704
144
3024
9216
288
1728
2520
6480
576
576
3360
2560
12
40
240
36
400
1458
72
288
120
1728
1152
3840
288
120
96
16
6
1320
3200
2880
192
6048
16
384
288
1728
120
864
432
1728
5376
672
144
768
864
216
7560
576
300
5376
3840
96
504
900
18
324
744
48
96
32
6480
744
6
21600
864
144
240
288
1728
80
320
480
20
108
192
43008
192
960
2400
16
672
54
104
36
24
96
1260
20
1152
1440
896
192
60
560
144
6204
2304
72
756
18
31104
288
240
2
20
2016
32
1800
8640
540
160
480
576
80
48
768
20160
320
200
480
2400
30240
7680
640
16
5760
2688
192
2304
576
180224
3360
1280
12
352
1080
864
3520
6480
24
8
960
6
2240
80
720
1176
5460
4320
112
48
144
180
1152
144
4464
4
360
96
216
108
24
22
10368
11520
2100
216
432
2160
2
1400
16
336
8
1280
3360
9216
6300
432
2100
576
8
72
96
128
6400
16
60
24
256
896
320
32
336
2
3888
1152
288
72
624
6048
144
2304
12
12
80
32
72
1080
48
6912
24
40
288
864
336
192
480
720
160
784
1152
24
36
25920
320
12
1440
8
144
80
1200
54
192
320
960
7200
8
12
480
20736
80
48
1536
768
192
320
36
54
24
8
24
96
40
2
216
7680
120
1152
560
96
288
540
840
11664
120
36
12
2688
48
160
1260
48
26880
80
1440
3840
3168
4160
1344
2880
48
32
24
288
72
1024
1008
200
16
2
16
25200
2304
16
864
24
1800
720
24
5040
72
1960
16
320
48
57600
25920
40
75264
192
1536
1440
720
2880
336
100
2592
648
1944
2
40
162
60
9600
384
300
216
1792
132
6720
12
1320
36
88
1680
15120
18
2688
270
384
36
4032
216
48
360
6
500
48
60
240
176
24
720
84
16
40
36000
8
630
32
12
66
108
24
288
17280
144
20
1920
24
360
100
180
320
384
25200
1008
336
1792
384
128
4
384
60
1296
6720
144
48
288
112
8
36
120
432
12
96
48
28800
3360
112
576
448
5040
16
128
1280
360
72
60
720
2100
12
128
576
12
2520
40
336
6
2016
12
720
10752
168
1920
60
2916
17920
288
324
144
288
280
96
864
480
6
4608
180
96
528
240
96
32
40
576
72
240
1200
1152
56
24
360
96
256
5040
5040
176
16
960
1440
378
80
840
96
144
360
48
2304
1440
1200
16
144
40
288
128
12
960
80
18
54
32
24
240
216
10
768
7776
9600
16
30
36
128
2880
3360
2160
216
33600
4
12
32
294
10
5040
576
24
1152
144
192
6
5824
384
6912
1728
1296
8
192
264
12960
107520
5040
9600
14400
864
1440
108
11520
48
10
51840
24
1152
108
6144
320
96
240
12288
48
24
11520
2880
16
24
112
128
5760
180
480
5376
120
32
220
36
768
240
176
70
3240
3840
2304
11664
1440
40
1440
4480
240
176
64
384
120
168
240
4032
864
576
6480
160
108
2880
192
560
12
1152
18
96
24
360
504000
60
126
1620
120
276480
42
504
12960
440
2160
108
64
3200
128
51840
180
12
1152
2880
324
288
72
480
10
4
240
144
8
864
1440
2592
120
32
4320
1200
1350
48
28800
576
720
1296
2160
48384
1080
120
2048
516096
864
216
96
32
5600
168
1800
7200
384
384
108
210
40
624
192
4032
1008
96
72
72
704
1152
10560
108
300
720
1152
384
10
1440
72
56
64
288
144
36
16384
8
60
80
2
1400
16
120
25200
61776
240
80
28
2592
5760
4
324
1536
13440
4320
4320
72
72
6
2640
864
72
24
32
5760
720
160
48
144
4096
7560
80
48
420
12
2
24
33600
360
6
192
540
48
9504
648
486
27648
60
12
20
672
48
432
17280
336
18
108
8
3780
140
768
2160
120
56448
72
3200
168
176
1536
216
72
1152
264
23040
24
2288
8
1400
240
40
1920
3840
24
72
4000
4
2640
30240
288
324
264
72
240
864
2880
3072
576
3960
360
720
80
192
90
3200
384
12
640
25600
108
1200
640
3696
64
64
96
6048
2880
12
8064
880
12
2574
11340
40
400
64
210
8
1296
1152
2520
3584
16
3024
280
270
880
2640
1152
22
1280
560
36
8640
1008
600
96
4860
60480
80
12
21600
1512
4
288
16
168
490
168
480
16
288
384
16
12
176
1600
600
21504
120
192
6
3024
4
840
384
256
210
5376
480
12
144
1024
144
48384
576
36
784
96
180
240
576
224
576
384
252
24
7680
5760
2240
72
36
2496
88
5184
576
6480
3840
1152
72
96
360
540
3072
240
6
12
80
48
40
288
144
144
384
64
160
768
432
40
15120
144
288
5184
128
160
2016
20160
1440
168
192
256
2880
560
96
1680
192
1296
960
2160
672
3600
924
24
120
256
24
96
1008
432
1680
48
120
4
864
20736
630
5280
3024
2
216
176
96
192
3600
12
1800
680
60
7680
32
24
8
72
1320
216
2
648
216
192
320
7680
224
72
32
672
2880
56
240
320
756
1152
2880
672
44800
16
64
32
192
8
16
2880
24
576
216
3240
144
30240
840
48
840
1920
288
560
60
40
480
4608
288
128
144
96
61440
288
1248
384
480
64
960
3240
448
2160
2880
1920
64
108
9408
3360
2400
36
1040
504
40
132
6336
264
8
3456
2880
648
672
72
1200
48
36
2160
16
48
10752
60
12288
240
320
288
882
192
1008
240
48
8
120
2160
21600
720
112
48
1008
120
180
6
360
64
198
2880
12
672
96
1152
960
72
72
51840
240
1440
43200
8
3600
1134
9720
180
1296
8
4
36
576
20160
240
1080
1344
256
90
120
1260
2400
4800
576
72
576
576
90
144
307200
120
96
72
36864
10752
448
15120
648
48
32
200
54
160
1120
120
240
60
6912
288
8064
2160
1512
1920
96
324
5760
672
17280
240
2100
10
960
80640
3456
48
48
192
576
3200
24
480
288
24
144
108
4320
864
24
12
2560
17280
528
4
1296
2520
40
2016
7680
132
1680
64
384
18
576
20
240
216
2304
288
1536
24
12
216
140
1920
36
69120
960
1800
896
3840
160
3360
720
96
432
144
108
77760
240
128
6720
540
4
112
1008
768
64
192
640
576
2
494208
9216
336
1568
400
288
18
1440
2304
2352
192
60
288
64512
12
576
7680
16
2400
432
30
80
192
192
12
8
2688
36
96
192
1344
288
48
48
48
100
1728
2880
240
1920
60
720
720
210
50688
648
4608
256
384
252
360
2560
72
960
24
180
360
1152
1764
12
432
176
2016
270
168
132
12
56
960
288
144
40
576
40
8
12
32
2940
60
320
18
480
32
864
96
49152
4200
4
120
720
12
132
4
32
192
1440
12
96
4
60
360
32
96
72
12
8
80
6
16
6048
288
12
96
30
6
288
80
1080
20
30
20
280
6144
42
1440
240
8640
400
20
3456
1920
480
600
112
288
16
768
24
4800
1200
720
48384
40
192
128
72
240
108
480
168
84
240
256
4
384
924
48
48
360
240
36
192
72
96
1024
3200
160
90
240
648
20
360
600
1200
5184
3456
256
48
6912
4
1728
120
180
288
240
104
1680
3600
576
448
320
432
540
12
384
22176
48
4
2000
24
96
72
440
24
8640
450
1080
720
432
48
3024
2016
64
16
6720
1260
72
1260
360
108
12
576
32
64
32
12
60
2112
96
840
1800
144
64
22680
1280
2
42
198
90
1152
512
1536
3024
576
144
40
3240
288
8
240
1200
161280
810
54
2160
12
10080
720
240
576
1728
16
480
1120
22680
10752
192
960
115200
2772
128
24192
48
60
192
5184
54
4320
960
60
480
144
10080
8
19200
2304
960
18
480
126
72
32
24000
18
6720
80
288
240
36
7776
20
240
320
360
3456
16
13440
1728
36
7680
48
448
24
70
25344
8
48
720
400
48
4032
672
1008
400
2200
2400
1152
252
72
40
16
12544
72
128
29400
72
7776
672
64
512
540
18
4
140
1152
216
2160
576
18144
8192
16
17920
24
12960
6
504
36
36
540
24
672
256
6
160
12672
96
31680
2160
288
1536
270
126
200
8
24
480
576
96
96
414720
1008
5184
4
10
256
20
64
240
16
48
72
192
432
10080
96
53760
6
3360
336
1728
24
864
2688
18
21600
8
2
120
1440
256
24
144
1680
84
1080
144
120
144
2592
16
92160
72
600
800
96
2
107520
1120
12960
36
576
5040
1728
360
20
144
288
504
7200
960
120
25200
432
32
32
1440
168
16
64
12
768
96
18
20
8
1440
26880
864
4800
19440
480
16
840
72
1260
6
384
18
12
48
24
16
18
12
80
96
112
1440
96
2940
160
7776
768
2160
72
720
48
15552
144
54
40
1296
140
40
9000
768
24
432
12
3960
160
2880
960
24
12
120
840
48
8
768
924
300
36
120
64
24
14400
96
5376
960
2
25088
288
1296
216
1200
10
23520
3584
34560
88
2880
40
672
2880
960
240
440
72
384
324
720
112
48
14
512
420
540
108
24
480
576
192
384
3960
5760
48
48
432
1584
1920
420
36
126
1680
3456
336
12
286720
96
3360
384
640
1440
432
1152
360
120
72
48
1350
4320
1344
64
8008
8
96
12
864
480
1680
18432
1260
432
1296
2304
1152
24
32
756
4800
3600
720
64
4536
768
24
24
21000
40
240
108
960
1600
96
120
240
1800
5040
40
648
48
840
13720
7776
336000
200
4
30
10
22176
16800
72
1152
90
8
480
2880
288
108
100
16
384
1848
36
378
80
3840
2688
16
288
8
80
2016
280
180
240
3360
11520
192
2592
256
288
1536
576
64
72
48
5376
216
840
448
324
9072
24
5184
360
1152
42
270
28
72
84
864
2304
240
128
704
72
480
6
2160
252
48
2688
36
90
432
30
144
48
42
396
576
576
480
5760
6
2304
1440
120
24
8
320
32
84
36
144
1440
19200
960
192
72
7700
3024
1152
10752
48
1120
4
6
40
2880
20
576
240
1296
288
768
960
144
768
960
48
1680
8
440
16
108
56
210
160
8470
7200
1920
1680
16
64
504
360
60
576
768
3780
216
61440
132
720
1920
448
18
270
144
64
864
384
24
72
12
840
576
5760
4608
20
1152
144
60
30
144
1728
40
192
864
84
15552
12960
192
1584
36
240
240
198
64
540
3168
1008
88
2880
504
32
4
9600
96
32
800
384
2304
2880
16
6
4
8
864
6
120
96
960
66
1800
36
16
144
576
648
864
108
72
72
192
2400
48
1440
96
36
1344
120
18
26880
1584
414720
240
24576
192
168
1512
2400
384
384
1680
320
192
144
576
640
2880
18
384
3360
300
3456
9600
48
5760
6144
216
120
3840
72
2016
72
6144
3072
768
72
128
960
96
288
3840
112
60
3584
4608
64
144
864
18
32
120
840
2880
4
1176
64
2160
96
1152
3072
11520
4704
16
1536
288
16128
20
1680
6
80640
1536
40
720
480
80
16
24
32
140
96
216
16
4608
103680
48
384
540
240
432
40320
5184
256
4
128
22
240
864
2880
92160
60
1792
360
576
72
2016
6480
432
7280
960
1120
4032
240
5120
252
80
960
4320
7200
240
1800
47040
2
4608
1152
720
40
1680
960
144
384
1728
360
40
66
4320
40
24
1584
240
20
216
240
192
420
480
48
108
60
1920
112
384
36
11520
192
1536
30240
32
576
64
60
144
21600
320
80
8960
768
6912
96
1920
1728
96
240
96
2640
20
420
864
288
80
480
288
400
300
24
960
360
70
768
32
240
480
480
11520
48
864
384
416
960
36
480
18
1664
32
1728
3456
24
24
264
192
96
32
1680
108864
96
112
576
1024
320
24
24
414720
120
3360
4800
1512
12096
128
10368
192
72
72
198
4200
216
1260
11520
2240
3840
600
1280
384
480
576
36
33600
40
192
192
48
560
864
2
144
300
600
8
3840
1400
114688
960
54
2016
432
288
960
20800
896
320
24
1440
26880
6048
8
120
144
288
720
160
9072
56
120
36
18
864
16
40
672
21600
12
48
2
360
8
96
576
12
3584
120
64
4200
256
120
96
288
12
288
4320
84
896
2304
2700
24
480
3456
7200
336
4320
12960
336
120
4536
864
360
360
144
924
48
90
560
8
6
4320
16
6
4800
96
32
96
180
1440
528
40320
4
384
24
2304
1056
288
240
216
7680
288
48
864
32
256
144
2880
3360
3888
64
336
36
288
360
294912
1024
640
8
24
1080
7680
128
360
12
648
6720
24
120
240
32
6
28
1920
432
16
120
47520
3456
480
240
72
96
120
576
2880
43200
8960
1200
112
288
4
16
12
2880
90
64
32
36
80
480
2
864
6336
1620
24
40
36000
10
70
64
4
12
16
96
133056
48
32
864
1280
48
6
44
20
3360
16
600
2520
120
72
1152
12
72
384
288
96
24
5040
84
40
8640
4800
768
72
12
576
1512
15552
36
96
420
80
1792
1536
6144
10752
1680
72
27648
1512
64
240
2304
64
360
4800
672
240
96
432
144
77792
19600
384
120
3024
18
48
576
420
360
30
15552
1620
72
384
84
12
4800
1440
2400
16
3024
24
48
5760
72
896
12
2352
12
720
1792
270
48
1248
864
48
40
144
2400
32
88
256
300
13440
128
64
768
420
896
60480
216
24
900
20
480
2352
144
72
1260
72
720
2880
192
192
48
60
960
140
30
144
1920
720
24
192
4032
1152
1080
480
648
40
120
11088
432
864
240
384
180
54
8778
1080
16
2400
3780
312
6912
30
640
96
11200
12
16
12
6720
360
1200
29400
48
10080
96
229376
1008
192
64
60
672
15360
576
3840
360
8
4
2160
1440
5040
86016
1680
24
17280
1152
308
1560
4320
432
16
288
4032
1536
160
72
108
192
840
720
1680
48
216
20160
324
1792
192
768
1792
64
10080
88704
1584
13440
126
256
576
8
192
96
36
168000
1080
48
1440
192
7776
288
7680
192
1200
8
2
52
120
126
840
360
80
16
24
3360
8640
6912
192
432
660
6400
2016
60
1008
320
36
112
168
90
1728
432
4680
12
38880
192
128
6000
24
480
168
90
12
288
90
4
576
8
144
6480
1536
40
40
16
4320
11520
96
84
528
20
48
980
864
120
8960
96
24
128
36
96
480
144
576
61776
1920
1440
8
720
6
12
288
2592
12
1296
1728
216
96
144
161280
3072
1800
384
144
672
3888
128
16
36
576
24
5760
160
224
3072
6480
720
144
60
1944
144
120
1536
1944
26880
96
6
240
504
144
480
144
24
120
432
2880
4
864
2016
360
1152
216
288
2160
4200
8
288
144
80
11520
48
240
288
672
1620
180
8
48
288
2240
7560
384
120
288
16
32
3456
40
756
960
24
10
12
4
60
1152
120
69120
240
192
6
72
120
48
168
128
480
192
36
768
864
6144
36
5120
216
768
1120
864
3696
96
264
320
16
48
1176
360
72
16
40
96
64
1728
4608
48
576
288
1440
1536
168
1296
384
30
560
8
103680
432
540
72
288
96
72
128
90
480
1200
18
15444
6144
4
144
64
800
900
56
108
2160
840
25920
8
120
216
12
2880
20
2376
300
61440
396
40
1584
240
48
12
252
1440
90
10
8
1664
5760
1296
448
32
5760
126
120
6912
8
24
576
1080
512
6
48
8640
48
864
144
69120
9720
960
24
192
28
32
2160
3024
5760
2880
240
4704
960
28
2160
576
384
36
64
96
32
192
1008
4
2640
2048
720
1320
120
480
40
1152
2310
9072
720
1440
72
288
400
360
120
1152
120
6
8640
336
1440
144
96
216
144
504
24
320
144
360
4320
504
4200
864
1536
112
320
192
96
5040
192
128
1080
40
144
2560
128
192
252
864
7776
70
3360
432
8
1200
8
144
144
12
23040
360
17280
540
5040
200
8
2400
540
924
360
120
96
8
12096
64
140
1296
12960
30
288
5760
4
60
19200
96
80
160
192
48
36
432
48
23040
384
3240
40
32
1024
1440
36
280
99840
2880
8640
48
576
40
360
480
448
96
36
1344
112
270
72
224
44
48
7200
4032
8
1920
560
28
7776
5760
1728
128
6048
96
1296
720
4320
16128
64
72
280
576
480
1680
2016
23040
66
24
24
12288
3456
2880
16
960
24
176
32
84
192
200
80
792
34560
6
24
144
840
54
864
352
12
1728
4320
80
40
5376
192
128
192
168
96
96
2400
2160
128
360
72
3600
80
320
2560
1430
1680
990
46080
448
96
512
4
24
1152
1800
21504
4480
48
96
384
53760
300
1152
64
322560
320
300
288
1176
60
8
288
14400
250880
20
648
432
72
176
120
432
384
252
120
2592
4
3780
5184
7776
1512
40
32
4
1440
168
48
240
1440
24
2592
24
576
192
40960
4
23040
180
18
192
8
120
24
2304
30240
64
96
216
8
72
192
1152
12
240
192
64
40
1344
1080
2560
120
38400
25920
38400
3780
8
8
6912
5184
144
48
288
36
960
80
512
240
2688
48
864
48
160
192
11088
6912
144
480
36
96
3024
180
24
2
288
252
4
860160
96
30
24
32
576
5952
8640
12
96
8
3456
61440
864
144
108
10
12
7488
2016
576
960
2160
4200
320
3888
56
240
1536
32
12
64
96
384
936
7560
24
7560
96
96
144
1440
60
432
1008
180
288
96
36
720
1872
960
12
6720
4800
36
224
96
240
2016
14400
128
8
120
960
432
48
36
48
1536
96
10080
8
2
96
16
3456
196608
80
4608
160
72
48
24
80
20
8
480
378
48
30
11520
2688
16
1008
5760
16
120
4
96
40
36
360
1728
73728
28
32
240
1920
40
30
1440
72
3456
9216
5760
420
360
12
864
1728
24
30240
80
201600
1248
852
144
2160
36
6912
184320
768
64
1152
120
5760
48
3744
4608
18
16
4320
72
10080
2592
14976
648
1536
1920
800
23040
36
1296
1728
51744
432
56
128
4
900
5760
48
3456
23040
16
1152
40
1152
160
32
2
60
800
144
24
92160
3840
60
16
864
324
48
216
16800
1280
3240
756
12
192
144
2520
756
10
160
384
420
576
36864
60
480
2400
8
20
3600
90
1152
1080
576
432
5120
16
160
960
4158
512
192
24
12
24
120
320
192
8960
432
9600
24
8640
768
512
24
264
60
48
396
160
3840
288
2160
5120
2304
40
120
128
640
2016
1344
48
192
5040
336
8
54
448
24
8
6
288
288
32
720
936
24
21504
1512
36
720
384
128
648
576
216
72
288
3240
108
1120
252
48
138240
80
6912
2
336
1008
960
1008
864
144
24
640
336
96
280
144
40
24
32
16
480
324
384
832
448
5184
48
42
2160
36
720
1540
3360
72
280
4
1120
8
180
528
504
180
576
6
120
84
6
24
27216
40
2016
4224
48
96
480
15360
9600
504
3360
1920
64
1344
240
3840
192
60
3456
40
288
12
16
420
30
1440
480
5184
32
16
360
128
2100
16
96
1512
72
12
1536
1680
12
18
48
180
35840
480
12
3240
3840
1440
512
112
144
56
8960
192
14400
112
2592
960
8
90
19200
14112
252
967680
288
46080
1020
3360
4320
192
336
56
288
192
24
1296
15360
31104
48
1536
168
2640
1760
36
2688
504
362880
600
540
2376
24
432
1512
96
240
12
120
20
32
160
48
96
6048
672
3402
768
128
59136
688128
768
21000
16
132
36
240
144
1728
2
60
5040
40
6
12
432
12096
24
90
60
2880
2
360
1152
16
72
756
576
128
900
768
48
756
1800
112
288
60
180
720
12
216
54
104
192
256
28
3456
784
416
8640
320
4800
4032
112
360
5400
640
320
432
64
10368
480
36
1024
2304
24
120
108
3360
8640
1152
2880
12
3584
768
50
1728
540
2
900
672
576
128
264
320
12
90
18
54
14400
1080
864
3024
896
23520
60
6480
960
672
480
36
640
40
1728
28
432
24
480
18
576
90
96
12
7560
3600
96
2880
13824
188160
384
8
5040
480
42
180
6
32
3360
4608
8
4608
960
192
756
96
96
20
8
36
18
4
560
864
4320
2
1440
1152
168
3888
2304
12096
36
1560
144
9600
2
12
2304
36864
48
24
360
4608
480
12096
96
8
24
128
108
896
12800
12
720
4320
672
24
288
54432
6912
144
72
240
2592
720
72
18
5880
120
1920
2880
64
3888
360
864
2816
18
1800
24
25920
96
5760
1152
1200
6
800
64
1008
64
432
54
160
24
240
16
224
1120
288
2160
2880
540
2
64
1296
6
8
960
144
36
240
17280
192
5120
36
24
96
800
672
16
768
40
180
216
48
144
7680
576
2688
2016
12
360
128
4800
960
800
756
5376
1440
48
216
384
16
120
6048
420
2
400
1944
32
864
80
8
12
24
144
80
360
80
360
360
480
144
576
2160
576
54
180
2520
4
2304
3780
216
96
16
32
4
32
72
960
36
768
180
48
4608
24
576
196
2160
240
9504
24
60
2400
7680
9600
576
1440
2160
288
720
480
32
12096
9600
256
384
252
48
80
288
18
7680
18
64
288
10
192
8
10
288
192
240
864
448
1344
16
36
1024
24
288
25920
72
176
12
640
3072
12
1872
480
11760
192
216
96
216
144
648
18
1080
48
1440
62208
432
972
60
96
4800
96
40
8
1344
7200
72
1080
3960
840
80
24
15120
108
8
1440
144
8
16
288
600
24
840
336
576
15360
48
4032
360
216
92160
8
1440
48
220
176
192
4608
230400
48
192
3888
120
384
60
480
23040
144
12
12
8448
32
1920
4
12
840
48
4224
280
192
24
32
2592
480
960
96
144
1056
6
240
54
1728
160
960
1536
44
1536
720
128
2
48
432
10
2016
576
2592
5280
3840
7776
2880
18144
5184
20
96
16
5760
360
5184
1440
576
48
960
480
36
252
1056
216
24
1440
864
12
24
1008
1200
2016
144
2592
72
16
48
60
17280
576
2688
96
1728
288
56
49152
96
36
1120
10080
96
48
290304
24
1120
1600
2100
270
336
4320
1152
36
576
480
1680
480
18
288
32
80
12
224
48
256
112
240
1440
6
3600
216
840
55296
16
1080
9408
528
8748
480
20
14580
2160
60
1440
1440
96
576
2880
150
144
576
7680
192
384
96
2880
1680
24
48
3456
8
8960
108
8
96096
224
40
576
32
252
280
40
11760
600
480
6
1680
288
6912
144
1728
17496
1024
1152
72
6
72
1260
1440
4
15360
2800
52
20
480
4032
320
2
192
1728
1440
48
24
60
180
2
120
80
180
420
64
540
2592
80
24
1728
24
18432
11664
84
12
3136
288
56
384
896
252
36
432
20
32
1944
480
1152
40
160
64
216
120
96
20
8
336
80
576
384
11520
640
48
8
96
24
168
2880
432
324
768
32
1320
2592
48
240
1120
576
216
80
32
48
24
120
960
3456
12
300
24
8
16800
48
48
384
32
320
2160
20
480
616
7680
24
36
672
200
384
2560
24
216
88
48
108
160
12
144
1728
2100
432
24
288
1800
48
384
9600
216
5760
48
6
6
5760
216
72
24
384
80
27648
144
432
1344
30
36
98
144
384
192
198
72
72
115200
448
6912
8
2304
180
252
12
672
1536
32
384
1680
120
112
96
1040
840
2000
120
240
3456
3456
1920
576
48
64
192
420
96
360
800
864
16
576
15552
168
8
1728
82944
12
630
64
120
64
28
864
6720
7056
288
1536
16
7560
512
20
864
12
20
432
1344
270
360
2560
420
23040
112
20
3456
32
192
120
180
14
4
16632
144
96
1008
32
2520
320
8640
8640
36
1200
12
864
252
42
1080
320
1680
44
4608
1152
80
160
240
30
336
896
288
108
8640
840
12960
192
960
624
768
16
144
2880
18
1944
48
3888
12
144
2880
264
6912
8
288
12096
432
12960
88
108864
448
50400
288
144
364
960
11340
216
64
24
108
12
64
480
128
560
864
216
36
96
128
576
216
720
640
4320
40
576
5040
320
36
1568
1440
512
216
360
5400
5040
2
24
108
15360
160
96
432
6720
1568
80
34560
2
65536
24
216
504
3600
4608
72
96
10368
24
24
21504
36
1920
3780
12
72
1728
672
11520
8640
24
144
360
12960
16
2592
432
120
256
240
504
5760
192
36
128
2304
1080
126
1920
40
96
14400
192
5280
1280
768
72
6912
38400
12
24
40
576
350
144
336
120
12
160
192
504
960
720
192
480
288
1344
6
144
2688
1440
108
384
486
2880
4032
15120
1296
1260
48
196
40
10
16
144
6
96
64512
64
1280
220
648
1440
144
24
5120
120
2880
384
120
36
512
46080
1536
36
80
1296
7680
480
16
72
20
720
3360
448
8
1152
132
384
16
896
2160
36
48
48
12600
210
17280
96
1296
24
1080
480
96
3840
8
288
48
24
880
1056
120
18
2
11520
120
48
48
20
8
1440
12
396
144
6480
88
240
2160
24
36
432
40
1152
270
384
2
2880
16
80
36
288
192
8
144
2352
16
128
108
84
1920
48
48
108
40
3564
768
1260
432
288
864
1200
15120
196
32
480
3072
96
1024
36
864
5040
1512
600
256
36
1728
224
864
180
18480
24
360
24
24
360
1080
2
44
5184
6144
144
84
64
20
192
48
32
2880
1260
144
240
2592
24
768
2304
24
8960
36
7200
1440
15120
108
216
216
16128
4
24
120
30240
5832
240
96
240
2
16
48
2048
96
288
2520
432
336
768
48
2700
12
256
8
360
432
33264
4
432
3456
8640
2880
240
1008
4410
92160
72
320
768
160
96
3240
2304
3840
3024
36
2592
3600
400
480
324
1536
864
432
1260
28
1536
20
8
384
192
864
320
3840
320
1260
216
12
16
3024
504
72
36
96
72
12
288
4160
5184
4800
48
720
72
1344
240
42
192
660
2
288
8064
144
1440
1200
240
128
2592
48
7200
256
96
1152
96
24
15360
48
160
9720
288
216
1120
720
8640
128
12
8
490
240
120
7488
4320
192
2376
1512
384
8064
12
1920
240
16
11520
80
24
320
384
672
5760
360
1872
11200
96
2400
1584
504
144
48
240
72
144
5760
40
51840
624
384
96
36
74
4800
1080
336
768
360
5184
1344
3360
288
1728
672
64
528
6
307200
3840
16
336
86400
700
96
72
5760
192
1920
96
64800
1728
15120
2048
1152
62208
5760
150
336
1440
20
21504
48
128
8
432
30240
1680
132
8
32
144
432
1152
132
360
900
1728
30720
24
96
216
1920
36
60
640
9720
4000
64
12
1296
252
32
12
324
12
24
624
1280
240
216
12
720
5184
576
28
2
720
11760
42
36
16
48
54
48
32
2160
30
44
11520
120
36
7350
1056
1536
864
1728
384
8
360
56
7776
12960
1440
10
80
12
480
480
162
40
120
576
768
576
215040
288
384
8
288
144
18
48
768
2160
4800
224
32
120
24
24
4
96
36
108
40
480
6400
144
1080
112
1944
2592
192
3136
72
24
1296
2160
1260
20
360
384
1440
384
2
1200
2880
420
420
16
2304
144
1248
2304
384
24
2520
144
1344
240
1440
4
4
300
9216
6
48
4
2520
120
168
512
4928
480
32
320
18
96
24
18
32
48
3072
96
8
32
84
210
864
48
96
108
2880
33600
840
180
43200
8064
62208
4608
864
160
288
576
396
1152
26880
12096
36
180
192
448
2880
840
48
2
17280
6720
240
4
120
56
8
4
48
48
112
4
24
288
4320
24
16
18
768
240
240
360
12
32
1440
40
32256
120
144
320
384
216
160
120
3024
2
5760
160
1120
2880
768
288
1008
120
480
8
96
160
560
4320
20
144
2
320
540
14976
4320
3240
6480
32
48
440
7680
432
2880
174
192
200
480
25920
96
24
128
96
34560
528
17640
36
48
192
16128
2688
72
1200
144
32
72
25920
720
96
72
384
80
320
11520
4480
240
144
1920
1440
23040
1080
192
6
896
240
144
336
1764
576
16
360
48
384
8
12
3200
2520
17920
360
5760
16
480
1920
540
2112
3888
720
36
2880
336
128
92160
31104
64
6048
32
108
2
11088
4608
40
60
480
4200
640
18
64
800
12
80
160
240
120000
32
12
24
2592
16
480
288
120
32
144
900
96
180
384
864
4
2560
120
4
480
1260
4
88
192
192
72
480
576
5760
4536
576
720
48
128
12
4320
8
420
96
168
240
120
1792
16
1080
2880
120
480
240
336
256
32
8
3072
7560
800
576
144
480
5120
144
256
144
144
1920
80
504
144
168
24
480
960
180
3360
4480
180
8
5760
180
160
5376
240
8316
512
256
1080
448
1152
1600
24
2880
1440
46080
49152
180
48
48
4608
648
108
12600
20160
8192
1536
3240
32
180
160
4
288
768
144
1536
72
216
40
576
32
180
768
5184
1152
403200
2880
32
4608
1440
17280
16
784
288
14400
9984
240
216
192
48
32
480
3456
288
20736
320
200
11520
624
48384
648
12
108
96
72
108
128
320
32
4368
3696
360
256
12
8960
1248
5280
24
1080
126
160
208
480
6
16
936
112
96
84
8
100
72
1152
4320
7920
24
12
180
1728
24
24
192
48
720
3584
1980
240
3120
1680
24
240
112
96
64
12
1728
1680
4800
240
864
192
3072
16
352
1344
200
12
1440
3360
420
216
32
2688
1408
96
64
72
2304
96
1440
360
180
864
288
8
19440
360
88
54
432
640
72
1728
128
9600
19200
16
352
144
645120
216
2268
24
224
448
2560
24
21168
54
32
96
32
72
1200
96
112
96
1760
2880
396
144
156
2496
2304
6
3360
144
48
96
48
48
30240
72
14400
720
384
96
104
504
1152
32
4
96768
48
2
30240
432
192
3840
8640
1152
768
96
2640
480
24576
8
9720
60
16
960
480
108
810
211200
48
1440
180
18
240
432
24
480
392
54
1056
512
96
80
11760
1728
384
2880
30720
48
64
8
128
240
80
840
480
1280
6480
12
2160
192
1188
32
126
48
216
14580
6
13440
1152
24
176
720
864
96
288
200
20
216
3024
2640
864
2
7680
16
160
8640
24
12
4032
150
252
180
96
38880
4
6720
64
8448
288
48
960
284
32
36
1008
90
1152
11200
2520
11760
36
576
1536
4
55296
20
2016
32400
240
20736
3840
336
198
36
80
1440
240
1440
3584
252
96
2880
1440
1920
40
48
64
52
10752
13860
96
576
144
420
20
144
7168
24
8
240
3564
2592
120
2592
512
160
504
2304
96
72
616
288
72
54
192
160
9600
3240
1800
10
3200
2520
264
16800
240
60
96
4704
2100
960
1296
1008
54
480
72
792
672
336
192
256
17280
32
192
5760
4
1024
264
6480
60
8
6480
288
160
72
5760
48
192
80
7776
16
5544
240
1760
17280
16
108
84
180
72
3696
1440
32
13608
46080
240
432
24
1536
240
120
12
900
240
150
16
180
6
192
1400
120
160
12
192
192
5760
8
384
1152
80
1024
2304
1232
396
2
32
4608
4800
24
240
16
96
144
1050
15552
128
17920
320
960
3960
342
2080
72
288
24
5184
11520
64512
288
528
288
2880
864
160
12
144
60
36
192
864
6272
1008
756
34560
84
576
3456
160
480
108
23520
5760
600
4
13824
240
4
16
174
64
72
1620
48
2268
1536
31104
8640
32
16
576
48
12
24
720
76800
30
480
432
54
72
54
264
10
4
1800
672
48
320
384
112
64
128
864
240
2048
480
64
192
96
2880
1152
1440
128
720
440
16
2560
3360
768
24
2592
648
98304
8
36
288
144
40
64
24
1760
2688
60
280
4
48
12
13824
64
432
44800
480
560
768
5760
64
360
3840
160
4
96
600
48
120
84
3600
576
864
24
288
2400
10752
16
640
16
4320
864
768
128
720
18
10080
320
96
9600
180
12
54
168
10
16
24576
17640
48
84
144
48
5184
64
2400
1280
3072
84
1440
384
48
12
10752
432
10080
3024
3456
9600
32
96
240
9600
1536
15360
7200
240
128
16
24
12
3780
36
240
96
4
360
40
3456
48
8
4
8
384
10
15360
2304
72
378
3072
12
72
384
40
600
3456
42336
8
1344
3840
108
216
12
4320
240
7200
48
4
192
48
104
4
64
4320
648
12
27648
768
80
72
288
1440
216
576
2304
8400
48
48
40
192
288
144
28
360
25200
180
288
480
2304
360
2400
22
576
198
18
8
240
48
1260
12
2880
6144
512
6
216
144
1344
4032
144
8
128
140
3024
36
132
384
576
224
17920
28
28800
4320
270
336
48
1296
40
2304
288
1440
480
288
576
1680
2560
7680
16800
4320
144
1536
48
1080
72
72
180
16
6912
168
360
6
18
576
80
16
120
3600
22528
252
8
1728
40
3840
12
5040
144
324
1280
8960
33600
288
72
5184
108
540
1920
1920
25920
80
160
200
32
108
24
128
144
32
2880
2048
216
32
2048
560
2880
300
350
7680
180
896
240
90
8
32
480
2160
1620
768
8
4
960
88
288
4480
300
384
126
540
8400
864
288
24
792
96
576
2400
5376
432
264
32
96
34944
3168
180
160
12
72
18
144
384
1152
3024
54
1008
16
864
96
480
640
4
216
64
144
1344
280
4
864
2304
48
144
60
288
112
180
576
176
48
1120
32
1440
6000
3200
2160
48
576
48
270
108
90
5040
240
576
128
2304
288
1792
96
1920
96
240
576
560
12
72
144
360
72
18
1680
72
96
1600
96
3072
6
384
1728
288
144
8
2800
1280
55440
15120
1848
900
2880
448
4800
15552
16
72
80
48
40
120
24
12
192
64
1536
32000
2560
420
96
144
20
1120
20
756
2520
240
21504
36
1920
2304
648
288
704
768
320
2560
96
24
720
3840
15360
32
6
60
72
150
96
96
36
24
1152
1152
16
360
768
990
48
720
216
4800
36
72
2880
480
24
14400
648
16
80
72
1920
960
432
80
72
1056
1152
3888
48
161280
4320
60
480
2520
2240
180
4
64
192
1536
2592
4
1080
432
30
72
224
17280
8
240
64
60
56
120
12
1920
48
2
5184
50
20
192
17280
12
480
1024
24
720
2160
4
1728
4
60
48
432
144
54
400
540
5040
288
3240
160
2160
128
36
528
432
64
100
576
1260
1680
1440
6
16
168
40
128
8
5400
3072
4800
48
320
1680
168
40
36
1152
432
60
1344
768
128
288
8
60
512
168
528
72
192
36
24
16
6
14
1440
576
72
384
216
32
200
240
96
3840
24
24
120
30
36288
756
48
8640
672
560
3328
48
300
4
64
30
2016
32
216
128
1680
32
72
3024
10
3840
1080
108
2592
768
2160
1296
576
144
96
240
36
7680
720
240
6480
3200
5400
3840
2880
20736
1728
80
12
3456
144
288
1728
768
96
240
1440
36
4200
72
64
1872
2880
60
120
45360
96
6300
1728
140
144
8640
1176
8640
2100
224
48
4320
2160
504
48
720
1920
640
80
960
97020
300
16
1728
32
144
48
4
864
1320
768
160
640
32
24
288
96
1728
256
120
6
3840
12288
384
480
1344
660
1296
33264
72
48
384
720
2520
960
72
720
72
480
6912
128
144
13824
2
2240
308
14400
8
88
6480
384
96
2880
24
720
54
256
7168
960
1728
12
72
768
36
264
720
160
672
12
10080
12
252
1536
180
96
24
15482880
1512
540
72
60
72
12
264
2160
36
48
1176
96
288
1408
576
8640
432
594
432
42
432
1296
88
96
640
4608
480
16
64
480
2304
900
576
3240
40
192
12
24
1764
16
108
1080
23040
1024
768
120
720
396
504
4200
648
18
2
3780
16
480
16
60
72
576
48
18
440
1056
13440
4320
720
1440
12
80
180
14400
112
24
11664
24
80
48
144
288
2880
24
120
140
5880
96
12
960
480
18432
144
480
312
1440
360
480
1296
144
720
672
5760
36
3072
480
12960
1024
240
24
416
504
288
240
2592
1344
576
48
2160
64
64
120
80
1980
640
48
336
288
1440
4
160
336
72
40
192
4
1024
448
12
12
1008
56
32
32
192
192
36
36
36
5400
360
16
648
144
64
8
129024
144
17280
768
3024
4
80
864
36
96
432
480
320
2160
1440
2880
576
96
84
3850
64
4032
12
40
192
288
8640
18
120
216
1080
3600
4800
24
1440
144
24
176
24
84
96
48
126
120
1296
252
280
480
1560
512
1728
4800
12
2592
672
36
1152
568
864
168
24
60
96
32
432
8
420
192
240
1408
288
3072
19440
24
168
1440
240
720
1920
18
5040
144
180
6480
576
1680
3000
1728
6720
480
2
288
360
64
400
2592
2304
2
2304
16800
3456
120
192
24
360
3600
480
3456
8
2160
508
256
4
232
1944
9216
8640
40
8400
2520
3600
16896
8960
252
2688
288
168
864
480
384
28800
240
46080
32
11520
288
560
14400
50
40
560
40
336
16
1152
16
900
17280
84
112
44
800
240
72
384
1200
72
120
8640
216
2808
864
1440
756
720
96
288
7200
132
30720
8
9216
20
384
960
768
48
144
128
288
224
4
80
900
256
120
3600
288
48
600
144
2304
16
144
16
4
64
32256
60
216
480
42
480
1728
320
144
64
432
112
216
5184
180
2
16
60
18
60
168
384
1344
256
120
720
48
120
21600
3240
24
16
240
576
24
1080
3072
2880
8
5184
512
600
24192
4320
792
2496
384
48
2100
2560
1248
9600
288
480
8
576
406
18432
720
480
576
2
4
96
192
32
300
4800
18
1200
36
3840
1408
1680
324
480
1188
48
6720
768
5760
48
192
96
25200
9216
6720
1584
72
18
1152
360
144
40
104
256
3840
216
198
42
6
14400
144
8064
64
180
180
5040
270
4
216
10
11520
8
48
2160
28800
1920
64
26880
33600
96
384
11664
24
1008
16632
4
1280
40
432
896
54
84
3840
504
4160
18
2160
6720
168
1600
720
120
1440
600
7560
192
192
720
72
144
7920
3600
216
120
7200
144
48
1296
96
4
240
1408
360
3360
192
8640
36
16
192
8
18
432
5760
192
4200
36
60
504
540
180
160
1008
192
8640
192
16
24
288
8400
3780
384
3360
256
12
8
2304
64
480
624
23040
11520
1200
19440
3888
144
1568
17280
32
200
864
720
96
1890
720
108
18
480
1152
72
61776
672
24
51840
120
128
112
2304
768
624
24
36
3780
3360
6144
4200
28
640
18
7920
140
15120
640
1024
1728
3360
216
216
240
2304
1728
13824
3360
9720
84
720
36
4752
2880
3360
144
75264
16
216
720
980
280
24
28800
32
960
360
28
1200
6912
26880
84
24
160
432
4
1200
2560
960
48
48
48
8
24
4800
672
20160
648
240
216
960
1728
336
160
560
6912
4
480
48
24
128
8
6144
432
20
16
96
960
4
8064
256
4608
8640
160
221184
1344
1200
700
7200
180
48
24
120
180
128
96
14
768
432
12960
432
960
384
2
79380
12
210
2520
120
1728
11520
528
96
16
32
600
200
1344
30720
18
672
14400
72
4800
4
56
19200
30
1440
576
6
576
154
42
96
6
672
1920
10080
9720
72
1152
216
6
96
288
16
432
72
2304
240
432
60
48
43200
34020
1152
96
320
13440
1728
360
30
7776
1320
64
96
720
120
480
32
2268
576
504
1760
96
240
216
2560
40
5760
384
960
756
5544
32
28160
4320
128
216
4
1536
88
3600
48
12
240
24
96
24
1728
1080
240
1344
16
360
24
48
216
8
1280
144
5040
6
192
288
4536
216
72
224
24
24
640
2048
480
30
576
24
15360
480
140
160
2880
18
96
72
80
1080
252
24
288
24
54
720
80
160
16
48
1440
90
192
1792
120
36
9600
960
3072
780
22
240
12
2160
3360
12
2
1152
1260
24
30240
288
360
4320
2880
16
756
288
540
16
34560
1920
216
1152
6048
24
32
1080
8
6480
4312
1512
4
4800
84
16
360
576
15120
1152
6912
48
800
180
288
1344
960
6
512
24
2880
240
3456
576
2700
8400
13440
1600
6
1920
48
300
84
576
80
336
12
90
60
128
576
48
2592
5760
36288
12
432
216
80
1296
72
128
16
48
720
108
8640
36
108
20
2394
96
420
18810
88
840
64
20
336
192
192
72
576
120
360
72
20
40
2688
320
756
24192
720
576
480
1296
320
80
5400
39200
160
360
128
1536
24
480
336
160
32
16
120
720
72
128
72
1728
96
4
6
24
12
82944
12
12
71680
420
720
8064
96
360
240
140
840
30
1120
1320
2520
24
140
16
6400
41184
3840
288
32
72
144
72
576
2880
4032
6048
24
576
144
24
16128
40
144
180
12
336
17280
840
432
1848
96
88
128
144
16800
240
32
360
768
6
48
108
480
60
384
1152
720
360
56
16
3888
12
192
24
600
32
48384
864
168
180
3888
3600
48
864
576
240
48
1920
2
288
420
640
480
80
288
72
7680
72
1152
48
96
1728
2520
1440
648
126
4
1280
6400
504
32
960
960
120
648
1536
21600
108
1920
36
3072
1920
240
192
264
320
264
48
64
924
512
480
11520
17280
24
1440
30
240
1280
96
392
96
512
768
540
240
432
2
84
4032
24
54
192
80
33600
20
24
720
240
96
2040
360
28800
600
280
960
1344
1080
144
96
36
216
112
3456
216
126
12
5040
672
24
512
18
840
352
1008
64512
576
96
16
960
90
34560
16
864
12
1728
72
72
192
3456
384
384
5760
96
10
192
180
36
240
15360
96
12096
240
3024
17496
6144
576
72
168
9000
240
576
4800
64
144
576
2160
512
3888
48
2592
5040
416
56
7776
2160
10240
576
7680
48
60
2016
96
90
8
120
72
576
1620
6
648
1152
24
30
20
440
22
128
108
16
16
192
64
1296
69120
216
768
840
5760
64
108
5760
35280
4
8
60
12
96
4
12
120
480
4032
12
2304
4050
3840
288
2160
36
3840
24
96
120
23328
53760
300
7560
8
3456
72
1260
240
4
3840
11200
144
5040
1728
18
64
96
18432
1920
24
1800
48
12
96
12
144
16000
48
576
12
48
84
64
96
432
4608
96
216
864
69120
288
122880
64
3600
6
360
16
5184
10080
384
180
64
864
12600
1280
240
480
224
360
2560
360
18
126
26880
720
4800
24
432
640
1200
216
504
56
8640
224
480
720
4860
4290
96
72
810
288
1800
6144
3024
14580
120
16
4
120
24576
1152
252
192
120
8
324
5760
90
1248
576
72
8100
180
6
5760
1920
3840
432
24
640
864
480
4
84
192
30
960
36
504
864
720
192
448
672
96
1440
192
64
60
576
432
240
1344
504
880
16800
18
360
360
25200
40320
288
288
336
36
1260
24
192
48
768
192
2016
648
2
4
840
108
32
144
256
288
2304
12096
864
12
8
5040
200
96
240
144
240
2880
7776
66
2880
24
16
240
24
46080
600
16
576
14400
32
864
1344
576
3360
216
4
2592
12960
120
2560
5184
12
108
20
44
1280
1296
48
96
128
2160
12
48
48
80
96
264
360
8
36
64
8
480
72
64
48
2016
5760
40
6
84
936
48
1440
1728
3024
64
144
144
48
12
1008
24
6912
144
240
18
7200
19968
72
216
6720
360
264
84
192
2592
1296
120
120
48
16
5760
53760
96
1024
96
120
96
1080
8
224
384
4200
3456
20736
80
64
28800
31104
8
12
1440
560
1152
40
64
1280
16
720
96
324
2400
216
12
80
576
192
120
432
2640
42
946
70
240
960
2688
320
1200
9072
8064
8
80
8
7560
6
144
72
72
864
24
810
7920
192
2130
46080
32
2800
240
26880
2016
22
864
24
270
540
960
96
8640
192
90
144
3600
1024
1152
132
288
4704
360
396
16
72
32
1008
48
11520
4
16
384
7680
288
12
64
12
3360
432
3240
4
96
24
12
360
96
9600
864
1440
2240
60
72
2080
6
64512
3360
7200
8
3200
72
1536
576
4608
6
288
256
1440
1296
5670
240
288
9600
144
4320
3240
384
15680
180
320
60
20
2304
432
600
18
1440
48
4320
32256
2880
2160
192
13824
17280
14586
128
192
2160
384
40320
256
1296
2268
57600
160
96
24
400
5040
1890
360
504
6
5880
168
960
1920
36
864
72
2400
12
30
1800
1792
108
8
2160
23040
288
24
1152
1536
1200
20736
29952
18
16
4
12
216
11520
921600
240
432
72
240
72
1152
16
16
4032
96
1080
576
360
24
1280
768
2400
32
18
72
40
2592
1440
1152
5040
120
5040
40
192
960
6
96
270
32
2160
72
576
2016
2016
60
1024
960
144
128
1920
216
7680
16
36
108
448
24
28
576
144
24
4032
9216
5376
56
1152
30
4
16
2688
384
864
72
11520
780
384
512
1620
156
288
2304
8640
960
224
48
24
1008
48
540
480
378
480
320
60
2048
480
144
86016
3024
432
432
1760
320
48
288
960
24
180
6
144
2520
128
972
48
11088
240
147456
48
24
128
960
540
120
36
24
1408
5760
48
12
72
72
13440
1280
12288
264
108
270
240
3072
48
12
264
172800
192
144
24
48
54
44
90
192
960
5760
32
288
16
13632
144
17280
320
18
112
1800
448
720
1080
640
5376
4320
3600
308
12
800
3840
672
8
4
9216
8
72
48
60
30720
54
8640
1344
240
504
480
48
80
72
1440
2304
576
60
600
96
576
96
18432
9072
16
8
640
12960
96
126
14700
12
16
147000
924
6
5376
144
336
120
576
