63648
21714
369512
63648
8400
90090
63648
330
2730
24752
335920
739024
369512
514800
24752
8736
739024
151164
2532
5400
291720
105840
5940
335920
151164
8736
335920
24752
48048
1478048
167024
2730
112
335920
6006
151164
2730
3528
14112
105840
12012
151164
63648
335920
193050
120120
32032
16016
32032
240240
16016
14400
19800
900
335920
10976
14520
63648
210210
232848
2532
156
1344
221760
4488
335920
193050
739024
335920
48620
7840
63648
8736
366080
77792
335920
28952
24752
151164
335920
335920
24752
2730
87516
63648
2730
739024
151164
156
105336
100352
335920
4400
2240
1680
63648
2016
1210
396
369512
8736
3248
12584
129360
71280
24752
151164
274560
160888
72072
77792
63648
8736
154440
369512
63648
112
228800
25740
1350
63648
360360
8736
335920
15600
160160
102960
151164
24752
32400
8736
2574
369512
199584
137280
369512
12012
184800
151164
12740
156
369512
40040
151164
2688
15120
155232
175032
583440
73372
335920
151164
4004
25740
8736
63648
1716
44352
728
7776
102960
24
63648
42336
63648
156
75600
180180
335920
739024
1320
156
77792
8736
257400
262548
151164
369512
6
335920
335920
262548
28952
27720
369512
156
151164
7920
103488
3900
194480
48048
24752
63648
335920
2700
369512
465696
210210
155232
4900
3300
6720
335920
216216
34320
335920
311168
14300
257400
151164
9240
14300
151164
151164
151164
151164
72930
40040
24752
88704
151164
448
3168
70224
369512
728
2730
151164
48
369512
151164
24752
51480
3588
8400
8736
151164
63648
184756
10296
151164
151164
335920
90
151164
3900
369512
2730
31680
156240
257400
132
24752
8736
22880
7722
60060
25872
10296
2956096
184756
600
9240
69300
252
63648
63648
51480
163020
6468
30030
63648
38896
335920
45360
21000
1350
24752
2002
40320
26880
25740
156
360
16016
110880
151164
76076
739024
739024
110
11760
108108
3960
63648
128700
151164
280
739024
137280
1478048
24752
41184
2730
739024
68040
151164
24752
32032
5280
95040
97240
2730
1764
193050
63648
14300
63648
25872
369512
24752
2280960
8736
16544
151164
194480
8736
335920
151164
335920
335920
4064
151164
257400
87516
88200
728
739024
60060
16800
12012
15120
25168
22880
335920
184756
369512
8736
63648
180180
335920
5912192
1430
2730
8736
63648
8736
199584
156240
151164
2730
3410
25344
70560
72912
66528
1166880
335920
512
28560
63648
4004
151164
151164
470400
151164
24752
4900
24752
2730
156
63648
151164
63648
335920
8736
151164
335920
335920
8736
175032
5940
63648
739024
24752
504
87516
8736
6006
8736
63648
24752
4400
63648
24752
232848
66066
728
1568
106920
274560
8736
22680
24024
48620
8736
63648
24752
73372
77792
336
1716
77792
18018
102960
728
6006
116688
155232
24752
335920
151164
8736
8736
151164
38896
199584
75504
369512
156240
42336
40040
9576
14
77616
24752
63648
63648
335920
15840
24024
12012
280
369512
63648
2730
2730
8736
335920
32032
63648
63648
30240
1144
6006
8736
63648
2956096
3725568
335920
4004
16632
8736
24752
728
151164
311168
19800
25740
728
1478048
4400
32400
1408
440
1440
14672
4400
420
68640
262548
8736
1980
151164
151164
2730
30888
728
369512
2730
232848
3588
1152
105336
739024
63648
42336
335920
151164
16016
24752
10416
75504
24752
517440
90090
12012
77616
6720
156156
369512
11880
193050
369512
20592
63648
232848
24752
137280
8736
1478048
1750
2002
4004
8580
194480
30360
12012
12012
3300
3248
151164
1478048
24752
258720
63648
335920
728
46332
84084
129360
151164
1584
5720
1260
335920
335920
369512
24752
40040
30240
151164
14300
24752
151164
369512
335920
87516
91520
18144
24752
151164
102102
728
6720
280
2928640
48048
34650
56672
63648
184756
63648
24752
38896
20
2730
1478048
193050
24752
184756
100100
739024
2730
156
335920
24752
728
12012
728
10080
63648
8736
335920
151164
236544
156
105840
151164
335920
335920
68040
137280
94080
3024
14850
335920
2730
110880
73500
18480
12870
5912192
25740
123552
97240
72
12870
151164
31616
369512
1144
24752
193050
41580
151164
194480
739024
63648
20020
257400
72930
6272
26880
308880
335920
37044
100
464
175032
63648
2730
12012
335920
69300
193050
18018
9408
15624
423360
5040
60060
2730
63648
2730
335920
366080
34320
156240
335920
194040
257400
54054
17640
55440
25740
335920
335920
25740
369512
156
572
5765760
83160
63648
1110
30360
175032
728
77792
12584
156
728
739024
8400
728
369512
30030
335920
728
192192
160160
54054
335920
151164
64064
8736
335920
26880
110880
732160
7112
4730880
55440
63648
369512
6
25740
22880
240
14300
8736
68640
18480
63648
194480
128700
291720
51480
63648
102960
739024
3410
102102
7440
6720
16016
12600
8736
83160
137280
72
63648
24752
16800
335920
63648
335920
63648
34476
151164
210210
8736
549120
2730
82320
63648
335920
335920
63648
156240
16800
6600
151164
24024
22880
12144
728
9240
24752
4004
1100
252
24752
156240
38896
180180
728
2100
14672
100100
112
83512
151164
240240
1478048
138600
151164
24752
13728
151164
63648
24752
137280
514800
63648
24752
73920
2352
24024
16016
8736
194480
52920
190080
369512
8736
151164
88704
369512
63360
151164
262548
151164
8736
14300
27720
90090
25740
640
739024
369512
3920
63648
3528
10080
8736
63648
8
19800
8736
151164
1872
8736
63648
335920
2730
2730
55440
3600
49896
16380
5940
3410
12870
63648
5544
6468
335920
2956096
18810
192192
61440
216216
63648
2
990
14112
728
18018
2730
9900
151164
739024
24752
38808
2288
6720
2956096
72930
3600
66066
369512
72930
369512
166320
24752
156156
369512
105840
103488
151164
151164
4488
221760
24752
2016000
35280
63648
2730
30240
369512
335920
25200
335920
2016
5580
369512
54912
32384
151164
177408
6006
10010
110
35640
4400
335920
8736
63648
1584
335920
77616
728
2800
63648
194040
369512
24752
72930
151164
194040
1478048
1200
19600
183040
151164
40040
1419264
192192
175032
48620
12740
369512
63648
335920
117600
335920
3528
77792
739024
369512
58800
66528
68040
335920
151164
8736
30
158928
2956096
9240
335920
2100
12012
12584
155232
193050
31616
335920
192192
63648
583440
1478048
335920
8736
22880
90
5600
258720
151164
78400
35640
14672
2730
151164
335920
24752
12012
330
15120
83160
739024
27456
335920
728
1680
2520
63648
7112
49896
34560
14700
6006
232848
15840
3960
335920
366080
180180
63648
330
14672
70560
154440
739024
177408
24948
846720
200200
335920
8736
30360
8736
369512
156
784
3144
335920
9576
335920
369512
2730
36
2730
40320
19600
335920
97240
66924
369512
24752
151164
63648
739024
369512
8736
5040
335920
1014
151164
335920
8736
6864
11824384
30240
739024
335920
25088
8736
728
728
63648
443520
96096
1008
151164
90
988416
48048
70
8736
151164
1110
728
70
40040
24752
58800
8736
7200
369512
1960
732160
25740
47040
38896
3360
335920
63648
8736
8736
19800
88704
25740
7200
39200
9240
257400
63648
19800
151164
24752
882
63648
335920
8736
335920
151164
8400
5912192
369512
68640
84672
151164
728
5857280
68040
8736
52920
10080
77616
369512
728
6006
63648
4464
151164
2730
291720
3136
110880
26208
8736
369512
739024
63648
232848
151164
151164
40040
151164
369512
116688
19800
24752
739024
17040
8736
282240
83160
192192
2730
194040
931392
728
728
739024
1040
102960
83160
465696
739024
10416
1464320
163020
151164
38808
175032
24024
61200
2730
1014
151164
151164
95256
11550
2730
24752
72
100100
194480
335920
12012
151164
63648
63648
63648
24752
63648
1128960
8736
141120
26880
12544
123552
1980
8096
51480
8736
6006
221760
13608
23648768
63648
216
34650
151164
151164
335920
1140
31616
1555840
113400
2730
156
2970
63648
366080
216216
739024
4004
63648
926
1478048
24752
335920
180180
7128
739024
30
24752
24752
2730
5040
151164
151164
335920
12740
823680
8736
151164
220
11904
739024
335920
68640
103488
2730
151164
63648
151164
63648
90090
151164
13500
672
24752
335920
87516
24
63648
90090
51480
335920
32032
41756
6006
335920
151164
77792
151164
26880
24752
16016
82320
6006
2400
311168
369512
34476
63648
151164
335920
1166880
24752
335920
110
64350
8736
151164
2730
253440
308880
3360
40040
151164
222
369512
194480
24752
335920
12870
728
221760
335920
12800
63648
3136
7722
3360
63648
2730
8736
39312
56
369512
232848
24752
24752
151164
63648
24752
8736
514800
8736
369512
335920
151164
151164
369512
151164
5880
1478048
48048
66528
332640
160160
335920
151164
15444
24752
335920
177408
2730
12012
384384
137280
4200
8736
129360
24
100100
151164
990
6006
151164
24752
728
22320
63648
24752
288
151164
8736
12740
151164
113400
335920
151164
1716
63648
156
228800
63648
335920
8580
72072
44330
16016
168
335920
36036
2016
11824384
2730
2574
151164
2730
335920
48620
194480
151164
28512
14000
8736
2730
63648
24752
335920
156
151164
7722
48048
151164
6006
369512
3300
24752
54054
151164
72072
9240
68640
7200
63648
8736
3300
63648
180
366080
24024
221760
2730
90090
25872
42336
2730
24752
63648
151164
24024
1080
11550
156
39600
1586
728
68040
335920
1800
335920
24752
6864
369512
154440
262548
335920
369512
6096
63648
63648
48048
63648
537600
151164
8736
24752
330
2730
335920
63648
151164
1680
8736
24752
17640
6300
63648
47040
15552
335920
8736
63648
175032
5912192
24752
8736
102960
48048
4800
1693440
24752
151164
294
73372
9240
739024
31616
151164
177408
8736
63648
63648
64350
504
26880
8736
335920
3570
221760
37752
14300
58800
199584
156
151164
63648
335920
151164
151164
24752
15288
24752
108108
151164
443520
464
120120
8736
48048
24752
151164
3600
24752
96096
3146
369512
110
103488
335920
63648
112
60060
12012
22880
291720
352800
6600
137280
97240
48048
145860
1555840
369512
160888
335920
168
9900
100100
16800
34320
24752
739024
240240
335920
4464
14400
739024
63648
350064
63648
3600
12012
151164
5040
63648
728
12012
63648
728
100100
3136
1408
739024
100100
154440
48048
1478048
6468
5912192
24752
335920
262548
2730
155232
24752
1478048
2956096
517440
90090
369512
3300
20400
7920
369512
24752
151164
151164
369512
335920
51480
194040
120120
2730
728
335920
8736
63648
2730
308880
335920
335920
1100
335920
47520
72930
335920
291720
155232
739024
2956096
739024
228800
1960
151164
24752
1166880
369512
151164
64064
2730
369512
63648
32032
1716
291720
40040
75504
48048
155584
335920
1408
1680
335920
24752
12544
63648
29172
6006
8736
151164
24752
2640
142560
1080
465696
192192
335920
100100
151164
102102
160160
63648
63648
63648
16016
10416
194480
739024
4942080
68040
2550
63648
151164
1430
24752
73372
24752
2730
728
199584
335920
728
8736
151164
308880
54054
175032
6600
24752
48048
87516
63648
11550
24752
6864
258720
63648
25344
151164
151164
560
1478048
105840
24752
2730
2940
2730
16800
21000
108108
8736
6468
110880
156
369512
200
63648
3432
43472
335920
63648
3248
3528
8736
20592
200200
5376
2730
9240
2730
24752
369512
105600
100100
583440
132300
13860
24752
369512
1478048
24752
63648
48048
83160
123552
9576
51480
335920
52920
2640
6720
335920
94380
132
3542
151164
38610
38896
16800
175032
2730
514800
8736
720
335920
8580
66528
106920
369512
258720
4032
24752
8736
24752
105840
151164
8736
228096
156240
184756
24752
63648
156156
4004
46126080
105840
1430
63648
44352
72
24752
70560
8580
739024
63648
151164
335920
63648
84084
56
369512
17040
8736
330
48048
106920
63648
369512
87516
739024
24752
63648
8736
112896
4290
3276
228800
151164
67200
31752
2730
151164
7920
8736
784
2574
151164
38896
116688
194480
1478048
338688
16800
24752
7200
1008
19800
129360
1764
9576
24752
194040
24752
617760
155584
335920
2730
44
224
24752
8736
163020
110110
3300
155232
2730
194480
63648
63648
3432
2956096
105840
369512
335920
1441440
739024
63648
24752
369512
24752
34320
369512
16016
151164
63648
23296
24024
63648
739024
360
194040
630
73372
183040
75504
784
3150
155232
514800
1620
94080
137280
1478048
24752
63648
369512
8736
24752
369512
63648
68040
8736
369512
24192
728
8736
100100
739024
5912192
335920
48620
2730
48620
91520
9900
24024
8736
151164
728
2730
8736
31616
97240
739024
116688
739024
583440
177408
40040
151164
25344
12870
137280
24752
151164
3240
739024
30240
63648
13608
8736
630
25344
2730
22880
8736
335920
18018
335920
59400
102960
335920
199584
63648
151164
27720
63648
517440
369512
2730
335920
3900
221760
75504
110880
63648
63648
2520
60060
420
90090
8736
63648
1176
1320
177408
420
22880
335920
205920
3376
2520
5040
739024
583440
47040
3696
840
8736
2730
47520
1008
151164
335920
240240
104832
369512
3528
369512
19800
14112
4004
1014
240
16016
8580
24
5940
256256
28800
335920
77792
80640
17160
24752
3150
8736
262548
11340
24752
335920
63648
151164
33264
6006
2306304
151164
508032
56672
151164
8736
9600
7560
95040
2730
77792
151164
335920
22880
2730
3960
160888
24752
55440
75504
24752
151164
16016
63648
10416
64064
8736
2730
6006
7920
2520
335920
662
210210
151164
175032
34320
87516
24752
360
308880
184756
183040
9144
24
262548
163020
151164
480480
2730
739024
42336
48048
1524
335920
156240
154440
630
177408
12012
335920
9900
155584
739024
38610
160160
72072
10
6720
24752
6468
151164
63648
73372
87516
291720
224
125440
9240
30240
1478048
2700
388960
16016
335920
1430
15840
8736
1478048
3136
308880
63648
8736
335920
2730
60060
1014
5912192
87516
151164
151164
24752
5040
369512
192192
352800
335920
180180
24288
2730
151164
8550
10416
369512
5040
68640
48620
193050
369512
335920
24752
728
194040
8736
30240
138600
514800
177408
156
23648768
2574
728
63648
221760
151164
151164
30
63648
369512
335920
92160
34650
151164
151164
72072
24752
335920
151164
108108
11088
184756
335920
156156
8736
32032
24752
16016
9900
151164
63648
87516
2956096
42336
151164
63648
63648
335920
18018
63648
1478048
4732
154440
64350
156240
728
24752
142560
739024
2730
2730
102102
151164
6006
151164
63648
369512
46200
24752
8736
24752
63648
63648
369512
63648
9072
1176
728
48620
739024
63648
291720
8736
1210
24000
22680
12870
728
175032
38896
94500
335920
240240
960
8736
151164
1478048
4732
335920
2520
6006
8736
24752
48048
739024
151164
1478048
160888
369512
1478048
8736
151164
335920
48048
5016
177408
28512
151164
184756
15600
11374
24752
8736
90090
63648
151164
35280
8736
9576
19800
175032
9072
369512
110880
1478048
83160
739024
160160
24752
739024
369512
52800
63648
90090
51480
127008
4488
57600
18018
8736
102960
8580
24
7920
24752
1166880
63648
335920
78400
9800
5880
739024
291720
335920
105336
8580
369512
8736
24752
1478048
16940
739024
11824384
24752
29700
63648
72930
63648
151164
110880
739024
369512
335920
2730
63648
72
18018
2730
350064
1710
68640
3300
155232
151164
23760
8736
163020
52920
112
2016
200
24752
9900
151164
2730
63648
8736
151164
151164
24752
35280
194480
8736
24752
13440
116688
83160
369512
739024
151164
64064
63648
2730
2730
110880
24752
312
1392
9900
3900
151164
8736
232848
15600
2956096
369512
12584
160888
168
369512
116688
660
369512
151164
97240
640
63648
2520
51480
24752
16016
739024
2956096
2730
335920
335920
1176
151164
100100
102960
102960
63648
63648
184756
12870
2730
41160
1120
15552
90
151164
335920
336
46200
335920
274560
24752
55440
63648
2016
1478048
23760
739024
25344
739024
32604
350064
63648
4290
63648
175032
120120
350064
63648
9240
728
5334
1100
49896
1344
72800
120
4004
228800
335920
176400
232848
369512
156
108108
75504
335920
9576
728
24752
151164
9240
335920
2016
34320
739024
110880
335920
8580
110
3528
3300
1478048
194480
8736
83160
38896
228800
369512
739024
67200
90090
350064
151164
63360
335920
369512
739024
3432
2730
5580
151164
24752
28224
1680
97240
366080
8736
184756
1584
720720
8580
3300
291720
63648
63648
184756
55440
514800
2730
11880
73372
232848
175032
113520
335920
34320
369512
73372
151164
335920
728
2730
335920
366080
2002
704
24752
369512
335920
335920
8736
108680
24752
2956096
34650
110880
163020
194040
5040
70560
72072
732160
8736
1478048
151164
335920
60060
24752
369512
784
63648
8736
46200
216216
728
8736
2956096
739024
7056
137280
240240
46200
151164
163020
10200
63648
24752
24752
34650
6384
12012
18900
660
23648768
151164
19800
3432
2730
24752
369512
728
12012
560
151164
33000
72072
105336
68640
17160
194040
63648
23760
20020
63648
30
369512
8736
24752
28560
24752
102960
335920
46200
335920
2730
68040
24752
5676
335920
335920
26208
4488
3528
194480
12012
2730
116688
20020
728
151164
420
8580
4730
87516
240
4320
39600
192192
32032
151008
28560
1368
335920
728
160888
336
8736
728
60060
7560
739024
9240
1800
12740
5880
26136
190512
9144
11904
262548
10800
193050
369512
63648
739024
240240
335920
154440
369512
739024
40040
739024
1408
9576
35280
75504
194480
3528
25872
2730
193050
24024
335920
192192
151164
24752
24752
8736
335920
11664
77792
63648
8736
335920
423360
335920
21714
184756
728
8736
24752
151164
335920
103488
24752
335920
16800
184756
194480
4752
68640
3588
151164
240240
6006
63648
739024
8736
10080
8736
90
335920
13440
369512
151164
2520
63648
137280
151164
24752
5544
8736
151164
335920
63648
728
210210
27720
8736
48048
108108
66066
1441440
63648
87516
335920
63648
151164
116688
1608
63648
102960
63648
194480
155232
335920
26880
709632
26880
14784
728
30030
151164
335920
48620
335920
63648
132
369512
12
335920
4004
728
320
369512
840
10584
8736
8736
24752
75264
110880
232848
20020
63648
68640
184
728
2520
6272
63648
4200
103488
25200
28952
2640
24752
70224
6006
63648
3900
8736
262548
66528
50400
154440
8736
32032
240240
5912192
11550
8736
8736
151164
8736
6006
24752
760320
137280
8736
3360
24752
369512
1478048
63504
194480
24024
44
42
63648
27720
3300
137280
2956096
335920
2956096
8736
151164
24
63648
3120
335920
1478048
21714
24752
108108
24752
335920
335920
369512
63648
335920
369512
335920
840
369512
20
8736
295680
480
35640
63648
5120
2069760
335920
335920
156
63648
5040
8736
156
369512
63648
108108
106920
900
8736
32032
194040
151164
75264
18480
60060
151164
12320
51480
776160
15600
6468
194480
70224
2730
167024
335920
51480
8736
335920
22880
16632
20592
335920
24752
335920
24752
9504
366080
739024
151164
77792
8736
66000
151164
120120
151164
154440
39600
517440
335920
2288
21714
84000
11550
87516
63648
63648
777920
63648
705600
1166880
156156
63648
63648
1584
151164
155232
72
300
50400
291720
368
160160
2016
262548
24752
335920
18018
63648
30360
335920
369512
77792
8736
1008
64064
151164
63648
10010
2730
25740
3960
8736
151164
60060
83160
2730
25200
156156
2730
78120
335920
116688
74680320
24752
576
335920
44
180180
48620
63648
10416
193050
8736
151164
175032
720720
1430
24752
100100
42570
274560
250880
20020
108108
68640
151164
63648
88704
4840
24752
30240
110880
24752
6006
94080
335920
63648
6864
155232
34650
63648
1110
8736
24752
24752
151164
151164
137280
480480
30360
8736
16016
335920
11824384
2520
28560
8736
63648
87516
17920
24752
63648
8100
51480
30360
369512
1430
63648
739024
369512
335920
126720
63648
151164
335920
48048
40040
63648
63648
1320
151164
90090
2730
63648
12012
51480
369512
24752
8736
12600
335920
1200
2730
34650
48620
106920
24752
3528
24752
3432
369512
156
4488
12012
13728
1320
335920
335920
728
24752
151164
420
24752
60
63648
158928
63648
151164
931392
47520
24752
192192
60060
29568
117600
1430
28224
94080
18
240
23520
16016
60060
240240
2730
8736
40040
24752
728
72072
4004
257400
335920
369512
1008
3588
15840
14586
1800
3528
24752
2471040
120120
48048
2574
155232
30360
24752
63648
110880
16800
100100
335920
335920
1144
194480
369512
60060
180
335920
14112
50050
280
335920
1176
8736
8736
2320
63648
369512
32032
6864
48048
60060
194480
335920
10416
12012
9240
1110
11550
8520
110880
335920
28952
32032
240
3360
102960
63648
151164
335920
37620
291720
151164
2956096
222
335920
2956096
63648
335920
3248
151164
40040
42336
11088
151164
63648
739024
106920
63648
95040
2592
728
24752
369512
4400
63648
151164
110880
25872
335920
728
63648
192192
32400
369512
369512
48048
335920
96096
336
739024
7700
24
63648
151164
158928
32032
63648
30240
156
728
77616
4730
240240
6006
24752
63648
432432
24752
432432
2574
18018
1320
22880
1478048
335920
388960
739024
160888
24752
129360
64350
24752
24024
73372
1408
151164
369512
1478048
335920
112
2592
32032
4732
151164
4400
10296
63648
335920
8736
2956096
1008
24752
63648
739024
369512
48048
1176
18
112
25920
728
176400
2400
102102
369512
175032
15120
32032
896
2520
2730
2730
8736
175032
335920
151164
1408
48048
193050
151164
465696
262548
151164
63648
48048
335920
2730
156240
330
6600
9240
8736
97240
63648
24752
56448
2016
24752
10296
8736
30030
137280
350064
70224
335920
3360
63648
6864
11880
16016
369512
1584
728
1110
138600
183040
369512
350064
739024
63648
6006
16800
335920
24024
77792
4004
369512
47040
335920
8736
335920
728
2574
151164
2730
16800
16800
5040
42336
24752
1464320
369512
2730
94080
10296
24752
120
105840
2956096
56700
63648
335920
3960
8736
1716
2002
30030
11340
26880
130416
8736
12740
151164
3900
38896
924
40040
7560
335920
1430
8736
2
64
1680
2730
6292
54054
32032
1008
41184
199584
54054
291720
61200
151164
335920
24752
24024
176400
335920
194480
49896
335920
24024
728
63648
8736
335920
116688
10296
102960
24752
8736
151164
24752
8580
4732
32032
105336
2730
8736
335920
43904
116688
240
232848
369512
156156
3136
16800
1144
369512
79464
151164
33600
5912192
274560
335920
87516
11440
63648
110880
231660
2730
63648
369512
335920
728
63648
48048
63648
63648
335920
40040
2730
4004
63648
63648
24752
151164
192192
6000
116688
728
21714
19800
335920
105840
63648
23760
168
151164
369512
2730
617760
3900
8736
352800
728
63648
105840
46200
10010
46200
184756
63648
194480
100100
116688
24752
94500
108108
30030
12584
55440
66066
240240
151164
151164
335920
38610
63648
335920
175032
194040
335920
2100
77616
369512
228800
6600
24752
151164
2610
51480
335920
24752
72
1478048
1716
335920
151164
4900
151164
35464
48048
247104
4400
154440
151164
82368
369512
151164
1586
14300
12600
12012
2730
151164
63648
369512
1441440
11824384
3570
8580
151164
151164
63648
6720
291720
2730
63360
2730
739024
12012
1584
183040
24024
13860
739024
640
155232
369512
8736
63648
517440
369512
369512
1764
84000
22880
24752
3588
240240
739024
100100
25740
728
151164
66000
151164
44330
30240
22880
739024
810
6734
739024
6006
34320
151164
151164
2730
3528
8736
24752
24752
24
2730
335920
739024
8736
8736
1320
240
128128
440
72072
8736
291720
63648
335920
369512
194040
40040
1008
63648
320
30240
193050
66066
728
24
24024
24752
335920
151164
2730
28560
24752
66528
24024
24752
144144
151164
9900
6600
777920
335920
24752
24752
31616
2730
768
151164
4400
100800
160160
48620
739024
728
151164
335920
200
369512
720720
6480
77616
8736
140
926640
25740
151164
154440
1478048
194480
2730
24752
228800
335920
151164
8736
335920
2730
129360
335920
106920
46200
8736
151164
24752
1260
151164
232848
63648
660
194480
335920
192192
6930
1008
9720
465696
151164
63648
151164
443520
8736
4004
7040
8008
24752
2956096
11550
20592
184756
13200
335920
66066
151164
2730
4004
1647360
369512
2730
8736
24752
55440
151164
450
23429120
64350
151164
56628
739024
24752
83160
17820
335920
66528
1176
4400
151164
335920
369512
728
9240
24024
36960
335920
175032
728
24752
572
8736
335920
739024
24024
24752
137280
1478048
336
63648
13104
154440
8008
739024
26880
7200
1392
63648
16800
24752
30
7920
728
739024
335920
335920
175032
11520
22022
335920
335920
739024
335920
151164
20160
335920
30360
728
25740
6600
24752
24752
728
63648
11714560
335920
58212
80
63648
1320
10296
4488
8736
151164
335920
335920
54054
10
728
2970
1584
1100
2730
8736
4004
63648
26400
2730
110880
8736
8736
2730
257400
7920
42336
1320
8736
210210
728
151164
16016
63648
24752
90090
2532
151164
68640
1200
23760
1478048
291720
10296
110880
4290
31616
63648
335920
156
47040
369512
83160
32032
144
151164
1254
38896
9900
8400
97240
4290
335920
151164
110110
4118400
163020
108108
336
335920
335920
18144
32032
58800
9900
8736
151164
200
1921920
110110
151164
163020
12870
6006
63648
8736
739024
262548
30240
160160
151164
369512
90
151164
64064
3570
8736
335920
335920
24
4488
151164
728
24752
156
6048
34650
1020
66000
3248
4290
60
583440
1210
1478048
396
2520
617760
26880
2956096
49896
2730
12870
24024
12740
335920
2002
24752
151164
228800
335920
1848
1392
63648
232848
12584
8736
32384
137280
572
72930
24024
154440
21168
24752
252
177408
192192
5880
369512
37632
85140
44330
151164
48620
369512
2730
24752
24752
151164
63648
25740
2730
3150
369512
335920
48620
60060
151164
4118400
22880
335920
1408
63648
335920
193050
63648
7200
420
100100
35640
232848
40040
443520
184756
5250
24752
151164
2640
335920
8736
6006
155232
369512
167024
369512
69300
3900
8736
2880
4488
8736
102960
24752
63648
22680
335920
2730
2730
151164
336
21714
28560
8580
108108
840
728
24
4004
262548
335920
42336
1008
51480
231660
3300
24752
24
2730
44100
151164
360
1478048
1176
335920
291720
739024
70224
24752
46200
335920
3570
9900
24
19800
22880
66528
151164
156240
33264
335920
40040
335920
369512
252000
274560
660
54880
24752
8736
8580
72072
24752
154440
210210
840
23760
12600
14112
8960
2640
63648
2730
2310
151164
24752
221760
465696
10296
4488
739024
660
335920
5148
840
92400
63648
184756
1235520
87516
335920
151164
517440
12012
34320
335920
338688
369512
728
194040
369512
24752
24752
32032
335920
24752
151164
68640
335920
369512
63648
63648
63648
48620
77792
194040
732160
31616
193050
2730
15120
151164
151164
12870
97240
13728
335920
192192
728
194040
8736
24752
9900
151164
462
2400
192192
193050
63648
151164
63648
335920
155232
55440
34650
20592
8736
151164
2730
14300
199584
23648768
194480
369512
25344
14112
37800
156
100100
66528
8580
369512
4732
51480
8736
24752
120120
11550
8236800
926
24752
335920
40
335920
12870
116688
728
9240
335920
24024
420
16192
108108
194480
369512
16200
63648
151164
335920
14300
20736
8736
151164
46200
720720
151164
2016
9702
63648
194480
420
2730
24752
4200
1320
420
17820
335920
9240
102102
60060
24024
63648
24752
1364
335920
24752
369512
335920
335920
151164
335920
82368
24752
50176
2550
24752
72930
151164
151164
369512
52668
137280
335920
126
120120
228800
19800
183040
38896
335920
369512
151164
151164
24752
34320
369512
1716
232848
254016
14672
335920
11550
600
68040
151164
335920
184756
63648
24024
87516
160888
2956096
32400
63648
167024
369512
116688
335920
120120
369512
38808
151164
24752
705600
2730
116688
151164
8736
32032
360360
728
151164
369512
4290
194040
11550
47040
6006
728
1584
440
22680
1680
24752
24752
369512
64064
24752
24752
24752
4950
335920
1160
68600
87516
3248
335920
6734
360
33264
32928
2730
335920
24752
2400
1650
102960
30240
63648
77792
7920
8736
63648
8736
26880
25200
151164
2730
66528
48048
252000
32032
369512
151164
116688
194040
54054
8736
24752
369512
465696
840
335920
175032
739024
4488
2730
24
2730
6468
335920
8736
369512
17820
151164
175032
105336
83328
728
156240
151164
194480
540
63648
411840
156
55176
228800
720720
25872
335920
24752
1872
335920
1524
2730
1512
151164
288
31752
160888
360360
2730
2730
20020
100100
6622
87516
151164
140
103488
2730
10296
369512
728
2730
2730
1098240
63648
44330
8736
5616
1478048
38808
1478048
103488
51480
1029600
63648
660
369512
60060
8736
151164
12012
335920
728
24752
1478048
24024
8736
335920
151164
369512
29700
154440
194480
155232
32032
24752
24752
335920
70224
660
9504
192192
110110
151164
8736
177408
91520
63648
335920
151164
41160
2016
48
8736
354816
335920
335920
70224
369512
63648
56628
10080
360
66
151164
508032
1848
24752
10080
70
420
335920
24752
9216
62496
12584
3080
777920
739024
151164
63648
51480
335920
335920
183040
258720
110
23760
1586
2730
308880
7200
1100
64680
514800
51480
14586
12600
151164
156
448
739024
54432
8736
335920
38896
12584
335920
5720
151164
1800
32032
335920
192192
335920
336
151164
151164
335920
90090
4488
335920
840
63648
3528
177408
48620
4200
98000
63648
151164
8736
335920
2016
16016
6006
63648
2730
63648
24752
184756
8736
3570
112
2730
156
8400
2730
1700
25740
63648
732160
728
12012
63648
12012
151164
8736
20592
8736
90090
3300
335920
11550
34020
335920
151164
21600
24
41756
2730
335920
23648768
30030
38808
228800
1080
126720
90090
103488
4400
3410
7650
57024
13230
151164
151164
97240
194480
44330
3360
308880
77616
110880
739024
46200
44100
8736
600
313600
151164
257400
25200
60060
2730
34650
3136
728
156
102960
2730
465696
369512
48620
2956096
24752
739024
151164
72072
34320
369512
396
151164
151164
151164
369512
97240
335920
728
369512
206976
24752
48048
105336
335920
63648
2730
8736
8736
8736
3588
8580
4928
369512
1478048
11340
7920
336
335920
6468
63648
17280
151164
240240
335920
308880
70
151164
77792
274560
24
335920
65520
360360
24752
43472
335920
80
151164
154440
3150
24
34650
73372
28224
63648
155232
36960
335920
990
60060
8736
63648
360
335920
63504
160160
8736
22880
24752
70
8736
335920
199584
63648
60060
27720
151164
2646
335920
728
10416
335920
40040
19800
151164
728
8640
14586
160160
151164
2100
335920
77792
48048
72930
106920
335920
175032
63648
184756
728
11880
1716
2730
335920
335920
335920
728
77616
15600
1774080
97240
2520
8580
151164
480
24752
102960
64350
63648
20160
8580
335920
22880
2730
4732
3960
16
151164
4080
369512
24752
22680
728
128128
63648
18018
63648
100100
15600
18810
369512
335920
16016
12012
151164
4004
728
63648
369512
12012
175032
16800
63648
257400
308880
728
25740
2730
1555840
6048
2956096
8736
32640
24
257400
67200
291720
175032
14112
583440
180180
63648
137280
2730
8400
63648
63648
151164
12544
8736
739024
63648
5040
2956096
34320
739024
24752
151164
335920
63648
335920
369512
184756
3725568
154440
335920
151164
110880
108108
194480
728
24752
728
369512
94500
19800
8400
2730
22880
369512
36288
2730
63648
140
360
24752
2730
96096
35280
175032
63648
151164
2838
3990
38808
369512
2730
151164
24752
1764
128128
12
52920
228800
440
151164
24752
194480
335920
83160
1478048
151164
335920
10080
24752
63648
3410
22176
739024
50400
8736
72072
34320
63648
23760
2730
10010
63648
63648
137280
151164
9900
47040
369512
2730
2730
24752
2730
262548
739024
352800
1100
3548160
14300
335920
12584
4732
24024
151164
1440
73372
66066
335920
151164
64680
739024
194480
151164
151164
16016
60060
6006
1478048
151164
335920
728
151164
3900
369512
63648
63648
14300
660
94080
151164
64350
2730
63648
48048
300
132
24752
2730
127710
8736
56430
63648
728
24752
25344
13860
2730
151164
151164
2738
100100
44330
63648
369512
335920
335920
63648
2730
68112
660
15048
1400
369512
24752
50400
48048
777920
369512
3432
38896
183040
175032
369512
127008
25200
335920
1512
24752
63648
335920
151164
27216
77792
63648
2730
1100
151164
61740
4400
739024
54912
1034880
64064
335920
335920
151164
1608
24024
728
78400
1716
87516
63648
728
672
369512
8736
152064
26334
63648
8736
369512
335920
123480
228800
7920
97240
63648
75504
199584
151164
151164
63648
24752
2730
8736
1478048
16016
360
335920
335920
335920
12096
8736
63648
4732
728
335920
369512
54054
583440
137280
705600
75600
8008
63648
151164
1144
63648
217728
335920
360360
369512
26460
180180
1320
1200
24752
369512
2520
128700
32032
3300
2730
368
110880
75504
335920
354816
257400
335920
63648
10868
24752
232848
2730
55440
14300
2822400
11520
24752
335920
36036
8736
151164
465696
3570
448
8736
24752
21000
335920
151164
24752
4928
24752
63648
151164
151164
8736
70224
18018
63648
335920
2730
132
8736
350064
262548
8736
6006
728
72930
728
6468
369512
2730
116688
6864
335920
335920
25740
77792
24752
335920
137280
24752
32032
15120
2730
960960
658944
369512
330
728
2730
8736
151164
24
63648
110
24752
8736
151164
52668
9900
35280
90090
72
739024
739024
228800
8736
369512
335920
66066
1650
34320
9240
23648768
8736
24752
72930
10010
4928
39732
8736
151164
19800
335920
11760
335920
184756
151164
10602
63648
3588
156
31460
728
24752
335920
24752
228800
151164
44330
59520
739024
3102
335920
777920
24752
110880
432
110880
2730
48048
24752
63648
63648
2956096
30360
98000
24752
8008
38896
175032
167024
232848
31616
8736
1008
2730
8736
20592
335920
2002
1478048
9576
27720
105840
887040
30030
8736
240
240
1144
151164
2730
8736
108108
308880
369512
2730
105840
120120
77616
194040
369512
8736
6160
63648
728
1008
48048
5880
151164
2956096
192192
388960
108
63648
56448
739024
151164
6006
4004
97240
630
8736
232848
7200
2730
369512
12870
335920
739024
10416
784
24752
63648
7840
24752
8736
18018
24752
5040
336
1000
728
335920
8736
151164
4320
20020
151164
369512
63648
110880
25740
335920
2059200
73372
2730
151164
34320
151164
100100
232848
63648
366080
40040
1144
73372
38610
2730
335920
8736
156
24752
175032
360
216216
63648
8736
19768320
3410
194480
63648
335920
3150
158928
240240
151164
116688
63648
62496
24752
291720
151164
1320
2730
174720
66528
18018
1080
2730
57600
11088
151164
322560
177408
12012
28952
63648
48620
63648
6720
2002
8736
80
2956096
102960
8736
63648
63648
6468
24752
28560
739024
35640
739024
156
39600
335920
151164
18360
177408
24752
784
151164
24752
24752
330
2730
400400
335920
30030
1440
63648
2730
728
129360
64350
12584
154440
63648
8736
79464
63648
177408
24752
335920
335920
336
105336
4004
335920
16192
24752
98784
24752
60060
50400
16544
64064
26880
102960
63648
2956096
12012
63648
369512
30360
216216
63648
151164
26950
24024
63648
1008
151164
54054
456
369512
105840
56672
4752
335920
63648
21168
2730
63648
63648
175032
10010
4410
37044
127008
24752
2640
8736
24
56
9240
63648
24752
335920
84084
728
26880
3136
24752
10080
24948
335920
77792
63648
423360
335920
739024
51480
26208
369512
48620
177408
29700
63648
156156
22880
228800
335920
16800
44352
335920
3300
12584
2956096
1478048
163020
369512
83160
8736
335920
210210
2640
120
369512
8736
6006
151164
42336
335920
335920
160160
19800
8736
335920
21714
1586
728
2730
175032
8736
77792
151164
4488
247104
221760
3376
175032
1760
183040
47520
63648
2730
34650
151164
24752
151164
4004
332
2333760
151164
335920
1360
105840
8096
18018
38896
199584
8736
175032
24752
5912192
549120
262548
194480
156156
24752
94380
13860
151164
6600
369512
63648
7920
335920
177408
2956096
16016
1478048
354816
16
24752
6006
335920
14580
335920
192192
105840
335920
24024
728
63648
1200
10080
335920
617760
2730
2610
63648
160888
784
19800
1120
2730
728
739024
151164
48048
335920
8400
156
15120
194480
87516
175032
6720
8736
63648
335920
137280
24752
151164
291720
63648
369512
728
151164
24024
335920
73372
151164
335920
3900
168
1430
20592
432432
38808
6468
7112
177408
63648
25740
154440
240240
369512
24752
5912192
110110
8736
2882880
97240
274560
240240
24752
180180
26880
63648
63360
257400
335920
15600
335920
51480
12012
151164
8736
24752
369512
63648
22880
151164
8736
63648
30096
24752
63648
158928
2730
728
77792
369512
2730
2
68640
335920
70224
63648
63648
924
90090
24752
175032
151164
151164
369512
64350
151164
15120
61200
5040
110880
24752
739024
37752
739024
14112
24024
335920
24752
4488
156
514800
16016
8736
73372
2730
24752
672
2860
11550
160160
5280
63648
151164
335920
8736
151164
64350
151164
63648
2880
24752
24752
291720
2730
369512
13440
205920
115200
132
1478048
151164
108108
8736
42042
369512
194480
335920
156
70560
151164
316800
9360
369512
51480
13440
2956096
194040
1680
108
3410
2730
32032
37620
369512
120120
4400
2772
369512
7560
257400
335920
19800
2956096
27216
369512
194040
335920
728
31248
151164
61200
2730
369512
14112
335920
116688
98000
8736
90
335920
572
4732
739024
151164
2730
8736
514800
175032
1760
2520
63648
63648
24752
151164
176400
194480
4862
3410
8736
369512
24752
48048
137280
25740
335920
30360
2730
160160
24752
1008
739024
40320
63648
560
91520
24024
22880
16016
13178880
24752
24752
63648
58800
24024
369512
34650
335920
151164
193050
660
63648
22
3600
25740
32032
114048
728
8736
20020
8736
63648
35280
2730
210210
24024
24752
138600
25740
10296
11550
24752
151164
257400
24752
24752
83160
63648
23760
63648
1764
1210
2040
335920
64800
335920
155232
2956096
2730
31752
354816
24752
51480
24752
72930
12740
2730
48620
63648
94500
63648
24752
9216
193050
177408
5676
3432
48600
151164
24752
335920
335920
8736
1478048
3960
158928
151164
6006
26880
154440
1440
19800
262548
63648
8736
63648
739024
24752
24752
75504
4732
63648
151164
210210
8736
3528
369512
739024
60060
3432
24752
156156
8736
9576
369512
194040
64350
24752
335920
2956096
63648
11550
7200
63648
30240
12012
335920
8736
120120
2730
51480
14112
151164
4004
210210
10010
27720
151164
51480
7920
32032
63648
550
151164
18810
24024
51480
72072
63648
156
24752
24752
8736
24024
5912192
335920
3843840
77792
291720
4800
110
1478048
32032
2730
3111680
48048
18018
369512
23760
396
262548
192192
11612160
335920
151164
60060
335920
180180
728
24752
15048
144144
151164
335920
840
183040
83160
5040
232848
335920
335920
8736
335920
156
151164
63648
77792
5676
88704
126720
369512
83328
100100
1478048
335920
368
2730
78120
21600
2520
63648
24
192192
8400
167024
105336
1478048
335920
6600
17040
1478048
24752
15120
194480
24752
2730
30
1512
335920
2730
1008
18480
1980
42120
274560
2080
24752
184756
210210
2956096
63648
63648
3960
63648
3500
2838
940800
15444
8736
352800
3300
183040
2730
156
63648
151164
514800
8736
24024
18018
151164
24752
2532
1478048
335920
7392
24
151164
1608
151164
12584
8736
66528
56672
369512
1478048
142560
10010
369512
8736
583440
369512
728
151164
68040
73372
193050
5148
335920
155232
66528
108108
80
63648
18876
88704
728
8736
27300
120120
10296
262548
63648
728
240
335920
369512
1008
24752
1350
85140
335920
262548
156
63648
369512
63648
151164
156
83160
22880
739024
291720
8736
15120
24752
63648
64350
32928
4667520
2400
2730
194040
33264
7056
335920
9576
335920
24
728
11088
40040
34476
151164
151164
32032
151164
63648
335920
24
1317120
158928
335920
194480
1478048
335920
120960
24752
8736
66066
5912192
335920
24752
2730
151164
38808
129360
63648
3360
12012
24752
32032
160160
8580
291720
388960
1320
32032
9072
240240
151164
63648
210210
8736
274560
25740
63648
63648
162162
32340
739024
369512
22680
728
3300
335920
1478048
583440
335920
728
63648
7920
739024
335920
739024
64350
24752
8736
12584
15600
1478048
228800
28224
68040
739024
77792
34320
24752
24752
14300
240240
63648
63648
1080
63648
24752
335920
8736
20160
102102
8736
8736
87516
21168
100800
155232
360360
335920
728
151164
103488
274560
63648
25872
732160
151164
8736
24024
18144
8736
4730
8580
94080
19800
2730
514800
184756
63648
175032
199584
1478048
51480
9240
60060
15730
3150
89232
24752
756
2928640
84000
335920
102960
6864
335920
24752
240
102960
151164
123480
728
9240
63648
369512
400400
335920
4004
335920
63648
739024
739024
184756
63648
8736
369512
1100
30360
75504
151164
335920
108108
739024
19800
3960
63648
7200
335920
18432
369512
335920
2730
24752
193050
151164
60060
728
18018
63648
151164
102960
16016
2640
63648
15600
335920
30690
151164
8580
120120
192192
3432
369512
63648
104160
4950
151164
24024
176400
151164
151164
63648
2730
2556
335920
151164
183040
103488
335920
63648
63648
24752
24752
151164
8736
1110
369512
9240
24752
335920
151164
1320
160160
15120
151164
366080
9576
54054
335920
102960
112896
194480
2730
63648
24752
1680
253440
12870
335920
335920
151164
24752
183040
257400
252
20592
369512
330
73372
73372
63648
30030
6600
84084
8736
12408
369512
8736
24752
194480
151164
6006
63648
1890
1555840
1210
7392
72072
8736
369512
151164
335920
1716
12600
151164
72930
63648
63648
12600
5292
168
262548
2956096
4290
16016
8820
110880
24752
24752
77792
194480
11352
8736
369512
24752
63648
8736
368
24752
151164
8736
24024
19800
25344
2730
96096
35280
40040
24024
156
77616
177408
335920
194040
20
739024
8400
88200
75600
154440
70560
24752
5610
194480
63648
2730
369512
24752
369512
8736
151164
728
175032
335920
24752
18480
45760
70224
77792
51480
2730
990
335920
739024
68640
1430
2574
24752
6006
257400
46200
2640
205920
2956096
2730
6006
8736
91520
739024
51480
2730
280
151164
11880
369512
8736
151164
728
14300
2730
11088
63648
75504
12740
211680
369512
369512
87516
77792
8736
24752
24752
2730
335920
24752
504
63648
388960
2860
193050
24752
369512
63648
11880
8736
17040
24752
335920
30030
739024
151164
1008
1478048
175032
392
1478048
175032
72930
1478048
8580
63648
42336
6468
6734
335920
291720
63648
63648
369512
5912192
27720
156156
9900
728
56448
40
46200
24752
728
262548
2574
8736
2730
549120
63648
66066
137280
728
2730
167024
2661120
38808
24
5040
335920
11550
63648
335920
4836
151164
15120
158928
250880
63648
728
24752
105336
194480
3696
11880
335920
151164
13837824
739024
47520
18018
369512
151164
24024
2730
175032
90090
8
990
335920
73372
151164
2730
335920
63648
151164
25344
168168
335920
2196480
1478048
24752
11824384
2520
335920
1716
465696
9900
30030
8736
10
4004
3150
115200
63648
335920
151164
14112
72072
369512
116688
151164
369512
7700
6600
34650
2730
156
151164
63648
8580
56448
199584
254016
3150
335920
24752
10752
1098240
151164
7112
2730
13728
63648
46200
1110
8736
369512
369512
14112
739024
320
192192
728
63648
335920
232848
1152
116688
24752
8736
48048
26880
2730
24752
151164
1008
24752
151164
156
176400
151164
48
2956096
167024
335920
49896
335920
151164
151164
190080
2574
151164
151164
63648
151164
166320
151164
183040
129360
63648
24752
8736
194480
240
739024
12012
10010
291720
2730
175032
30240
335920
1008
335920
63648
1680
151164
24752
2520
63648
151164
369512
335920
6006
64800
3990
6048
739024
120120
51480
2730
77792
728
30240
2730
151164
137280
728
24024
199584
896000
360
24752
51480
193050
728
68040
8736
77792
151164
26880
63648
369512
193050
5040
335920
10296
68640
24752
9576
335920
2730
24752
47628
24752
66528
24752
8064
8736
103488
335920
24752
335920
151164
63648
2730
6600
56448
336
63648
137280
739024
10340
44330
63648
26208
19800
151164
2730
1650
335920
24024
25200
1080
465696
2730
12000
24
25344
156
728
175032
8736
63648
9576
739024
1848
1120
2800512
9900
335920
8736
56672
20020
1555840
30240
4004
1716
1478048
63648
26730
335920
6600
151164
151164
25872
480480
63648
335920
151164
151164
262548
2730
4732
2002
24752
151164
443520
151164
63648
77792
369512
100100
193050
63648
63648
2730
4488
190080
105840
583440
151164
26880
443520
102900
68040
116688
60060
2730
728
335920
108108
4290
32032
22176
175032
151164
10340
1166880
24752
6600
739024
24752
155232
11824384
5016
63648
440
8736
1716
1430
205920
931392
73920
17040
2956096
2730
5544
22880
6734
4139520
369512
60060
63648
160160
63648
6600
262548
1100
335920
51480
9072
262548
4488
184756
728
180180
63648
252
2730
155232
105840
175032
154440
630
151164
19800
784
151164
384384
155232
63648
335920
335920
103488
24752
1200
2730
3248
1344
160
63648
8736
24752
151164
32032
8400
8736
151164
151164
41160
30030
47520
132
144000
151164
369512
2730
100100
24310
151164
73372
2730
72
1716
5040
63648
151164
5912192
369512
388960
175032
63648
151164
1716
24752
24752
3960
32032
8736
120120
4900
1478048
369512
156
660
3024
100800
10296
25740
2059200
10296
24752
5600
70
6336
2730
335920
35280
77792
156
2730
151164
21120
335920
60060
151164
63648
63504
262548
2730
151164
210210
728
94500
40320
110880
360
335920
82320
335920
151164
18018
8736
58800
151164
73920
160160
151164
15600
3528
8736
7200
28800
3706560
38896
335920
4004
369512
151164
10296
335920
335920
9072
46200
369512
572
12544
151164
177408
77792
3528
23760
8736
369512
40040
108108
443520
10416
55440
48048
38896
16800
110880
77792
369512
739024
9900
24752
24752
100100
38896
1100
49896
12012
58800
77616
2730
335920
369512
137280
9240
728
24752
151164
24752
36036
50400
335920
3570
24752
1478048
24024
335920
3960
117600
47520
105840
732160
335920
560
2730
154440
990
24752
2730
369512
72930
63648
369512
1120
9900
728
151164
335920
63648
48048
2340
4290
126
87516
335920
3588
4004
63648
1430
151164
2730
30030
151164
20020
335920
151164
1478048
7560
335920
32032
151164
8736
24752
97240
24752
720
480480
8736
171500
127008
21600
60480
63648
73372
1478048
156
12012
931392
2730
158928
739024
5040
137280
32032
274560
335920
31460
63648
1100
335920
335920
18018
19800
35640
335920
5376
20020
739024
1029600
63648
3960
2730
2730
40040
16
335920
335920
183040
199584
2956096
8736
151164
18480
60060
31616
369512
366080
369512
110
52920
1478048
120
151164
335920
728
2956096
180180
8736
22880
3520
8736
83160
24752
3360
63648
8736
15120
335920
6864
151164
151164
369512
120
335920
232848
151164
12012
1512
6006
61200
1320
8736
840
514800
1008
192192
8736
63648
24752
24752
11928
3570
262548
662
24752
151164
1764
335920
8736
63648
4400
24752
369512
156
1478048
8736
8580
151164
2002
151164
5912192
87808
184756
739024
120120
7440
2730
335920
3146
42
184756
27720
6006
4488
94595072
572
360360
335920
100100
1800
76832
2520
311168
8736
369512
335920
194040
2730
58800
291720
336
24752
151164
5544
154440
2540
369512
68040
5040
156156
63648
151164
8736
354816
4004
151164
194040
335920
63648
97240
8736
1008
151164
335920
41184
83160
63648
151164
335920
369512
1008
1478048
151164
40320
63648
2730
2880
48048
151164
18
24752
177408
48620
63648
60060
5040
6600
335920
8736
3900
739024
8736
84084
156
16016
1680
8736
15840
335920
77792
24752
8736
20020
840
120120
335920
31616
369512
22880
335920
22880
24752
88200
335920
32032
8736
63648
97240
15120
8736
63648
151164
184756
2730
6864
2956096
63648
24
63648
350064
151164
20020
75600
13440
1555840
88704
151164
41580
138600
32032
3570
167024
63648
9576
151164
3410
4978688
160888
8736
335920
68040
9900
63648
151164
70224
100100
24752
335920
32
240
2730
25344
8400
24752
120120
3360
63648
3920
60060
24752
63648
3410
24752
151164
6048
30
2730
63648
2520
137280
728
25740
3136
369512
24752
24752
8736
96096
33264
8736
728
2880
24752
70560
40040
38610
84000
151164
70224
91520
1512
8736
82320
739024
9072
335920
151164
739024
369512
63648
2730
369512
160160
24752
1430
151164
151164
7920
45760
232848
560
32032
8736
24024
194040
30030
2730
24752
2340
335920
63648
335920
739024
14300
8910
8736
369512
11550
308880
2730
2800512
35840
151164
8736
129360
2532
369512
728
24752
64350
25740
8736
151164
151164
335920
60060
63648
388960
151164
63360
63648
2730
2000
15680
369512
369512
335920
77792
6006
192
24752
194040
24752
66528
517440
24024
369512
16016
151164
151164
369512
68040
11880
335920
24752
63648
335920
369512
194480
8736
24752
11880
19800
151164
7920
228800
151164
1320
63648
73372
23760
2730
63648
369512
8736
369512
116688
221760
63648
24752
335920
8736
864864
63648
32032
63360
151164
31616
2730
24752
262548
46200
335920
194480
151164
151164
34650
94500
152064
2956096
151164
8736
35280
16128
17040
91520
335920
3136
335920
1848
728
151164
48048
63648
30030
1008
262548
24752
41160
70
151164
6600
8736
335920
16800
262548
4480
8736
6006
660
335920
40040
335920
1848
24752
720720
8736
156
12584
18480
14
72930
24752
63648
167024
335920
24752
205920
3300
63648
274560
24752
335920
3360
2730
184756
3960
226800
369512
728
335920
63648
2730
739024
1176
583440
3410
1478048
30030
3000
60060
20020
24
24752
17640
728
3600
63648
30360
63648
8736
17640
151164
56672
194040
112
352800
24752
46200
77792
3300
20832
2730
335920
335920
291720
2956096
87516
583440
583440
15840
24752
2730
24752
369512
34476
215040
77220
14400
40040
102960
369512
32032
1478048
36
12584
25740
63648
990
335920
24752
1478048
728
151164
1430
369512
24752
63648
63648
335920
335920
739024
8736
274560
155232
8736
335920
21714
2730
8736
24752
335920
8736
63648
1008
2772
335920
369512
700
6006
335920
369512
21168
16800
24752
176400
63648
151164
20400
127008
728
63648
369512
183040
369512
11550
11550
96096
151164
335920
335920
12870
10010
63648
728
8520
335920
63648
24
2730
739024
7440
1478048
728
739024
194040
12012
26880
63648
2730
160160
5280
91520
13860
24752
9240
1008
210210
335920
335920
63648
127008
8736
155232
4400
2730
240240
63648
2730
24752
97240
151164
151164
47520
120960
38896
15400
2730
2956096
5580
72930
22880
336
480480
32032
151164
160160
66
100100
21168
35280
151164
1586
63648
335920
24752
3248
335920
728
151164
24752
88200
335920
63504
97240
369512
31616
151164
560
51480
1320
30240
739024
63648
366080
25200
151164
335920
12740
335920
335920
2730
24752
44330
396
739024
2956096
728
63648
28560
183040
64350
8736
728
2040
3248
66066
24752
9576
732160
24752
2100
7112
151164
257400
151164
63648
728
1430
2730
83160
23520
77792
32032
14672
80
2690688
739024
5040
73372
42336
1260
30
63648
2100
176400
64350
335920
18018
63648
6048
24752
2520
3410
147000
335920
9240
5912192
2730
11088
8736
24752
151164
100100
520
2730
24752
24752
728
151164
66066
1608
151164
728
164736
2730
1419264
990
25872
25740
39600
3528
90090
369512
63648
1200
24752
2002
90
1144
151164
366080
63648
63648
24
184756
87516
156240
240
68040
151164
335920
151164
1120
369512
388960
12012
20592
98000
14300
63648
9720
9240
3300
63648
8736
14300
728
63648
335920
72072
335920
151164
540
291720
151164
24752
369512
77792
64350
2730
151164
739024
728
63648
16800
728
1008
151164
739024
151164
2730
11340
960960
864
2956096
291720
42336
12584
63648
2730
105336
24752
335920
68640
8736
2257920
1176
8008
12012
210210
16800
369512
220
1350
335920
335920
8736
77792
24500
63648
18018
3150
77220
151164
38896
24752
1140
34320
151164
151164
25872
8736
8736
1680
16016
51480
1568
137200
335920
38896
23520
335920
335920
3612672
728
137280
154440
63648
335920
60060
335920
739024
9240
116688
728
2730
8736
508032
24024
3400
17820
151164
63648
8400
335920
84
137280
176400
184756
38896
6006
388960
2520
354816
18144
30030
369512
156
42336
132
205920
18018
8736
3960
19800
739024
24752
194480
30360
63648
8736
184756
9240
48048
199584
2730
163020
151164
2730
308880
152064
1478048
63648
6600
6006
728
151164
193050
42
617760
335920
151164
156
369512
88704
63648
63648
10296
1120
583440
22022
156156
6864
1586
68040
8580
3328
335920
180
464
369512
88200
2520
10010
2016
63648
151164
1478048
194040
11550
90090
21714
728
63648
151164
151164
1584
177408
47520
1478048
156156
12012
56700
514800
12870
8736
48620
40040
84
10296
1260
2730
160160
68640
369512
232848
262548
8640
63648
8976
291720
8064000
228800
9144
11760
184756
8736
777920
882
151164
8736
2730
2730
63648
151164
98000
151164
8736
335920
1166880
8736
335920
77792
728
1235520
8736
63648
151164
18810
257400
17160
8736
32032
151164
8736
51480
335920
68040
158928
1478048
369512
83160
630
22176
335920
2016
200
42336
369512
47040
728
160888
156
2
83160
900
1014
63648
79002
151164
21714
335920
9450
8736
175032
369512
63648
388080
63648
24752
129360
151164
396
63648
3410
70224
63648
24752
484
151164
630
63648
5880
175032
46592
115830
6006
480480
141120
151164
8736
12012
8736
184756
70224
3300
75264
15600
728
20592
335920
2007040
2520
335920
3203200
35640
24752
12012
89600
335920
2520
660
42000
77792
63648
16016
228800
8580
156156
7687680
24024
40320
8736
19800
369512
151164
63648
17640
24752
63648
32928
335920
151164
18
156
24752
335920
64680
151164
16016
63648
335920
2730
56
107520
369512
24752
184756
60060
58212
68640
83160
175032
739024
177408
8736
66528
30240
132300
388960
63648
335920
2730
1320
8736
84
90090
205920
40040
38896
3810
20592
3150
108864
151164
6000
3300
11880
22680
960960
194480
335920
240240
156
20592
28224
163020
30030
130416
120120
44100
80
2730
400400
12584
360
194480
2002
22
8008
24752
330
6734
16128
63648
24752
335920
1478048
8736
51480
232848
1478048
8736
728
70224
16800
1176
1320
87516
40040
8736
8736
8736
4004
63648
151164
728
26880
6589440
10080
5040
2730
2730
63648
1029600
335920
1408
360
63648
63648
36432
728
739024
560
335920
291720
728
739024
8736
739024
420
1848
24752
63648
24752
24752
55440
8736
335920
10010
63648
151164
155232
6006
68040
288
4900
78120
21714
24752
97240
60
48048
63648
24
335920
728
63648
2730
335920
91520
291720
9900
335920
63648
63648
728
151164
2730
48000
194480
151164
728
1176
1029600
28560
77792
16016
63648
777920
780
77792
24752
2730
25872
257400
514800
73920
335920
77616
194480
13260
210210
369512
15600
8736
151164
6734
194040
63648
13440
3376
16800
739024
1100
151164
335920
1920
63648
2730
151164
151164
24752
16016
11824384
151164
70224
291720
151164
151164
1478048
9504
20
8736
24752
18018
24752
63648
46200
8736
2730
156
739024
156156
151164
369512
63648
12012
369512
184756
1478048
63648
116688
156156
19800
24
12544
63648
8736
572
151164
4732
369512
672
1478048
2730
739024
2956096
156
38896
1441440
102960
77616
24
102900
108108
193050
369512
151164
151164
335920
6006
728
35280
369512
88200
63648
335920
63648
199584
8736
8736
2730
2520
156
12012
102960
77792
193050
24752
2016
54
151164
1080
728
63648
129360
728
68640
102960
60060
184756
34320
151164
9984
3240
24752
91520
26880
90090
5040
335920
8580
728
16632
335920
335920
335920
2304
728
369512
163020
63648
572
21504
60480
32032
105840
110880
63648
5720
151164
2520
12584
151164
360
25740
8736
116688
120120
36288
63648
3300
25740
28560
335920
24752
335920
335920
34300
369512
63648
87516
175032
156
210210
77792
8736
151164
2730
369512
25740
335920
560
24752
77220
26880
184756
116480
8400
5912192
73372
167024
369512
24752
280
66066
3900
17640
102960
335920
22680
63648
2800
63648
2730
24024
24752
335920
6864
335920
11550
887040
1680
335920
335920
176400
3150
151164
100100
369512
4488
739024
335920
1716
63648
193050
560000
33264
732160
4862
2730
3570
369512
369512
10416
1152
34476
160160
20592
335920
63648
84
77792
1470
151164
34056
2730
151164
151164
13728
98000
21714
63648
137280
137280
240240
739024
24752
740
335920
65520
20020
9900
480
151164
2956096
924
11824384
60060
23760
739024
175032
151164
63648
8736
583440
23520
32032
11880
9900
291720
728
167024
1320
84084
155232
151164
60060
335920
2956096
335920
68640
228800
63648
8736
2730
1764
117600
335920
24752
700128
63648
12012
369512
232848
77616
335920
335920
2880
335920
40320
63648
19800
8400
137280
20592
63648
4200
23648768
97240
151164
2730
192192
480
24752
14400
335920
194480
15600
25344
8736
257400
151164
1584
48620
123480
264
463320
35640
24752
69300
14300
335920
175032
151164
63648
2520
28314
335920
16800
8736
388960
8580
540
8736
24752
335920
87516
151164
6468
83160
13440
335920
16016
24752
39600
24752
24752
2400
24752
369512
732160
240240
14168
2002
8580
24752
335920
160888
335920
335920
42336
190512
728
63648
194040
335920
24752
70
16192
8736
335920
8580
14850
12740
24752
12
2730
288
1400
8736
369512
2730
335920
6006
142560
369512
2730
2
8736
335920
369512
25872
1716
335920
8736
24752
335920
194480
739024
10296
63648
66066
1320
210210
228800
2730
728
151164
1260
1478048
335920
335920
739024
4290
1478048
24752
360
8736
42
24752
252
41580
274560
24752
63648
90
151164
110880
369512
151164
2080
739024
151164
8736
24752
228800
73920
369512
166320
9240
63648
1478048
151164
2730
335920
400400
30030
388960
151164
10010
44100
1478048
335920
193050
335920
156
2730
193050
151164
40040
232848
5940
8736
8736
24752
4732
2016
151164
739024
156
100100
3136
48048
11550
335920
335920
166320
8736
160160
156
41184
80640
369512
12600
151164
9072
2
73788
1080
12870
156
24752
10080
24752
4732
335920
66066
8736
335920
682
63648
151164
8736
12474
4400
8736
156
108
151164
28952
38896
926
12870
8736
335920
2730
38896
8580
151164
3528
24752
3720
102960
369512
151164
24752
97240
38896
335920
63648
335920
705600
6734
43890
335920
20020
151164
1008
156
8736
12600
10296
8736
50050
3600
990
1478048
24752
19800
205920
110880
129360
13860
90090
2730
335920
8580
25872
4290
151164
184756
369512
66528
6600
369512
2730
63648
103488
24752
11088
16
158928
739024
335920
58212
960960
739024
1584
116688
38896
19800
20
194480
151164
151164
210210
10
151164
192192
700128
64350
151164
151164
7592
9072
8736
193050
739024
2880
151164
396
24752
396
8580
168
369512
24752
102960
63648
335920
14112
2730
728
156
63648
22680
25740
176400
128700
1512
24752
96096
6600
24752
20592
98000
63648
8736
1960
2002
1110
30030
728
63648
4290
63648
1478048
8736
77220
739024
94080
30240
83160
15840
49896
151164
2574
38896
887040
37044
24752
335920
68040
5148
158760
10010
151164
14700
462
9000
260
38896
110110
160160
2730
63648
257400
6272
105840
3248
62720
739024
50820
335920
335920
105840
100100
335920
3360
4004
199584
12012
369512
335920
823680
739024
63648
34560
1478048
8736
63648
24752
8736
34650
335920
369512
8736
369512
46200
335920
49896
177408
24752
24752
24752
151164
22880
335920
75504
24024
617760
335920
335920
369512
60060
137280
90090
102960
6006
14080
156
156
156
24752
83160
739024
31500
151164
6006
63648
97240
73372
40040
8736
24752
3150
63648
14112
335920
24752
151164
151164
5912192
155232
1200
369512
291720
48048
24752
2956096
8736
41580
155584
369512
151164
151164
369512
6006
12870
8736
63648
369512
20
151164
75504
335920
90
154440
12012
8736
1040
5040
23063040
291720
41580
4752
8736
583440
335920
369512
369512
2730
24752
18018
2730
63648
3150
151164
24752
151164
330
151164
177408
739024
192192
23760
3360
2640
3360
63648
90090
33600
8736
24752
2730
335920
18018
2730
1774080
335920
335920
369512
5676
10500
12600
42
63648
32032
8236800
110
1008
480
369512
739024
24752
335920
63648
156
63648
73372
64350
335920
13440
464
10010
63648
22880
63648
4004
11088
11550
72930
151164
151164
156
10296
24752
8736
90
194480
25872
1478048
48620
8736
63648
53760
90090
40040
12584
24752
335920
13860
63648
335920
968
24
3168
15120
274560
205920
16800
739024
10
175032
369512
369512
335920
335920
8736
6480
22950
110880
48620
23760
2730
100100
465696
1478048
335920
335920
11550
66000
48048
87516
369512
30030
369512
8736
33600
140
7920
24024
49896
151164
199584
68640
47520
1764
100100
335920
4732
369512
8736
63648
102960
4004
20592
60
137280
10296
4004
1862784
94380
257400
35280
24024
151164
8736
73372
24752
151164
7560
335920
156240
63648
28000
175032
8736
369512
728
728
155232
6006
77616
24024
24752
369512
274560
24752
34650
335920
335920
10296
151164
24024
151164
34650
6622
55440
38808
151164
2730
8736
147840
335920
739024
7392
63648
24752
156
20020
175032
369512
360
63648
40040
63648
240240
151164
335920
32032
335920
8736
14300
5912192
60060
4004
21714
120120
335920
38808
24752
2956096
8736
335920
51480
52920
514800
63648
335920
156
151164
6006
294
64064
335920
24752
39600
160160
44100
1166880
335920
63648
20020
4004
8736
123552
60
66
21714
127008
63648
48048
48620
151164
2016
151164
2002
335920
8736
16016
151164
1144
30360
151164
480480
177408
5880
40040
926
262548
35280
40040
19800
3588
696
335920
335920
24024
369512
102960
335920
336336
291720
262548
728
97240
291720
112
12870
102102
28560
335920
54880
55440
504
19656
24752
24288
34320
291720
151164
156
8736
63648
19800
42336
728
87516
5644800
728
151164
26460
151164
335920
1478048
840
335920
388960
30030
63504
23648768
155232
1764
2640
2860
1478048
12870
8736
194480
63648
63648
1478048
24752
4488
116688
20020
4950
335920
24752
8736
77616
44100
8736
335920
2730
3248
8736
156240
728
369512
63648
5040
728
335920
63648
22880
2640
2730
739024
115830
63648
63648
87516
470400
63648
94380
728
205920
335920
95040
158928
24024
103488
63648
2956096
63648
369512
24024
8008
77792
177408
54054
111600
739024
4862
18000
129360
11340
369512
73372
151164
583440
8736
4004
24024
24752
1555840
22680
59400
73372
63648
739024
63648
151164
9408
240240
54054
2730
77792
216
240
27720
3600
43890
28800
26598
294
34650
151164
16016
151164
9900
728
75504
83512
24
240240
60060
151164
1478048
3528
194480
137280
8736
291720
194480
4200
72072
7392
24752
990
210210
2730
24
154440
76076
2640
156156
151164
66528
38896
16016
102960
13200
291720
63648
100100
24752
8946
24752
63648
617760
32032
97240
14112
24752
102960
38896
12760
48048
151164
369512
66528
2730
24752
151164
20592
90
2002
9450
335920
24752
32400
20592
11088
24752
151164
990
100100
9900
4800
4118400
8736
549120
24752
137280
630
22880
63648
63648
440
360
1478048
29700
199584
739024
8736
16016
151164
63648
192192
63648
151164
63648
154440
2730
102102
369512
63648
1110
60060
6468
9800
335920
20592
630
46200
63648
1176
11088
63648
4488
291720
73920
63648
369512
176400
369512
24752
6622
94080
1584
63648
40040
2016
49896
24752
27300
8736
24752
3150
24752
24
8736
5600
151164
335920
335920
63648
2046
151164
63648
8736
90
63648
369512
739024
42
12870
20592
110880
1176
151164
151164
18018
110110
112896
66066
8736
68640
177408
155232
95040
126720
64350
63648
739024
63648
160888
8736
12012
1478048
335920
14300
1512
63648
335920
63648
806400
151164
194040
30240
1478048
931392
44352
1419264
19800
335920
335920
151164
11550
63648
151164
262548
193050
116688
1800
63648
19800
20020
63648
1408
335920
10296
1080
369512
1210
232848
151164
24752
63648
155232
63648
335920
31616
8736
151164
8008
2730
728
8736
335920
29400
12012
2400
8008
335920
924
6006
420
11550
739024
190512
3024
64350
1000
21952
465696
38896
63648
32032
6006
8736
44352
14580
151164
8736
335920
151164
24752
464
175032
24752
49896
16016
151164
63648
63648
72930
369512
335920
8736
336
1120
90
8736
1008
335920
728
151164
151164
63648
2956096
51480
420
335920
2730
18
2730
14300
335920
63648
54432
8064
20020
335920
194480
64350
888
8640
63648
175032
335920
97240
24752
151164
2730
22680
739024
47520
112
8736
151164
10868
60060
63648
48620
464
291720
160160
151164
257400
335920
335920
12544
8736
3542
4732
2730
6468
51480
151164
8736
13860
192192
228800
8736
48048
2196480
369512
739024
739024
13728
369512
8008
30240
240
388960
31616
335920
54432
728
291720
739024
1800
6468
2730
1470
2730
184800
63648
228800
1368
335920
80
205920
369512
6600
40040
240240
151164
75504
