0
0
885589515
295196505
646720429
0
0
456840382
0
0
194011298
0
477738172
713448436
955476344
0
0
182541667
0
856008466
772934677
0
0
238869086
0
590393010
196101077
885589515
0
0
0
182541667
0
0
884196329
559094632
0
0
885589515
646720429
590393010
0
869940326
0
856332609
0
306666136
0
322315325
150988105
772934677
559094632
590393010
0
0
470958467
477738172
0
0
119434543
0
0
245648791
0
0
491994175
0
679039543
0
548321594
0
856008466
295196505
873050841
660279839
0
0
372559632
0
119434543
982595164
983988350
0
414631048
491994175
0
0
716607258
0
196797670
0
0
238869086
238869086
295196505
97005649
0
0
0
470958467
38333267
0
0
0
291016947
793273792
491297582
912708335
0
0
0
772934677
836041801
0
0
301976210
0
306666136
499284248
597172715
491994175
0
0
0
0
0
238869086
0
0
0
238869086
0
0
0
646720429
983988350
0
0
912708335
0
827172317
119434543
0
0
0
763506518
0
0
869940326
822482391
0
0
393595340
716607258
820392612
0
0
0
0
360648592
646720429
955476344
0
477738172
0
885589515
200232328
590393010
0
0
196797670
393595340
898452332
779155707
0
0
772934677
0
182541667
723897331
822482391
0
644630650
0
0
741636299
0
588303231
76666534
462088983
734601410
741636299
0
660279839
0
0
0
0
414631048
97005649
98398835
0
0
322315325
0
0
869940326
0
919998408
0
69886829
0
0
477738172
829262096
0
441749868
393595340
0
0
0
0
969732347
434970163
84142832
919998408
393595340
153333068
0
0
855684323
678273991
0
295196505
0
597172715
644630650
734601410
279547316
0
434970163
0
656100281
336571328
0
912708335
0
951679562
0
238869086
196797670
434970163
0
0
0
0
313956209
0
0
153333068
150174246
0
912708335
548321594
0
25029041
736122188
0
535086327
0
941916934
139773658
0
0
590393010
165823435
0
0
966945975
182541667
0
0
548321594
0
0
636202575
365083334
93139908
590393010
0
0
0
322315325
0
547625001
449226166
0
119434543
83701423
434970163
716607258
0
869940326
644630650
84142832
0
0
0
730166668
955476344
613332272
414631048
734601410
0
396636896
459999204
97005649
0
588303231
511636697
0
69886829
0
194011298
0
0
477738172
885589515
434970163
772934677
0
0
0
0
274160797
603952420
0
885589515
590393010
0
0
0
0
477738172
0
0
0
0
322315325
154029661
982595164
477738172
982595164
688791845
0
367300705
0
0
547625001
772934677
365083334
590393010
0
0
0
787190680
0
969732347
196797670
182541667
955476344
0
0
0
0
0
414631048
0
829262096
38333267
69886829
0
42071416
917143077
0
0
0
0
295196505
0
0
0
434970163
279547316
0
983988350
238869086
150988105
477738172
0
0
0
0
590393010
716607258
0
0
0
660279839
646720429
0
966945975
17131986
969732347
0
590393010
793273792
0
0
547625001
910363372
0
0
822482391
0
0
0
238869086
0
812916314
0
313956209
613332272
970056490
822482391
182541667
0
0
444350015
0
829262096
428652519
0
0
955476344
590393010
0
884196329
358303629
0
0
772934677
103657762
295196505
434970163
941916934
0
0
885589515
322315325
588303231
379339337
0
0
0
0
0
141991029
0
295196505
0
941916934
76666534
0
0
822482391
0
0
428652519
463482169
0
772934677
0
0
154029661
0
0
295196505
0
0
295196505
0
463482169
0
0
25029041
279419724
0
716607258
969732347
