636540367
0
79228700
313583759
483434828
0
275319451
0
0
483434828
313583759
636540367
0
624753596
774272553
0
483434828
241717414
713448436
0
483434828
111840979
103033451
636540367
0
0
0
0
0
0
966869656
274836381
0
0
0
627167518
0
966869656
515843553
825765125
241717414
0
141104531
0
56865085
854511663
0
0
966869656
0
636540367
0
0
0
483434828
0
0
874885436
0
241717414
473061895
396323079
761927107
0
912004739
871885184
0
762899536
483434828
966869656
0
0
0
966869656
966869656
483434828
966869656
955124546
1944858
0
586723820
0
0
0
0
0
955124546
536665738
0
0
0
0
241717414
483434828
483434828
912004739
274836381
0
0
0
0
0
0
966869656
0
966869656
774272553
0
275319451
499284248
483434828
966869656
825765125
483434828
0
0
0
745526015
0
250290410
0
710778973
955124546
957124714
0
0
926378008
0
241717414
0
225261369
340330129
0
963738846
587047963
738153334
0
0
483434828
0
274836381
313583759
0
0
0
0
103033451
0
0
0
0
0
370980221
0
966869656
0
483434828
980870832
0
0
483434828
833765797
0
942251403
0
0
0
0
313583759
0
768755119
0
966869656
937130394
0
0
0
966869656
0
0
966869656
0
0
661286569
0
0
0
0
241717414
241717414
241717414
250290410
0
0
550638902
0
627167518
700813148
0
241717414
0
0
483434828
0
825765125
0
0
966869656
0
241717414
0
0
0
994244017
0
0
241717414
435942592
572174652
0
968497731
0
753788517
960855860
0
0
627167518
751526519
0
0
0
0
0
0
966869656
833765797
0
0
0
0
483434828
0
0
0
0
798984454
0
569674442
0
0
966869656
483434828
829765461
968497731
0
0
0
0
0
318390951
0
0
753788517
241717414
966869656
0
912004739
0
871885184
0
0
0
483434828
0
241717414
966869656
437442718
519112995
0
241717414
241717414
0
0
792646158
0
0
483434828
760299389
966869656
0
483434828
0
825765125
428652519
0
0
938751109
587047963
587047963
825765125
275319451
350406574
483434828
966869656
0
483434828
0
0
627167518
0
150174246
241717414
0
0
0
966869656
854511663
912004739
481724502
0
483434828
0
0
0
0
0
550638902
688419395
0
525609861
912004739
241717414
0
0
490435416
0
0
0
0
0
0
0
0
0
241717414
273464204
351703146
955124546
200232328
0
0
0
266753458
241717414
0
0
762899536
0
871885184
241717414
0
0
0
569674442
876016435
0
0
450522738
0
483434828
0
231434092
0
0
636781902
483434828
0
0
966869656
483434828
0
0
483434828
515843553
241717414
966869656
963449004
108985648
0
0
0
710778973
0
0
880085730
0
483434828
0
0
0
0
0
636781902
0
0
0
516133395
966869656
0
980870832
0
483434828
966869656
0
0
534065591
563639637
0
0
0
550638902
0
298210406
490435416
0
0
955124546
0
636781902
241717414
0
966869656
241717414
0
241717414
0
938751109
0
975160170
955124546
966869656
0
481724502
483434828
0
0
983371042
0
0
0
914004907
0
483434828
241717414
250290410
0
0
757043953
0
636781902
251262839
0
938751109
340330129
0
0
817392360
751526519
136732102
241717414
483434828
0
0
381449768
241717414
0
483434828
636781902
527554719
396323079
966869656
0
0
0
241717414
0
241717414
966869656
483434828
0
0
857305038
125145205
0
0
527554719
0
0
0
0
