0
0
22
0
43472
6006
0
132
0
0
180
16016
6006
0
0
0
0
0
0
0
0
38896
22
0
2
0
0
422
8008
0
0
0
739024
0
0
0
0
0
38896
132
572
0
0
0
0
210
132
0
0
369512
6006
2002
22
0
0
0
2002
184756
87516
0
0
0
132
0
2
22
0
0
0
6006
0
184756
0
4
0
0
0
132
0
22
1456
366080
0
14256
184756
6006
0
0
0
0
0
0
10010
0
0
0
0
0
0
87516
0
0
0
850
0
56
0
0
0
0
87516
0
0
2
572
22
0
0
128700
0
87516
0
26334
0
0
572
0
0
0
0
87516
0
0
0
369512
0
38896
720
0
132
0
0
360360
2
0
0
5670
0
0
0
0
0
0
132
0
0
0
0
16016
0
6006
0
0
0
0
16016
2
0
0
0
320
132
0
38896
132
16016
2
0
0
0
0
22
369512
0
0
0
184756
0
369512
0
38896
0
0
0
22
132
16016
0
108
572
2002
0
0
0
38896
170
0
572
0
0
739024
0
0
0
0
0
0
0
0
2002
0
180
0
0
0
16016
572
0
0
0
0
0
0
0
0
0
0
2002
0
0
38896
0
739024
0
0
0
0
572
0
0
0
112
420
68640
87516
2
0
0
0
56
132
0
0
70
36
0
366080
0
8
572
0
0
0
2
2002
0
0
132
0
0
0
0
22
0
0
490
252
0
0
0
87516
132
0
0
0
0
0
0
0
0
22
0
154440
0
22
0
3144
0
0
70
0
0
0
0
0
0
0
0
0
0
0
946
572
184756
0
0
0
0
572
0
572
572
0
210
0
0
0
0
0
0
0
0
0
2
0
0
0
0
240240
0
0
0
112
422
0
87516
0
0
0
14
0
0
0
0
0
0
739024
0
0
480
22
0
38896
0
2
0
70
2
1980
16016
0
0
0
6006
22
0
0
0
0
12144
0
514800
0
38896
0
0
0
1040
2002
0
0
132
0
184756
0
990
0
2002
2
0
0
0
0
0
0
2
0
84
0
0
0
184756
0
0
87516
2200
0
0
510
132
0
0
38896
0
0
0
38896
0
0
0
16016
240
0
0
0
0
0
184756
0
0
0
0
140
0
0
0
16016
0
1760
2
2
184756
0
6006
0
0
369512
369512
0
0
0
0
0
0
38896
12474
20
22
0
0
2002
739024
24310
352
87516
0
0
0
0
0
354816
0
0
0
2200
4104
0
0
0
0
38896
252
87516
0
2
0
0
0
0
0
0
108
2002
0
0
0
0
0
38896
0
0
0
572
0
0
0
0
2
0
0
0
0
0
0
0
0
0
572
0
0
0
0
0
0
0
0
27720
0
0
184756
184756
132
0
3146
0
0
0
0
87516
0
132
0
0
55440
0
0
132
0
0
184756
0
168
0
739024
369512
0
0
0
132
132
0
1980
22
0
0
0
0
0
184756
0
132
6006
0
0
0
55440
22
0
0
8
0
0
0
369512
0
6
0
0
2002
87516
0
0
132
0
0
0
38896
0
0
0
0
108
0
2002
0
0
0
0
2002
0
0
0
6006
0
0
2002
0
0
0
0
0
0
0
0
8096
0
22
0
0
0
0
108
132
0
0
0
184756
369512
0
0
18876
0
0
369512
12
0
0
0
0
0
0
0
22
0
0
0
0
0
0
87516
0
0
8
0
369512
2
22
0
0
0
0
0
0
0
2
0
0
2002
0
87516
0
22
0
6006
0
180
0
0
22
2
2
0
0
0
2
0
0
0
369512
0
0
0
6006
0
0
0
184756
7560
880
0
2520
0
0
2
0
0
2002
0
40
0
3080
0
0
0
0
22
0
422
739024
0
2002
0
0
0
0
87516
0
0
0
0
0
0
0
0
0
132
2002
0
296
22
16016
0
0
0
0
0
0
0
0
0
572
0
0
10
0
0
16016
739024
0
0
3146
0
870
0
0
0
22
0
0
0
0
0
0
0
0
56
116424
0
132
0
0
0
2002
0
0
0
0
0
38896
118800
0
0
0
8
0
0
369512
572
41756
2
0
0
0
0
0
0
0
682
0
184756
38896
369512
739024
0
0
0
38896
2002
0
2
2
0
739024
0
369512
739024
87516
0
739024
180180
0
0
22
0
2002
0
0
22
0
0
572
0
0
22
184756
7040
0
0
0
0
0
0
0
0
0
0
184756
38896
60060
0
0
0
87516
0
184756
0
2640
0
0
0
0
572
22
184756
0
2002
0
0
0
0
0
13104
0
0
2002
5940
0
0
184756
0
0
0
0
0
0
3146
0
12
0
0
0
0
2
0
0
572
0
0
110880
0
0
0
64
0
16016
572
4004
16016
0
0
0
184756
20020
87516
0
0
0
2002
0
0
0
0
0
0
0
0
0
0
2
560
572
92
0
0
24024
4004
0
0
0
2
132
0
0
0
0
0
0
0
2
0
0
0
0
0
352
87516
0
0
87516
0
22
0
0
0
38896
0
132
0
739024
0
0
0
0
0
41664
0
0
38896
0
0
0
0
0
0
2
10
850
0
0
2130
0
0
0
0
0
369512
0
87516
176
44
3080
0
0
16016
0
0
0
0
0
980
0
4752
369512
0
0
0
0
739024
22
184756
0
22
0
0
0
369512
0
2002
0
0
0
0
0
0
22
0
0
0
0
0
0
739024
22
38896
0
0
2002
132
16016
330
6006
6006
2002
8008
0
2002
0
30
2
12474
0
0
369512
22
2002
0
0
0
0
0
2002
369512
0
0
0
22
0
0
180
0
184756
160
0
6006
22
0
55440
0
0
12012
0
108
0
6696
16016
0
38896
0
0
0
0
0
0
0
110
900
0
184756
0
0
0
0
2
2
0
0
0
8
184756
6006
0
0
2
896
0
0
0
132
0
572
0
0
0
0
2002
0
132
6006
1716
572
0
0
0
0
0
16016
422
0
0
946
132
572
1430
0
0
132
572
583440
0
210
0
0
572
0
0
600
2002
0
14
6006
22
0
0
369512
369512
144144
0
0
22
0
12474
16016
0
0
0
0
0
16016
0
0
0
0
22
0
0
0
0
132
0
369512
0
0
1320
0
0
0
0
0
0
22
0
0
0
184756
739024
0
0
184756
0
100100
0
0
87516
0
0
22
0
0
0
0
0
2
6006
369512
0
572
0
2002
369512
0
0
0
8
0
2
0
4290
2
0
0
369512
0
184756
0
0
0
0
0
0
0
2
0
0
14700
0
0
0
0
0
572
0
0
132
0
0
0
0
0
0
739024
0
38896
0
422
0
0
0
0
0
0
0
0
0
0
22
0
0
572
87516
330
0
6006
0
0
0
0
87516
0
0
0
0
0
0
0
0
132
6
0
145860
0
132
0
0
132
0
0
2
0
572
0
184756
0
0
0
0
12474
64
155584
0
0
0
66528
6006
184756
22
2002
0
0
352
210
0
41756
0
0
0
0
2002
0
0
0
0
184756
0
0
0
0
0
0
0
369512
0
38896
0
0
0
0
0
2
22
0
0
0
350064
0
0
0
0
0
0
0
0
0
0
2002
22
369512
19448
72
0
0
0
22
232848
132
87516
0
0
0
0
0
22
22
132
43680
0
0
0
0
0
0
0
6006
0
0
572
16016
0
0
0
0
369512
0
0
0
0
42570
0
369512
60
0
369512
2
0
0
77792
0
16016
0
0
6006
0
0
0
175032
0
0
16016
0
0
132
0
0
0
0
0
0
0
0
22
0
0
0
2
0
22
0
0
0
0
0
0
0
87516
2
87516
155584
0
0
0
0
38896
0
0
0
0
2
41160
0
0
0
0
0
0
0
0
184756
0
0
38896
0
0
87516
184756
0
440
2
2
0
0
0
352
0
132
60060
2
0
0
0
0
110
2
87516
2610
132
145860
0
0
0
0
12144
0
0
6006
0
0
0
0
0
0
0
2
0
184756
0
0
0
3080
0
0
0
0
0
183040
0
0
0
0
2002
369512
0
22
0
0
38896
0
0
0
0
0
0
15444
0
572
0
0
0
0
0
2
0
0
0
2002
11440
0
8
0
294
572
40
0
0
0
6048
0
22
132
4290
0
0
0
0
0
0
572
0
30030
0
16
0
0
739024
0
184756
0
16016
0
0
0
0
22
0
0
184756
0
0
0
0
132
184756
5940
6
0
92
38896
0
0
2
0
0
0
0
22
0
0
4004
2
0
0
0
0
0
0
0
112
6006
0
22
739024
0
16016
739024
22
0
0
882
2
0
0
0
17160
0
0
0
0
0
0
38896
14
0
0
739024
0
739024
0
2
2080
0
0
739024
2
2002
0
0
0
572
60060
0
0
739024
0
0
288
0
132
850
0
0
0
572
0
0
184756
369512
0
0
0
0
0
0
210
0
87516
0
0
0
739024
0
0
0
739024
0
0
0
0
0
0
0
38896
0
184756
0
0
0
572
0
19404
0
0
0
0
0
0
0
0
572
0
0
0
184756
1320
14
0
0
38896
2
0
0
0
16016
0
0
739024
0
16016
87516
0
38896
6006
0
0
0
0
58800
12
572
0
0
0
132
0
0
38896
0
2
8866
0
2002
0
18
2002
0
0
0
55440
0
0
0
0
0
0
87516
0
0
2002
0
0
0
0
56
54
0
87516
0
2002
0
2002
0
155584
0
0
22
369512
0
0
0
8008
0
0
0
132
22
129360
14
0
0
70
0
0
0
6006
2
0
0
0
0
0
0
0
221760
2
0
0
0
16
0
0
0
2002
0
0
87516
0
2
0
0
0
87516
0
0
0
0
0
0
0
0
0
2
22
0
8400
184756
0
16016
0
0
12
0
0
0
0
0
6006
16016
0
0
132
0
0
0
0
0
0
0
0
0
0
0
16016
762
572
0
0
38896
739024
145860
0
0
42
4950
572
16016
0
87516
0
0
0
369512
0
0
14080
38896
572
0
0
38896
132
40
0
0
2
42
0
0
0
0
0
0
0
0
0
22
0
0
87516
0
0
2520
0
16016
0
6006
2
0
0
0
0
132
0
0
0
0
0
0
22
155584
0
506
22
16
0
0
0
14
0
0
0
160
2002
0
0
422
0
0
0
0
0
572
0
87516
0
0
87516
0
320
6006
140
0
0
0
0
0
1960
0
2
0
0
0
0
0
0
0
0
0
0
132
6006
0
572
0
0
0
0
739024
572
0
0
0
42
22
0
0
0
0
60
0
22
0
291720
0
0
20020
0
4620
2
0
0
87516
60060
0
2002
0
2
0
0
12
56
0
0
0
210
0
38896
0
6720
22
132
16016
168
0
0
0
0
0
572
0
210
1716
0
0
0
0
0
0
132
16016
0
0
175032
87516
0
0
0
560
0
0
0
0
2002
41756
0
0
0
22
0
0
0
0
6006
0
0
87516
0
0
0
0
0
0
0
0
6
132
0
0
0
330
0
2002
72
0
0
38896
2
0
0
0
0
0
3146
2
572
0
0
0
0
6006
0
0
0
0
8008
0
5720
0
22
0
0
0
0
0
12474
0
0
0
0
0
0
1980
0
572
0
0
0
739024
0
0
0
0
0
0
0
0
0
0
132
0
0
0
0
0
0
0
880
0
0
0
0
3144
87516
0
0
0
0
6006
87516
132
132
0
0
0
2
20020
41756
0
0
6006
0
0
0
0
0
0
0
0
132
0
0
2
22
0
22
0
0
88704
0
87516
132
2080
0
572
369512
0
0
0
0
0
0
0
87516
572
0
0
0
0
0
0
38896
6006
0
0
0
0
0
2002
257400
0
0
6
0
0
0
2
184756
22
0
0
1320
16016
0
0
0
0
4
1980
0
0
132
0
15444
0
2
0
0
160
87516
0
0
184756
369512
80
87516
369512
0
0
87516
0
0
2
184756
6006
0
0
0
0
0
0
16016
132
1716
0
0
2002
0
0
87516
0
0
0
0
87516
0
70
0
0
22
16016
0
0
120120
0
0
22
6006
0
0
0
0
0
132
40
5544
739024
2002
0
0
0
6006
0
0
168
0
0
0
0
0
0
2002
0
0
0
160
510
0
0
0
2
3146
0
0
0
0
3146
0
0
0
155584
0
0
0
0
2
0
0
231660
0
17160
7980
0
3146
88704
2002
572
0
0
40
22
0
0
0
0
0
0
22880
0
32032
0
0
132
0
0
0
88704
6006
61440
184756
0
0
0
0
6006
42570
0
38896
22
0
0
0
0
0
0
739024
87516
0
0
0
0
0
0
132
87516
16016
0
0
4536
0
0
2
0
0
87516
0
0
0
0
0
184756
0
6006
0
0
242
0
0
160
0
0
0
572
0
369512
0
0
0
0
0
0
110880
0
0
0
0
0
0
22
739024
30
0
184756
0
0
369512
0
0
16
0
0
572
0
0
0
30
0
14
6006
0
0
0
0
0
16016
0
4092
0
0
0
1716
0
0
0
0
87516
0
0
0
0
0
0
0
0
87516
0
2
0
16
0
0
280
0
2
87516
0
0
252
0
0
0
132
0
0
0
0
2
0
0
0
572
0
91520
0
0
0
0
0
350064
0
0
0
2002
0
0
5280
0
540
0
0
15360
0
0
6204
0
0
2002
369512
6006
0
87516
87516
0
0
572
352
0
0
0
0
0
0
0
2002
4
0
132
0
38896
55440
0
0
0
0
0
739024
0
0
0
0
6006
0
0
0
0
0
0
0
0
0
0
0
184756
0
0
184756
0
0
0
6006
739024
0
132
0
0
0
0
0
0
0
0
34560
38896
0
0
0
0
0
0
0
0
2002
0
38896
369512
0
572
0
6006
64
0
180
0
320
0
583440
0
3960
0
6006
0
0
3432
0
1122
0
0
0
0
0
132
0
0
2
2
5670
0
32032
0
0
184756
1980
87516
16016
72
0
0
2002
132
0
38896
0
0
2002
0
0
0
5720
2
0
0
16016
0
0
2
739024
0
0
0
0
2
0
0
0
0
30030
0
0
0
0
739024
369512
0
0
0
0
2002
6006
38896
369512
22
0
0
0
0
0
38896
0
0
0
540
0
0
0
0
0
0
0
0
22
0
0
0
16016
20
882
0
0
0
12
6006
0
38896
0
16016
115200
0
184756
0
0
2
572
0
13860
0
0
0
0
2002
0
2
0
22
0
0
0
946
369512
54
330
0
0
2002
2
369512
132
0
0
72
0
0
0
38896
0
0
87516
0
2002
16016
0
0
0
0
0
739024
0
0
60060
0
184756
308880
2002
132
0
0
0
2
6006
132
0
0
132
2002
0
0
0
5390
0
38896
90090
2
572
0
38896
2
22
0
0
64064
120120
0
0
0
0
0
6006
22
0
0
38896
2
1680
160160
0
2002
87516
739024
0
0
2
0
0
0
0
739024
16016
16016
0
739024
0
0
0
770
0
0
0
0
1008
0
21168
0
0
0
0
0
232848
0
0
0
0
0
1360
0
0
0
0
0
572
39600
504
0
0
0
0
0
0
0
0
572
0
0
38896
2
0
0
6006
0
0
0
0
0
0
0
0
0
330
2002
6006
8096
0
0
42
87516
0
0
0
0
0
0
0
0
0
0
739024
0
369512
184756
0
0
0
0
0
0
6006
6006
6006
0
132
739024
0
0
0
572
0
0
0
15120
0
0
0
369512
6006
0
0
0
572
0
0
0
739024
0
0
366080
2002
22
16
22
2620
0
0
0
369512
2002
38896
184756
38896
0
118272
132
572
0
0
22
0
739024
0
0
0
0
0
2
0
0
132
291720
0
0
0
0
0
2
0
490
6006
0
0
0
40
10010
0
0
0
0
0
51480
0
0
572
0
0
0
72
6006
0
22
0
0
369512
0
0
2
16016
0
0
0
0
0
42
0
87516
0
0
0
0
0
63504
0
22
0
1760
0
0
0
0
0
572
0
0
2002
0
352800
350064
0
0
0
0
0
112
0
6006
2
0
0
0
2002
0
7150
0
3960
0
0
0
16016
0
0
38896
0
0
0
0
0
242
0
0
22
0
0
0
22
0
0
1040
154440
0
0
0
0
0
0
0
0
112
0
0
0
1122
0
0
0
0
0
280
0
0
739024
0
0
3146
16016
0
0
0
38896
350064
0
0
0
17160
0
0
0
16016
16016
0
0
2
184756
16016
0
2
900
0
0
22
0
0
572
0
0
0
0
0
0
0
0
0
0
572
0
4004
0
720
0
0
572
216216
870
0
0
0
0
572
110
0
10868
0
68640
0
0
87516
6006
0
0
22
16
369512
0
0
0
38896
132
0
0
30
0
0
22
38896
739024
184756
2
0
0
0
0
184756
0
0
4004
2002
0
184756
0
0
0
0
0
132
0
0
6006
0
0
0
0
0
0
0
132
7260
0
0
0
0
0
0
0
0
0
0
16016
0
0
0
258720
0
0
0
0
0
0
0
0
0
0
0
0
0
0
6006
0
38896
184756
37800
0
0
87516
2002
0
10
0
0
0
0
184756
0
0
0
924
0
132
22
0
184756
2
572
0
22
0
0
0
0
87516
0
0
0
2002
0
572
572
0
0
0
16016
6720
2
0
0
16016
0
0
12474
0
572
369512
0
0
132
87516
16016
0
0
739024
0
16016
0
22
0
0
0
0
87516
38896
87516
369512
0
0
2002
0
0
184756
16016
0
0
0
739024
0
0
0
0
87516
87516
0
0
38896
6006
739024
0
0
0
0
0
0
168
0
0
0
0
0
6006
0
572
0
2
0
0
0
2002
0
0
0
0
47520
0
22
9900
184756
0
2002
0
6006
6600
2
0
0
132
0
13200
0
280
0
0
0
0
0
0
0
0
0
0
38896
56
6006
0
87516
22
0
2002
0
0
6720
0
0
0
0
38896
0
3144
0
0
0
0
352
0
72
0
0
572
2
184756
0
0
240
38896
0
0
0
0
354816
720
6006
0
0
0
87516
132
22
2
22
0
0
0
0
0
132
0
0
0
0
0
6006
0
0
132
0
369512
55440
0
0
48048
3080
0
420
6006
0
0
0
36
87516
0
0
0
20
17640
0
205920
0
0
22
5832
0
0
18
739024
0
56
2002
0
980
0
270
87516
514800
0
184756
0
0
0
2002
252
572
2002
0
572
6006
369512
3080
22
2002
2002
6006
0
0
0
0
0
132
22
0
6006
44
0
0
0
0
0
38896
0
369512
0
0
16016
22
739024
22
2
0
0
0
240
0
1960
0
0
0
22
2
0
0
0
0
0
87516
0
0
0
0
0
184756
0
420
0
0
22
0
38896
22
560
22
22
2002
0
0
38896
22
0
0
0
0
0
0
0
0
0
2
0
0
2002
0
660
0
0
330
369512
25200
0
0
739024
0
0
32032
0
0
0
0
0
0
0
132
184756
0
360360
0
0
0
0
739024
0
0
16016
3146
0
0
572
0
22
4
0
0
132
2
0
132
22
2
0
320
184756
0
0
0
38896
22
132
16016
0
400
0
16016
31680
2
2240
0
0
0
0
0
0
0
946
0
0
87516
0
0
2
0
87516
0
0
0
0
18
132
0
0
0
0
0
0
2
4290
22
87516
16016
560
0
0
0
132
0
0
0
6006
0
0
0
330
0
0
0
252
6006
0
0
0
10
0
0
22
0
184756
0
0
0
2002
183040
0
0
572
2002
0
0
5940
572
0
0
0
0
0
0
0
0
0
0
840
0
0
0
87516
0
0
38896
0
369512
739024
0
0
0
0
0
8008
0
0
0
0
946
92
0
0
0
0
0
16016
0
0
2002
0
0
0
0
0
572
0
0
16016
0
87516
132
0
990
0
7560
0
0
0
0
0
0
0
0
2
0
0
7056
2
0
0
6006
0
0
0
16016
0
8008
0
0
0
16016
87516
184756
739024
0
0
120120
45760
572
0
572
0
6006
0
2002
369512
13860
12
0
0
0
0
0
0
0
0
0
0
0
0
0
2002
2002
0
0
660
12
220
0
22
0
0
184756
2
0
0
87516
0
1122
0
0
572
0
0
0
210
0
0
2002
216216
8008
0
0
48048
14
0
0
0
0
50050
70
6006
0
739024
0
184756
0
0
352
0
38896
0
132
0
990
0
0
0
0
96096
0
15444
0
739024
132
6
0
0
0
0
0
0
0
0
132
0
0
257400
0
0
0
0
0
0
16016
4
0
184756
0
0
184756
0
0
0
22
0
254016
0
0
0
0
0
37620
196000
0
175032
572
2002
1040
0
0
0
0
0
0
572
6006
0
108
200200
0
2
0
0
184756
0
6006
22
0
0
350064
0
0
6600
6006
0
0
420
22
132
572
0
25344
0
0
0
0
87516
26334
0
0
194480
0
900
2002
0
572
0
0
87516
132
0
366080
0
0
38896
354816
0
38896
0
0
87516
0
132
739024
0
0
242
6006
572
0
0
739024
87516
0
0
2
0
0
132
0
0
0
0
0
0
87516
38896
41756
369512
0
2
2002
0
0
720
0
0
0
0
0
0
0
0
0
0
30
132
6006
2520
0
0
0
0
0
2
38896
0
0
22
2
0
0
132
0
0
0
0
0
0
0
16016
0
0
0
10
0
6006
0
0
0
132
0
0
3360
0
0
0
0
0
0
0
0
184756
0
0
6006
0
0
0
132
0
10
0
0
0
0
369512
0
0
0
0
0
572
14080
87516
0
0
2
0
739024
16016
0
0
0
21168
2080
0
0
160
184756
0
0
38896
0
0
2002
6006
0
0
0
0
0
6006
38896
0
257400
0
0
0
0
0
16016
0
0
0
252
800
8866
0
0
0
0
224
0
0
0
0
0
184756
24024
0
0
0
0
0
0
144144
0
0
0
0
0
2002
0
0
55440
42
0
0
2
0
0
38896
0
0
2002
0
2
60060
0
369512
0
0
0
0
572
0
0
0
0
0
0
22
0
0
0
2
38896
15444
572
0
0
184756
0
0
0
572
0
12
0
0
720
0
132
0
12474
0
0
0
0
22
210
572
0
87516
22
0
0
739024
0
0
0
0
38896
0
0
0
900
0
0
87516
16016
0
42
8
0
2002
0
0
0
16016
0
0
0
0
572
0
2002
2
0
0
0
0
132
0
0
0
0
3146
0
480480
280
0
0
0
0
0
0
0
30
22
60060
0
0
0
0
0
0
22
2080
4290
0
0
0
0
0
0
0
0
22
0
0
0
87516
0
6006
0
0
330
739024
2
0
0
0
6006
0
0
22
572
10032
0
0
0
0
2
0
2002
0
22
0
583440
0
369512
0
0
72
0
0
0
0
0
2640
6006
22
0
882
0
38896
132
572
369512
0
0
0
0
0
0
0
0
0
1960
0
0
132
0
0
184756
739024
2
369512
0
0
0
0
0
0
0
0
0
22
11440
0
87516
572
0
11160
990
0
0
0
0
0
22
2002
0
2
672
6006
572
1760
0
120
0
0
739024
0
0
0
0
2002
0
0
0
572
0
2520
0
2
22
183040
0
0
0
0
0
0
0
0
184756
0
132
132
132
0
0
0
0
0
87516
0
132
0
0
132
0
22
0
0
0
0
0
2
0
0
0
0
87516
32
0
0
0
0
0
0
0
0
0
572
0
0
0
0
572
0
0
0
0
0
16016
184756
184756
0
0
0
0
0
0
0
0
0
6006
0
175032
0
91520
0
0
0
0
132
0
0
0
2002
0
6006
0
0
0
0
0
0
0
1716
38896
3146
0
572
0
0
0
0
0
0
0
0
2
6
0
0
0
16016
16016
132
0
0
12
87516
2002
0
0
184756
0
369512
528
0
0
0
432
0
0
87516
184756
0
0
369512
0
12474
112
0
0
0
0
739024
0
0
0
0
0
0
0
0
194480
184756
0
0
183040
0
0
16016
0
572
0
0
0
0
739024
0
0
0
132
0
572
72
0
0
0
42
6006
6006
18810
222
0
0
0
572
0
128700
0
572
0
0
0
5170
0
0
0
0
38896
572
0
168
0
0
0
0
0
22
0
739024
0
38896
0
0
0
184756
0
252
0
2
0
132
0
22
0
16016
0
0
0
0
160
5544
0
0
0
0
6006
0
210
2002
6006
0
0
0
2
0
0
296
0
0
0
0
0
0
0
12
16016
0
600
0
38896
0
132
0
0
0
0
0
0
0
369512
506
184756
12012
0
0
0
100100
132
0
0
14112
0
16016
92
0
0
0
6006
0
980
0
0
0
2002
0
132
739024
0
0
0
0
132
132
0
0
0
0
0
132
0
2002
22
0
0
0
200
0
0
0
0
0
22
112
0
0
38896
87516
0
16016
0
0
0
0
0
0
0
40
132
2002
0
0
2
0
0
0
0
184756
2002
2002
0
369512
0
9900
0
0
87516
0
38896
0
0
87516
0
0
0
22
4290
0
0
0
572
0
0
572
0
0
0
20
27720
6006
0
572
22
0
0
22
0
6006
132
0
0
0
38896
0
0
0
0
0
17640
0
0
0
0
0
38896
0
0
0
0
0
44
0
252
16016
38896
87516
252
0
0
0
0
22
0
2
0
0
0
6
184756
0
0
0
0
0
0
2394
572
168
0
0
0
3360
0
87516
0
0
105840
184756
422
0
38896
0
0
0
2
2610
0
0
132
16016
0
0
0
184756
0
0
0
0
0
0
0
15840
6006
0
22
2002
0
0
0
0
0
2002
175032
18876
0
0
0
0
369512
0
0
0
0
0
38896
0
38896
22
8866
0
330
0
87516
0
0
0
2
0
8820
0
0
0
0
0
0
2464
87516
22
0
0
0
0
0
0
990
2002
16016
38896
38896
0
184756
0
0
16016
0
2002
0
572
0
2
0
0
0
0
180
132
572
0
0
0
16016
0
0
184756
0
0
3080
0
0
184756
0
2
70
0
22
0
369512
0
2002
6006
0
40040
0
0
2002
22
2002
572
572
0
0
739024
42
0
30
0
4004
0
184756
0
0
0
0
0
13860
9900
2002
572
0
0
0
22
0
2
22
0
0
0
0
0
0
0
0
38896
0
0
0
0
0
0
0
0
0
0
0
2
0
0
572
2520
0
0
16016
572
0
0
572
38896
660
0
0
0
22
38896
0
0
0
572
184756
0
0
0
0
0
0
0
0
132
0
0
0
0
0
2002
0
2
87516
0
64064
3300
132
0
0
0
1144
0
0
184756
0
0
0
0
0
0
1190
6006
0
0
0
354816
0
0
38896
280
22
0
0
0
0
38896
0
0
280
0
0
0
0
63504
0
0
0
0
0
0
0
6006
490
87516
16016
140
0
22
0
0
0
0
369512
2
0
242
0
0
4004
2002
0
0
38896
0
0
0
0
0
0
2002
0
0
22
2
0
0
0
0
88704
2
132
330
0
572
0
0
422
0
0
0
2
388960
0
0
0
0
132
0
0
0
0
87516
0
0
0
560
16016
0
132
0
221760
0
0
0
0
0
784
264
38896
0
0
0
0
0
22
0
0
87516
0
0
2
6006
0
0
0
0
0
0
0
2
0
38896
0
0
0
0
0
38896
87516
0
22
0
38896
0
3520
0
0
0
0
0
22
0
2
0
0
0
0
132
0
0
0
2
0
0
0
369512
2
0
0
2860
2520
0
22
0
0
2
132
137280
572
0
0
0
132
2
2002
184756
0
0
369512
26880
38896
0
0
210
1144
0
252
2002
0
0
0
0
132
0
0
22
0
0
0
739024
20
155584
0
2002
184756
22880
0
16016
16016
0
0
0
0
87516
0
440
739024
0
2
22
0
0
38896
0
0
0
0
0
0
572
0
0
16016
22
1440
572
0
0
0
2464
0
0
0
132
0
0
0
0
0
112
0
0
0
0
0
0
660
739024
0
0
0
21168
6006
2002
87516
87516
0
572
0
0
0
0
16016
38896
22
0
0
22
216216
0
0
21952
0
0
22
0
0
0
0
16016
22
369512
0
0
87516
0
0
184756
0
2002
132
0
87516
252
0
38896
572
0
16016
0
0
0
0
14
0
0
0
0
0
0
0
0
184756
2002
504
0
366080
0
2
0
0
0
400
0
0
0
0
0
0
2
0
20020
0
0
0
132
132
0
6006
0
0
0
0
0
0
42
2
352
0
0
0
0
3146
4950
0
0
0
0
0
0
0
0
0
2
0
0
0
0
465696
87516
0
0
0
2002
0
990
0
0
572
0
0
0
0
0
184756
168
6006
0
0
0
0
0
0
0
0
739024
0
0
0
0
0
0
0
0
0
0
0
38896
0
0
0
369512
0
0
2640
2
572
0
0
0
0
572
0
132
0
148
0
0
1320
0
0
0
0
296
0
0
0
0
0
8184
0
112
2
0
200
0
880
0
0
0
2100
22
0
572
0
0
132
0
0
739024
0
0
0
291720
0
739024
0
38896
0
0
0
0
0
0
56
274560
572
0
739024
572
0
0
4104
369512
0
0
572
0
369512
572
0
0
0
2002
2
0
0
64
0
6006
0
0
0
1320
16016
22
840
0
2002
132
0
990
572
572
0
2
0
0
0
0
0
0
184756
2002
0
3146
0
660
220
0
6006
16016
0
2002
0
0
0
0
1152
0
22
0
0
1524
12012
0
22
0
0
0
22
0
0
38896
16016
739024
0
0
0
20
0
0
291720
572
0
22
0
2
0
0
0
2
0
0
242
22
2
0
0
2
0
0
0
22
100100
0
22
572
6006
0
38896
739024
4004
0
0
0
0
0
0
0
27720
369512
0
739024
0
0
369512
0
0
0
0
0
0
22
184756
38896
2
0
16016
0
0
0
0
22
0
0
0
0
2002
946
0
572
2
739024
0
0
0
0
572
0
0
0
0
0
42
38896
0
440
12474
0
38896
0
36036
0
0
87516
0
0
0
38896
110880
0
704
0
0
0
0
0
0
2002
16016
38896
0
0
0
0
0
132
572
0
0
0
0
0
572
0
0
8400
16016
0
0
0
0
0
0
0
4900
0
0
22
0
0
132
254016
4104
0
38896
0
572
42
42
0
1350
0
0
0
0
0
0
420
132
0
0
0
90090
900
0
18
72
0
0
0
12
8866
0
0
0
0
0
0
1122
0
0
0
0
0
0
0
0
0
0
0
465696
0
1716
980
2002
0
22
0
0
0
0
0
739024
0
184756
5760
739024
0
44
0
0
6006
0
0
0
0
0
0
0
0
572
22
12012
22
0
672
0
0
30
0
0
22
0
0
0
0
0
0
739024
0
90
0
0
0
422
0
0
0
0
87516
0
0
87516
0
0
2520
132
0
0
7168
0
0
572
0
0
0
0
0
2
90
2
0
0
254
0
2002
24310
2
0
0
23760
480
252
10
0
572
0
0
572
22
2002
38896
0
0
0
0
87516
0
12
0
0
184756
0
0
0
0
36036
0
0
184756
38896
8008
0
12870
38896
0
0
38896
0
0
2
3300
2002
4104
0
132
41160
4950
0
0
24310
87516
0
0
38896
0
0
0
0
132
0
682
0
0
4800
0
0
0
0
116160
369512
0
0
38896
0
41756
0
422
0
38896
0
0
572
0
184756
0
0
2002
0
0
0
0
38896
572
38896
0
22
739024
4950
0
0
682
0
14
2
369512
55440
0
184756
132
22
0
0
0
132
572
0
38896
132
0
0
22
0
0
0
0
0
0
2
0
672
0
16016
132
0
0
0
0
1524
2002
2
0
87516
2002
10
0
0
0
0
0
420
0
1040
18144
0
0
16016
2002
0
0
0
0
2
22
0
0
0
22
0
16016
0
257400
762
0
572
6006
0
0
0
0
0
0
0
2002
22
0
0
583440
132
22
24024
960
0
0
40
132
0
0
0
184756
0
0
258720
0
0
0
0
0
0
145860
2
540
0
882
108
3960
0
739024
0
369512
0
0
22
0
0
0
0
38896
0
184756
0
0
24024
0
0
0
2
0
132
132
0
0
0
0
0
0
350064
70
132
0
0
0
3432
7260
132
16016
42
0
739024
572
6006
2
0
0
0
2
0
0
0
0
0
16016
0
0
184756
0
0
2
0
0
0
0
0
0
0
0
88
184756
132
0
30
72
0
0
0
18876
0
0
0
369512
0
0
16016
0
0
0
2
0
0
32032
0
2002
10
0
2
0
22
2
0
0
0
0
0
0
7040
0
0
87516
0
184756
0
0
0
6006
0
0
2
0
0
0
1980
572
0
0
184756
0
0
2002
0
0
0
132
6006
0
739024
2
0
0
16016
20
0
0
0
2
572
0
242
10010
0
6006
87516
0
0
0
16016
0
0
0
0
0
0
0
0
0
0
0
0
16016
22
0
2002
0
0
22
0
0
5170
0
0
38896
0
0
0
0
22
0
0
0
0
0
0
0
0
0
12012
6006
2002
0
0
0
0
572
0
0
2002
572
0
87516
0
2002
0
0
572
0
132
87516
0
0
132
0
0
0
132
0
16016
572
0
0
0
2002
3300
0
72
0
1026
0
0
682
0
0
0
840
22
0
0
64
0
220
2002
0
369512
6006
0
16016
572
6006
369512
0
0
739024
369512
0
0
0
0
216216
44
0
0
0
0
0
0
0
0
0
0
0
0
0
0
0
0
0
132
0
739024
369512
0
1320
0
0
26334
2002
0
0
0
739024
0
0
0
0
0
2002
572
0
0
0
0
0
0
0
0
0
6006
0
6006
0
0
22
0
0
0
0
1716
572
40040
0
0
0
0
0
0
0
739024
0
8008
2
0
0
6006
0
0
0
0
0
132
0
0
0
0
0
0
0
0
0
0
91520
0
0
0
0
132
0
6006
38896
660
132
38896
0
38896
2002
24310
0
0
0
572
0
0
0
0
208
739024
0
0
0
2
0
0
666
0
0
0
0
184756
0
420
0
0
0
0
2002
0
0
0
0
87808
946
2
0
0
87516
0
0
0
0
572
0
0
3080
0
1716
0
38896
0
12
16016
22
16016
132
0
0
0
0
0
0
739024
572
3168
0
0
0
87516
0
0
132
2
0
0
0
0
0
0
0
0
0
0
12
0
739024
2002
0
16016
0
0
0
0
0
0
132
0
0
2
2
0
16016
0
54
210
132
0
0
1760
0
0
0
0
369512
0
0
112
4800
38896
2
22
0
0
1320
120
0
0
0
8008
0
0
22
0
0
0
0
0
0
0
0
0
0
0
0
0
0
0
0
739024
0
0
12012
0
2860
0
0
0
0
0
0
0
0
0
0
0
0
0
0
132
0
0
0
0
0
0
0
40040
0
0
0
0
132
0
0
0
2002
0
0
27720
0
2002
2
38896
0
0
0
132
0
0
184756
369512
0
739024
0
0
12
291720
0
0
0
0
0
38896
572
0
20
6006
0
0
0
0
7680
51480
87516
0
0
0
0
40
739024
0
2002
16016
0
132
0
0
0
0
0
0
55440
0
0
369512
2002
0
2
16016
0
0
369512
2002
0
2002
6006
369512
0
0
0
87516
0
0
0
6006
0
0
184756
0
0
0
132
0
0
0
0
168
0
6204
0
0
0
0
0
6006
0
0
40
77792
0
0
0
27216
6006
0
0
0
0
0
0
0
0
0
0
6006
132
160
739024
0
16016
0
0
0
38896
0
0
0
0
0
0
0
2002
0
0
55440
24024
0
77792
0
342
0
0
0
572
0
0
0
0
0
0
0
0
38896
0
0
990
0
0
54054
22
0
1716
0
38896
0
0
6006
1680
0
0
2
16016
369512
0
0
22
14
19448
0
0
22
572
0
0
0
0
0
184756
0
0
0
980
0
1524
4004
0
0
0
6006
0
572
0
0
0
0
0
0
22
2002
0
0
0
0
0
0
87516
0
0
0
0
0
6006
0
0
22
850
0
60
0
0
0
0
22
132
0
0
22
0
0
0
0
0
184756
0
0
0
0
2002
0
16016
6006
0
0
6006
0
572
0
0
0
0
0
2002
38896
184756
2976
0
0
0
0
0
16
0
38896
0
0
0
0
0
0
0
0
56
0
110
0
572
2002
0
2
514800
0
3584
0
0
87516
572
0
0
0
0
0
87516
0
18
0
0
14
0
0
0
0
0
739024
2
0
0
0
0
0
2002
0
87516
184756
0
0
183040
0
0
0
184756
0
550
2
572
0
0
38896
0
0
0
0
0
0
0
6006
14
0
132
38896
0
2
0
0
739024
6006
0
0
0
0
0
132
6006
0
0
38896
0
0
369512
0
8
160
0
0
0
369512
0
0
0
132
0
0
0
2
0
0
8008
0
2
0
6006
0
0
0
2
0
0
0
0
0
0
0
12012
0
0
520
0
291720
739024
572
572
0
6006
0
0
0
0
0
0
0
280
0
0
0
0
0
2002
0
21168
0
0
132
0
22
739024
32
0
0
2
0
14580
572
1320
252
184756
0
0
0
0
0
0
0
0
0
0
572
0
6
87516
0
22
0
127008
0
0
0
0
0
0
0
0
0
0
0
0
0
16016
115200
6006
42
369512
0
0
6006
0
0
0
0
0
0
0
38896
0
6006
0
22
572
0
90090
0
184756
2
739024
8008
528
0
0
0
2002
0
22
0
369512
6006
0
20
0
0
0
0
0
0
0
0
0
0
132
0
0
0
90090
132
0
87516
87516
0
0
0
0
0
0
0
0
0
0
6006
0
0
0
22
0
0
0
0
87516
0
20
20
0
22
38896
0
0
87516
0
0
2
0
1764
0
1890
0
0
0
184756
0
0
0
0
0
16016
0
12
2002
1800
0
0
0
0
352
132
0
0
16016
0
0
22
8160
16016
0
0
0
0
0
0
0
0
0
0
0
132
3146
6006
0
0
0
0
132
0
0
60
0
0
16016
0
2
0
2200
92
0
0
60
6006
0
12
0
0
0
0
132
572
0
175032
0
0
0
0
0
40040
0
0
0
0
0
0
4032
572
0
184756
0
77792
184756
0
0
0
0
184756
184756
0
0
0
0
0
0
0
0
0
0
0
0
0
16016
270
1080
0
2
0
0
0
0
572
0
0
16016
0
0
0
0
87516
0
0
168
0
0
0
0
2
48048
0
6006
0
0
0
0
0
2002
0
22
0
422
0
184756
0
0
369512
8
672
0
0
0
0
2
80
132
0
0
0
0
2
24024
184756
6006
0
6006
56
0
0
0
6048
3080
0
572
369512
0
0
0
0
0
0
0
0
0
30
184756
0
0
0
0
210
0
0
2002
0
0
0
0
0
0
210
0
0
0
0
6006
352
0
2
0
14
0
3146
0
2
0
0
0
0
0
0
369512
0
87516
0
0
0
0
22
0
87516
0
0
0
22
0
0
0
0
0
0
0
0
2610
132
6006
0
0
0
0
38896
10
2
0
38896
0
0
6006
6204
0
38896
0
0
8008
0
68640
132
132
0
0
572
0
0
0
0
37044
0
0
0
87516
0
0
0
0
0
0
0
0
0
132
0
0
132
0
14
9900
0
0
0
0
0
2
0
0
572
0
0
739024
0
38896
0
0
0
0
10
0
87516
0
0
572
0
0
2
22
0
0
0
16
16016
0
0
0
2002
540
0
572
16016
0
2
132
0
0
0
0
0
16016
0
0
0
2002
0
132
6006
572
0
38896
0
0
369512
0
0
38896
16016
0
0
0
0
369512
0
0
40
739024
0
369512
6006
0
0
0
0
0
0
0
572
0
0
0
216216
0
0
87516
0
0
0
2
0
0
0
572
369512
0
0
0
87516
0
0
38896
0
87516
87516
0
6006
0
0
0
0
1800
0
572
0
184756
0
0
10
0
0
0
0
0
840
38896
0
0
132
0
38896
0
0
0
330
0
0
2
0
0
0
175032
0
0
0
0
2002
0
0
0
6006
0
16016
15444
0
0
0
6006
0
0
0
0
0
2
38896
97240
0
2002
6006
0
132
18876
0
572
0
108108
0
16016
0
0
0
0
572
196
2640
0
0
0
38896
0
0
0
0
0
0
0
0
572
0
0
0
132
87516
0
2002
0
0
137280
0
16016
0
0
0
0
0
0
0
0
0
24310
660
0
0
2002
0
0
2002
540
0
0
140
0
0
0
0
56
0
0
0
0
0
0
0
0
2002
8100
739024
0
572
0
0
360360
0
0
0
0
6
0
0
0
45760
16016
2
0
0
0
0
0
0
160
0
0
0
0
0
0
184756
0
0
0
0
22
369512
183040
2
739024
2
0
2
0
0
1680
0
184756
900
0
0
38896
96096
0
16
0
0
0
0
572
16016
0
0
2
0
0
369512
0
369512
0
0
0
0
0
0
6006
572
0
0
0
0
0
0
0
132
0
0
369512
0
0
2240
38896
0
0
132
352
2096
38896
194480
0
0
0
22
0
0
0
0
369512
0
0
0
0
87516
48048
0
0
0
0
0
0
184756
2
0
369512
0
0
16016
0
2002
0
0
0
16016
352
0
0
96
16016
0
2288
87516
0
2002
0
0
0
0
0
0
0
2574
0
16016
184756
0
184756
0
2
87516
3146
0
739024
6006
0
0
0
739024
0
2394
0
2002
960
2
2
64
0
0
1680
0
0
3520
39600
16016
87516
30888
18876
0
0
0
0
540
87516
2002
22
0
0
0
572
0
0
0
132
0
0
242
739024
8866
0
572
0
572
2002
0
0
0
0
0
0
6006
0
0
0
70
0
0
0
0
369512
117600
0
572
0
87516
0
0
0
2002
22
0
8008
0
16016
0
0
0
2002
0
0
6006
0
0
0
132
38896
0
0
0
22
0
13104
0
0
184756
0
1320
0
0
41664
0
0
840
2288
0
0
2
19448
0
0
0
0
0
0
2002
0
0
0
0
0
0
16016
560
0
2002
132
0
0
38896
0
0
0
1360
0
0
10584
0
0
0
0
0
38896
0
0
0
168
0
0
0
0
0
560
572
132
16016
572
0
0
0
0
0
132
60
0
0
22
572
0
0
12474
0
0
0
2002
87516
5670
1440
0
0
0
45760
0
0
132
87516
0
0
22
0
0
0
22
0
0
0
16016
0
23100
2002
0
132
22
296
0
0
0
0
0
0
0
16016
0
16016
0
0
115200
40
2
16016
0
0
87516
0
0
369512
10010
0
0
11440
30
0
0
87516
0
0
366080
0
0
0
0
6006
0
0
0
0
184756
0
2002
0
0
38896
0
0
8
6006
14280
80
25740
739024
2002
0
369512
0
15444
0
0
6006
2
0
16016
0
0
22
56
0
0
739024
369512
0
0
0
0
739024
0
0
38896
2
0
0
572
0
0
0
0
1300
0
184756
0
0
0
0
38896
0
0
0
0
0
352
0
242
0
0
0
6006
0
0
16016
0
0
22
0
0
0
0
0
0
0
0
0
870
0
0
0
0
0
0
0
0
0
0
0
572
0
40
6006
0
216216
0
0
0
0
0
0
0
132
0
16016
0
0
0
18876
0
0
0
0
0
0
22
0
739024
0
87516
0
946
2
0
38896
739024
97240
0
2
2
0
0
0
0
1980
0
0
0
0
0
22
0
0
0
257400
0
0
0
739024
132
0
0
6006
0
87516
0
739024
0
0
5220
0
0
0
0
0
0
2
560
0
2002
0
0
132
16016
0
0
0
0
0
0
0
572
16016
0
0
0
0
0
0
0
0
30
0
0
0
2
0
1960
0
0
18
0
0
0
0
42
0
0
0
1960
2002
0
132
16016
0
132
0
0
0
2002
352800
0
0
0
0
87516
2002
2
0
0
132
0
0
0
47520
0
8008
0
2
0
0
221760
0
0
0
0
0
0
0
0
0
0
0
3960
0
0
990
0
572
0
739024
2464
0
2
38896
572
0
0
41664
572
0
72
0
87516
0
0
22
50400
132
0
0
0
0
0
0
0
0
0
0
0
184756
0
87516
572
0
352
0
682
0
369512
0
0
87516
0
0
5100
0
0
38896
369512
0
0
0
0
24024
0
0
132
8008
184756
0
0
38896
184756
16016
22
0
55440
0
0
88
0
0
0
0
0
22
0
0
0
0
0
6006
0
0
0
0
0
16016
0
0
0
0
0
0
0
0
0
0
0
0
0
21168
0
0
0
2002
38896
0
4004
22
0
660
0
378
16016
0
129360
0
0
0
0
0
0
0
0
0
0
16016
0
132
0
0
132
1320
0
0
0
22
32032
22
1350
0
0
0
0
0
0
0
0
2
4290
0
12474
0
132
0
0
22
0
30030
0
0
0
0
0
0
38896
2002
22
0
0
0
38896
0
739024
0
369512
0
0
0
0
0
572
0
0
369512
0
18876
22
2002
572
45760
2
0
6
0
152064
369512
0
2520
0
0
0
132
0
6006
0
38896
0
0
0
2002
0
0
2002
0
739024
506
0
0
2002
739024
0
0
22
0
0
6006
0
72
0
0
0
0
0
0
184756
0
87516
0
22
0
6006
0
369512
8866
0
0
1320
0
0
0
0
0
0
2860
0
0
12
0
0
0
0
0
0
132
0
0
22
0
2002
22
0
0
100
0
6006
16016
0
0
0
0
18876
0
0
0
0
0
22
0
0
291720
0
2
0
0
0
0
0
369512
0
132
0
0
0
132
0
0
0
0
2
0
0
0
2
0
16016
0
0
0
0
108108
0
0
0
330
0
739024
0
0
16016
0
16016
3360
132
0
0
0
0
11880
0
0
0
16016
120
0
0
16016
0
160
2
0
0
0
2002
0
0
0
0
0
0
0
2200
0
0
0
0
0
68640
0
739024
2
0
16016
87516
2002
0
0
0
0
0
2
0
0
0
38896
0
0
0
0
0
132
0
2
0
0
0
0
572
0
2002
0
739024
0
0
0
0
70
38896
0
0
0
0
2
87516
0
896
572
0
0
0
0
2002
0
0
252
2
0
0
0
0
0
0
0
0
0
38896
38896
16016
0
20020
0
0
0
0
0
0
0
132
0
0
0
0
0
0
280
880
184756
12
0
0
100
0
6
56
739024
0
2002
2394
0
0
0
252
0
0
572
16016
369512
0
16016
0
0
739024
946
0
0
7168
132
0
0
0
252000
0
22
2
4
0
0
0
0
1320
0
18876
0
0
0
0
0
2002
0
0
0
2
0
0
22
0
14
0
0
0
739024
369512
22
0
2
0
23760
0
369512
0
22
0
0
38896
0
0
0
0
140
22
132
0
0
0
0
0
0
22
0
0
0
0
572
0
0
132
2
0
2
0
0
184756
0
16016
60
0
0
110880
0
16016
0
0
14
0
0
0
16016
350064
0
0
0
0
0
12012
0
0
2002
2002
38896
0
0
0
2
0
0
0
0
184756
0
72
0
38896
0
0
0
0
0
0
0
0
0
38896
0
6006
0
132
0
0
0
572
14
2
0
0
0
0
0
8
0
0
0
0
0
2
0
0
6006
0
0
0
14
0
0
22
0
0
274560
0
26334
55440
0
0
480480
0
0
5940
4004
0
0
0
0
0
2002
0
0
0
64064
183040
22
0
132
16016
0
6006
0
369512
2394
0
87516
0
184756
0
0
0
0
0
0
14080
55440
0
2
369512
0
38896
0
22
0
0
0
0
0
0
0
0
7260
0
0
0
0
739024
0
0
88
0
87516
0
572
12
0
132
0
4608
7776
0
22
0
6006
0
38896
0
0
210
0
0
0
0
0
0
0
11760
0
51480
739024
22
0
0
16016
2002
8008
0
0
0
0
0
184756
2002
132
0
180
132
0
2002
0
0
369512
0
22
0
0
0
840
2
0
0
0
0
16016
0
2002
0
38896
0
0
0
0
0
2096
0
0
0
2200
0
352
0
0
0
0
0
6006
0
2002
16016
132
0
0
0
18
0
0
0
0
6
0
120
0
0
0
0
6006
0
0
2
0
0
252
369512
0
22
0
0
0
0
22
369512
0
572
0
0
0
110
0
40
0
0
0
0
572
0
0
5390
87516
0
0
14
16016
0
112
0
87516
0
64064
0
0
22
0
10
0
0
0
2
0
0
0
0
0
0
6006
0
0
2
0
0
184756
0
2002
0
0
0
0
0
0
16016
0
0
0
0
0
6006
0
0
0
0
77792
6006
180
0
0
0
0
739024
0
0
0
0
0
38896
0
0
132
6006
0
330
6006
0
40320
0
0
572
0
4950
0
38896
540
0
0
369512
132
0
0
2
0
87516
0
6006
87516
2
0
6204
0
0
0
16016
2002
0
0
0
0
8
0
22
0
4480
2002
0
0
0
0
572
0
0
0
0
0
0
0
14
0
2
12012
0
0
350064
0
12
0
739024
0
87516
2
0
0
12
64
38896
0
2002
0
0
0
0
0
0
2
0
0
110
0
0
0
0
572
0
0
0
2002
0
0
87516
0
0
0
16016
0
0
0
0
0
0
0
184756
0
0
12
0
0
0
0
0
0
0
0
210
6006
0
572
0
0
2464
0
0
0
0
0
2002
41184
0
0
0
0
0
0
0
0
0
0
0
0
0
6006
0
0
0
0
0
0
0
739024
572
739024
514800
0
0
0
38896
0
0
369512
10
540
369512
0
0
0
0
0
0
0
5170
0
0
0
0
38896
540
0
0
0
16016
0
0
22
0
0
0
0
0
2
0
0
0
0
0
0
0
87516
0
0
0
0
0
0
0
132
0
0
2002
0
87516
0
0
0
0
0
132
252
0
0
22
0
0
369512
10
0
68640
0
0
0
0
0
0
0
0
0
0
55440
0
132
2080
0
0
0
0
0
946
0
0
2
0
0
184756
0
0
0
0
0
0
0
0
0
0
0
0
184756
0
0
0
0
0
70
0
0
0
60
0
0
184756
0
22
0
0
0
0
0
0
0
2
0
0
0
0
0
0
0
16016
0
0
110
38896
0
40040
0
16016
22
572
2002
0
0
0
128700
22
0
0
0
0
0
184756
0
0
2
0
0
0
0
2002
38896
17640
0
0
0
132
2
0
22
184756
0
0
200200
2156
0
0
38896
72
0
0
0
0
0
87516
2
22
369512
11340
0
12600
0
0
2
3520
572
0
0
87516
87516
0
17160
0
0
2
0
0
38896
0
1360
0
1254
0
0
0
0
0
2400
0
132
0
2
0
0
0
0
2464
0
0
25740
0
184756
0
6006
0
0
0
2
0
0
0
0
0
184756
572
0
0
0
0
87516
16016
0
87516
2
22
87516
0
0
0
572
0
15444
2
0
100
0
2
240240
184756
184756
0
2
0
38896
44
3080
0
6006
2
0
0
739024
12474
132
184756
0
0
0
155584
0
4004
0
87516
0
0
369512
0
38896
0
0
184756
0
132
0
0
25740
0
2080
0
739024
38896
0
2200
184756
0
100
369512
0
0
0
30030
0
352
132
682
0
0
0
2002
2
64
0
0
739024
0
0
0
0
0
0
369512
132
0
16016
0
0
0
0
100
2
0
572
22
8008
739024
1440
0
3920
0
0
0
2002
0
0
0
0
0
16016
0
38896
0
0
6006
0
0
0
0
0
0
296
0
0
0
0
132
0
0
0
0
2464
0
16016
0
70
0
6006
0
572
352
2
0
1320
352
739024
38896
38896
2
572
0
2
0
2002
0
0
0
0
0
0
0
1470
0
0
369512
0
0
0
22
87516
0
0
0
38896
369512
0
0
3360
739024
0
0
0
0
0
184756
0
0
43472
0
0
0
0
0
0
0
0
0
2400
990
0
0
0
0
56
0
0
132
2
0
258720
0
0
2
660
1320
194480
7524
0
0
132
87516
0
0
0
0
92
0
0
184756
0
0
87516
366080
0
0
739024
0
30
2
0
0
0
0
739024
6006
0
0
0
38896
0
0
72
40
0
0
0
0
0
0
0
0
0
0
0
0
0
4004
0
0
572
184756
132
0
8
0
0
16016
0
60060
0
0
0
0
0
13104
0
0
0
0
0
330
0
0
0
0
0
40
0
6006
0
2
184756
35280
0
0
0
22
0
0
1716
0
0
0
0
572
12
0
184756
0
0
0
0
0
0
8
354816
0
0
1716
572
0
0
0
0
0
0
0
660
0
0
739024
2
540
0
0
2002
0
4800
369512
0
2
145860
0
0
13200
0
572
0
2
0
20
0
0
0
0
6006
0
0
3520
0
0
0
0
9900
0
0
0
184756
132
184756
0
0
0
0
22
0
0
0
0
0
369512
200
0
0
0
0
0
0
572
0
0
369512
0
5292
0
2002
44
0
132
88
0
0
0
0
87516
0
0
0
2
0
0
38896
0
0
0
0
0
0
2
0
0
60
0
0
0
6006
0
0
2
2
0
0
0
38896
514800
0
540
0
682
18
18876
0
0
0
22
0
739024
5940
3520
0
0
0
0
0
0
0
132
572
0
572
739024
0
0
2002
0
0
2
100
0
0
0
0
0
0
0
6006
0
87516
0
0
132
2
0
0
0
0
0
0
41756
0
0
0
0
0
0
38896
0
184756
0
7056
2002
0
0
0
0
184756
369512
0
0
87516
0
132
0
0
739024
0
0
0
0
22
0
0
0
132
16016
0
22
0
0
0
0
0
132
0
38896
10010
0
7260
0
0
0
0
0
0
0
24024
0
0
0
38896
132
22
0
0
0
1122
0
184756
0
2002
132
0
0
1360
14
0
132
2002
42
0
132
2002
2002
0
0
0
0
20020
2
0
0
0
132
0
0
0
132
0
0
0
0
0
0
2
0
38896
0
22
2002
0
0
132
210
0
0
0
0
0
2002
0
0
0
0
0
0
6006
0
0
0
0
0
0
0
0
0
0
0
16016
0
0
6006
0
0
0
184756
0
0
0
0
0
0
0
0
0
0
1122
0
0
2
0
0
6006
2
0
0
22
0
16016
0
16016
0
0
0
70
2
0
572
0
0
0
6006
0
0
0
0
0
6006
2
572
330
60
13860
739024
0
24310
0
739024
0
0
0
0
0
0
38896
0
2
739024
184756
0
682
2
0
572
38896
0
0
0
38896
0
0
7040
0
0
72
0
22
506
2002
132
739024
0
0
6006
0
38896
16016
0
132
38896
16016
0
0
0
2
6006
0
38896
0
0
896
0
184756
739024
0
16016
0
0
0
0
0
0
0
0
0
3520
0
0
0
360
242
0
87516
0
87516
0
8100
16016
572
0
0
506
16016
0
0
0
0
840
2
0
0
0
22
0
0
572
0
2394
0
739024
2394
572
0
0
0
6006
16016
0
2002
0
22
0
2
0
0
22
240240
0
16016
184756
0
0
0
0
0
0
8
0
168
1020
0
0
0
2
140
40
0
0
0
108108
0
0
0
0
0
0
16016
0
0
0
0
572
2160
0
0
0
0
137280
0
0
0
0
0
32032
0
0
0
0
0
739024
5390
41160
900
0
0
369512
369512
369512
0
2
0
0
0
0
2002
35280
0
0
0
70
0
42
0
184756
682
0
0
0
0
0
0
132
87516
22
30
0
0
0
0
330
6006
0
4290
184756
0
369512
0
0
0
0
0
22
572
0
18
6006
0
0
0
369512
0
0
0
0
739024
22
0
0
0
0
0
739024
6006
0
0
6204
0
0
0
2002
10
0
0
2
0
0
0
2002
132
0
2002
0
0
0
0
0
140
0
0
2002
0
0
0
0
38896
0
80
184756
0
0
87516
2790
0
2
22
572
40
572
960
0
184756
70
132
5280
0
0
0
12
16016
87516
572
176400
0
0
280
0
0
0
22
115200
87516
0
6006
0
0
6006
0
0
0
0
8
0
4
0
0
0
22
0
16016
0
22
0
22
0
0
0
0
2
72
1716
0
180
0
0
41756
0
1960
0
0
184756
22
369512
0
0
184756
0
0
0
0
0
0
0
0
2002
0
2002
0
506
0
16016
2
0
0
0
38896
15444
0
0
0
38896
16016
87516
0
572
0
4004
0
0
6006
0
572
0
0
87516
0
16016
0
0
4950
0
0
2002
0
55440
0
0
0
0
184756
0
0
258720
0
0
0
2
0
0
38896
0
16016
0
0
0
2002
132
0
2
0
0
572
0
16016
0
0
0
0
2
990
2002
38896
0
2
9240
0
2002
0
184756
0
0
13860
0
0
572
0
16016
0
0
184756
0
422
0
5170
0
739024
0
280
0
0
2
0
16016
0
0
14080
0
16016
0
0
0
0
0
0
572
2
2
0
0
280
70
0
0
0
51480
0
0
0
184756
16016
0
6006
16016
87516
0
2002
0
0
0
0
0
0
0
0
0
242
0
20160
132
0
0
2002
0
0
0
0
132
0
0
0
20
0
10584
0
572
0
0
0
0
0
0
0
0
132
22
0
0
0
2002
572
87516
132
0
0
0
0
132
22
38896
0
0
2002
0
0
0
0
0
0
0
28800
0
422
0
0
0
0
0
38896
0
572
38896
184756
0
38896
16016
0
0
369512
43472
0
0
2002
0
38896
0
0
0
184756
0
0
0
4800
0
0
168
572
0
0
0
0
0
0
184756
308880
0
0
0
739024
0
0
0
0
140
0
9900
0
6006
0
0
132
0
0
0
0
184756
0
0
30888
0
0
2002
0
0
2
0
0
0
0
2
2
0
0
0
0
0
0
0
0
0
5170
369512
0
0
22
0
0
0
0
0
0
184756
369512
0
0
0
0
87516
0
0
0
0
0
0
16016
2
0
0
2002
0
0
4004
0
38896
0
2002
0
0
0
0
0
0
0
0
2
0
0
369512
0
2
20
2002
2
38896
0
2
0
0
184756
0
21168
132
0
0
87516
0
0
0
47520
369512
132
16016
0
0
64
0
0
87516
6006
0
0
1320
0
0
0
16016
0
0
0
0
0
0
87516
0
0
16016
2
0
0
0
0
0
0
0
0
660
98
0
184756
12
0
0
0
0
0
0
0
0
2
572
0
0
0
132
0
56
0
0
132
0
0
0
0
0
0
2
0
0
0
0
0
0
12012
0
0
0
132
0
2
0
6006
0
0
16016
6006
0
132
0
0
0
0
0
572
87516
0
572
0
14112
0
296
0
0
2002
6072
946
0
0
0
0
13200
0
16016
132
0
0
0
0
41664
0
54054
9900
0
0
0
23100
184756
369512
2
0
0
0
0
0
16016
0
572
0
0
0
0
0
0
0
0
0
252
38896
0
38896
572
0
22
0
0
0
0
0
120
0
0
0
0
0
0
22
0
0
0
40
0
0
0
22
0
0
0
0
70
0
0
0
6006
0
0
16016
1716
22
8866
0
51480
0
0
0
0
0
0
0
0
0
0
0
0
0
0
0
6006
0
0
2
572
0
0
3520
0
0
132
27720
6006
0
2
0
0
0
0
22
0
132
0
0
0
0
18
0
880
572
0
0
270
0
0
0
0
0
132
572
0
0
132
0
0
0
87516
0
16016
0
0
0
8
0
0
0
739024
0
0
22
369512
87516
0
6
0
2400
87516
0
87516
87516
6006
2002
0
26334
0
32032
0
1122
2002
0
10
0
0
0
739024
0
0
184756
0
0
87516
0
0
0
0
132
6006
0
0
0
0
2002
2
2002
0
2
0
0
0
0
87516
0
0
0
0
0
0
0
0
0
0
184756
0
0
2002
0
16016
2002
0
0
0
0
0
0
0
0
0
0
0
0
16016
100100
0
0
0
0
0
0
0
0
0
572
0
0
2574
22
0
184756
0
0
11880
0
0
2
3146
0
6006
1320
0
0
2
87516
0
0
0
0
0
0
184756
0
0
132
6006
0
0
38896
0
0
2520
0
0
1430
2
0
0
800
0
0
369512
184756
0
0
0
0
132
0
0
6006
2002
572
0
0
2
0
0
0
0
369512
2002
0
0
0
2
0
0
0
0
0
0
0
184756
0
11880
87516
0
0
100100
168
0
0
762
369512
0
0
0
528
369512
0
0
0
0
132
2
0
41160
16
4
0
0
0
17160
0
132
0
0
132
0
0
0
7040
0
2002
0
6006
0
0
0
0
660
0
0
16016
514800
0
0
0
16016
0
6006
0
720
0
0
0
0
369512
16016
0
0
6006
0
0
2
0
87516
0
0
739024
0
0
2
0
2002
87516
0
0
20
87516
70
0
90
739024
0
572
184756
0
0
210
0
360360
0
0
0
87516
22
132
2
0
0
0
0
0
0
0
0
22
16016
0
87516
0
0
0
6006
0
0
0
6600
0
16016
0
38896
0
2
369512
0
0
0
2860
77792
0
0
0
2002
572
0
22
0
0
16016
0
0
0
0
0
0
6006
0
0
900
87516
120
0
369512
0
0
0
0
0
0
132
0
0
369512
0
0
18
0
980
0
0
0
132
0
0
0
0
720
0
0
0
0
15360
0
0
0
0
0
0
0
0
0
0
0
6006
0
0
22
0
87516
0
0
0
0
0
369512
0
2002
0
140
0
0
0
38896
0
0
0
0
0
0
0
0
0
0
0
0
41184
2
0
4290
38896
0
0
0
0
12870
0
240
16016
22
0
0
0
2
110880
0
0
5100
6006
0
0
0
22
22
0
2002
0
12012
242
0
0
0
0
96096
132
666
257400
0
0
0
0
132
0
3840
0
87516
0
0
0
0
572
0
0
0
2
87516
0
0
0
0
12
0
0
572
0
0
0
0
14
184756
132
2
87516
0
0
0
55440
16016
0
739024
0
200
2
369512
0
80
0
0
0
0
5940
0
0
0
0
3146
0
0
0
0
739024
0
0
0
0
882
2464
132
369512
2
0
38896
2400
0
16
739024
572
0
2002
0
572
0
0
369512
0
132
0
56
0
0
0
0
0
0
22
22
1980
2002
572
0
0
0
22
2002
0
87516
0
0
87516
0
38896
0
0
0
0
330
132
18876
22
12
0
0
0
0
0
0
0
369512
0
0
0
0
16016
572
0
572
0
2002
2002
2
27720
0
572
0
0
0
0
0
0
0
2
60
0
0
739024
0
0
87516
132
16016
38896
0
6006
0
132
0
0
0
0
63504
0
0
0
0
0
16016
0
0
0
0
0
572
64064
0
28314
2
3080
0
0
0
92
0
87516
2
0
0
0
132
0
0
0
0
0
0
132
132
30
572
0
38896
0
2
0
3780
572
572
0
7056
0
0
180
0
0
2
0
0
0
0
0
0
0
0
0
0
572
0
16016
0
87516
87516
572
132
257400
0
572
0
572
0
0
0
0
0
0
0
572
0
0
0
0
0
0
0
0
22
16016
16016
38896
0
0
184756
12012
0
0
0
0
0
16016
0
30
22
0
572
145860
0
55440
0
60
0
572
0
0
5670
0
132
2
22
0
0
0
0
38896
0
572
0
132
0
0
22
0
87516
132
16016
0
0
132
0
38896
22
0
0
0
0
0
0
0
572
0
0
0
0
2464
0
0
0
2
0
0
0
0
0
0
0
0
0
0
0
720
38896
0
2002
0
0
0
0
572
184756
0
38896
0
0
0
0
0
6006
572
0
0
0
0
0
4
22
2
0
132
739024
572
0
572
0
0
140
0
0
0
0
0
0
682
0
0
0
0
2
0
0
0
0
0
38896
0
52920
0
0
422
0
1980
0
0
0
0
0
666
6006
0
0
2
0
184756
87516
2002
0
0
38896
0
30030
0
0
132
132
369512
30
22
0
0
0
38896
0
22
0
0
739024
0
369512
0
0
2
0
0
0
132
0
0
0
132
0
0
1320
6006
8
0
0
0
0
0
0
0
0
0
132
369512
2
0
572
369512
0
864
0
2288
70
22
0
0
0
280
739024
0
38896
216216
22
2
0
0
0
87516
0
0
18876
242
0
572
0
0
0
739024
0
132
0
0
0
0
2002
0
4800
0
2
0
0
0
0
0
132
2
2
0
0
739024
0
0
0
22
0
0
22
369512
0
0
0
0
0
0
0
18144
0
6006
0
70
572
0
0
0
0
0
0
0
0
0
0
128700
0
0
0
0
0
0
6006
0
0
0
8
0
739024
0
0
0
0
0
2002
0
0
0
0
16016
0
0
19448
77792
22
0
0
12144
0
0
184756
16016
0
0
0
132
6006
0
0
0
0
0
0
682
0
0
38896
354816
0
0
38896
572
0
0
60
132
0
38896
0
0
0
0
0
87516
22
0
506
184756
0
0
0
60
946
0
0
0
0
0
0
132
0
0
6006
0
0
0
41664
0
274560
0
0
0
0
16016
2
583440
0
0
0
0
0
0
0
0
0
42
0
0
0
8
572
0
100
420
87516
0
0
0
0
16016
0
0
0
0
0
0
0
120120
16
0
0
0
369512
0
0
0
0
22
16016
0
369512
0
0
0
0
0
0
0
0
0
0
0
132
0
0
0
0
16016
739024
0
0
0
506
2002
2
16016
0
0
6006
0
0
22
0
0
583440
0
980
6006
0
0
0
0
16016
0
2200
16016
0
0
0
2
1524
0
1122
2394
0
0
0
0
6006
42
0
0
0
2002
0
2
0
0
132
0
0
83160
369512
3564
0
132
2
0
0
2
0
22
0
0
0
0
0
572
0
0
0
0
0
0
0
0
0
0
0
572
0
0
3300
0
12144
0
0
0
132
2
0
369512
0
132
16016
0
200
0
0
572
0
0
0
0
0
0
0
0
0
184756
0
0
0
16016
0
0
0
38896
0
2
6006
0
242
18876
990
2002
0
0
882
0
572
0
16016
0
38896
0
369512
0
0
0
2
0
0
0
369512
0
0
0
369512
0
184756
572
80
0
3976
11880
0
700
0
0
87516
540
0
572
0
0
0
369512
0
2
0
0
0
0
0
0
22
20020
0
87516
184756
0
0
572
0
0
0
0
2
0
0
2
0
0
0
0
175032
0
0
0
0
0
184756
0
0
0
16016
184756
184756
48
0
720
0
2
0
0
0
0
0
0
0
0
132
0
1040
0
96
16016
946
30030
0
87516
2
87516
240240
0
0
0
9724
0
0
0
0
87516
0
0
6006
0
0
0
0
0
0
2
22
369512
0
0
87516
960
0
0
572
0
0
0
1980
0
0
0
0
87516
0
369512
0
6
0
8096
12474
0
0
0
739024
0
22
55440
0
0
22
0
0
0
1040
0
0
0
0
0
6006
132
38896
0
0
38896
0
0
0
0
0
2
0
0
0
0
0
0
132
0
2002
0
0
0
0
4290
184756
0
0
132
0
514800
0
0
0
6006
990
0
1320
0
0
0
572
0
2
132
369512
6006
0
0
0
12012
0
6006
369512
369512
38896
369512
0
2002
0
0
572
0
0
38896
20
0
0
0
0
0
572
2
0
0
0
0
87516
0
22
0
572
0
739024
96096
0
1980
0
64064
0
0
0
26880
1080
0
0
0
22
2
0
0
0
320
0
0
0
0
0
0
0
16016
22
0
0
68640
0
120120
0
0
0
0
0
0
1144
0
0
0
184756
16016
0
946
0
132
0
0
0
0
132
0
40
2
1980
0
572
0
0
0
0
0
0
0
168
0
572
0
0
0
22
6
0
1764
184756
0
0
2
0
0
0
184756
0
0
0
0
184756
0
0
0
0
0
369512
0
22
22
0
0
184756
0
0
0
0
22
0
0
0
0
2
0
0
80
22
0
0
0
0
0
0
0
0
0
0
0
184756
17160
2
0
0
0
0
0
0
0
369512
2640
0
72
360360
0
0
0
0
0
0
0
38896
184756
0
132
0
0
0
0
0
32032
0
0
0
0
0
0
22
422
2002
22
0
0
0
0
0
0
0
184756
0
0
0
0
16016
0
0
0
0
0
0
0
0
0
0
0
0
184756
0
0
0
0
2002
350064
572
0
0
0
0
0
20
22
184756
0
22
0
0
0
2
739024
0
184756
0
0
0
2640
2002
22
0
0
0
572
0
50050
296
0
16200
0
0
572
0
0
0
0
0
0
0
110880
572
0
132
0
1764
4950
216
0
2
0
0
0
0
0
2
0
0
0
0
0
0
0
6006
0
0
0
0
0
0
0
0
0
0
38896
0
0
0
0
0
739024
0
0
0
0
2
0
0
0
0
16016
0
0
38896
6006
288
0
0
0
87516
0
16016
0
0
0
38896
16016
0
0
0
0
0
0
0
2
90090
0
0
0
0
0
0
68640
2520
0
0
0
184756
0
87516
506
87516
0
0
22
210
0
0
0
132
22
132
0
0
2002
19404
132
0
0
16016
132
16
0
0
0
0
184756
132
132
0
2002
0
0
0
0
0
0
0
0
0
0
0
0
0
660
0
0
0
0
2
0
0
739024
0
0
369512
0
132
0
23100
0
0
0
0
0
572
0
0
0
2002
0
0
440
0
0
22
0
0
20
0
2574
0
0
132
0
0
87516
0
0
0
0
0
0
0
0
0
0
16016
132
0
0
0
4800
38896
0
0
0
0
0
0
0
0
0
54
0
0
0
0
0
369512
0
0
0
0
4290
0
0
0
0
0
0
572
0
0
0
24
0
0
2002
11880
2002
0
0
6006
0
0
0
0
0
0
0
0
132
0
184756
0
0
572
0
2
184756
1980
0
369512
0
0
144
0
0
0
572
0
0
0
0
0
2
0
0
0
0
0
0
0
155584
0
0
0
0
0
132
0
0
572
0
0
0
0
0
0
369512
0
0
2
0
0
2002
572
0
0
0
0
184756
0
0
0
20
369512
0
16016
0
18
0
0
0
2
132
56
0
0
0
0
0
0
0
369512
32032
0
0
0
0
0
280
0
132
132
0
0
0
2002
0
0
184756
0
0
1890
184756
0
0
0
0
8
0
0
369512
0
16
0
0
0
0
0
369512
0
0
0
0
0
0
0
0
0
0
18
0
0
0
22
0
0
0
0
0
0
0
0
0
0
0
0
0
77220
0
0
0
0
0
572
6006
0
4
17640
0
0
2
0
184756
0
0
240240
0
366080
572
0
38896
0
0
2
0
0
22
2
0
2200
0
572
0
0
0
0
2002
8
0
3146
3024
2002
0
0
0
18480
0
0
572
0
572
0
572
140
0
0
0
0
0
0
0
0
0
0
514800
0
2
0
0
0
0
0
2
0
0
0
0
0
96096
0
0
184756
0
12012
0
0
0
0
0
0
0
132
0
0
0
739024
0
0
0
38896
0
0
2
0
132
0
22
6006
0
0
0
27720
0
0
132
280
162
2002
2
0
0
0
0
0
54054
0
0
1980
38896
0
0
132
0
0
38896
369512
0
0
0
0
0
0
0
0
12474
850
0
2002
0
6006
87516
572
0
25740
0
0
0
0
0
258720
572
0
16016
2
0
0
2640
0
0
0
0
0
0
0
184756
739024
36036
0
0
0
47520
739024
739024
132
1764
184756
0
0
0
0
0
12
572
0
0
22
0
369512
0
0
0
16016
132
0
0
0
0
160
2002
0
0
0
288
572
9900
0
0
0
87516
2002
0
0
0
6006
0
56
0
6864
0
0
0
0
0
0
0
0
0
0
0
0
800
88704
0
0
6336
0
0
22
0
16016
1500
0
0
0
16016
0
2002
572
132
184756
0
54
0
6006
0
2002
572
16016
2
0
22
22
0
0
22
0
0
0
4
2
572
0
0
550
0
0
0
0
0
3080
0
0
16016
0
0
30030
0
0
2
0
0
0
0
0
0
0
0
0
132
2
0
0
0
0
0
2
0
0
720
0
572
0
254016
6006
164736
0
0
6006
0
40
1440
0
168
0
0
0
739024
0
0
0
0
0
6006
0
0
0
100100
0
38896
0
0
0
0
2002
0
0
0
0
0
2002
56
0
0
0
0
0
0
0
0
0
0
0
0
0
2
6006
0
0
739024
0
38896
14
0
0
0
1360
0
0
6006
0
739024
222
0
120
0
87516
0
0
0
0
0
154440
22
0
2002
132
2
0
0
0
0
60
0
0
6006
0
0
0
369512
0
2002
0
0
0
0
0
0
0
0
132
0
0
38896
0
0
0
0
30
2100
20
0
0
0
0
0
108
132
87516
0
0
369512
2
0
2
280
0
3102
0
0
87516
0
0
0
0
0
0
0
0
0
0
480480
22
369512
0
330
739024
0
0
0
0
6006
0
0
0
0
2
0
369512
0
0
0
0
2
0
0
0
0
0
0
18
22
0
0
0
0
274560
369512
184756
0
0
38896
184756
0
0
0
0
0
0
11760
22
0
0
0
0
16016
0
2002
24024
26880
22
0
38896
132
0
739024
0
0
25740
10010
16016
0
22
0
0
132
0
2
132
0
739024
23760
0
0
132
0
22
0
0
0
30
0
16016
572
38896
184756
22
0
0
0
0
0
0
0
506
0
0
0
0
0
0
882
0
0
0
0
0
0
1320
0
0
16016
0
0
0
0
0
0
0
87516
16016
490
0
0
87516
22
0
0
0
0
1980
2
22
0
0
0
0
0
2
506
0
0
0
0
38896
38896
0
8800
0
0
16016
0
0
0
0
350064
0
900
22880
0
0
0
0
108108
132
2002
0
0
2002
0
0
0
0
22
1260
0
6006
0
0
0
739024
0
0
4
0
0
0
4
0
0
0
0
87516
0
0
87516
0
38896
0
0
0
0
0
2
0
0
0
0
696
0
87516
0
6
0
572
0
0
0
38896
6006
0
0
0
0
0
0
0
0
0
0
0
2
0
38896
87516
0
0
0
0
0
0
6
6006
0
0
174
572
0
0
0
0
0
0
16016
0
0
0
6006
0
0
184756
0
0
0
7650
0
0
0
528
0
0
2
0
19448
38896
0
2200
0
0
22
0
0
572
0
0
0
0
132
1392
0
0
38896
38896
0
0
0
0
0
296
18
0
110880
0
0
0
0
0
0
0
0
0
0
0
92
0
0
0
0
0
0
3300
184756
0
16016
2002
0
0
5390
850
0
0
0
168
1716
0
0
0
0
369512
2002
0
1122
0
0
739024
1716
132
291720
0
0
0
0
87516
369512
240
8
0
0
92
2640
0
0
0
0
946
0
0
0
87516
0
0
24310
0
2
0
5720
16016
0
22
0
0
5940
0
0
0
0
0
0
40
369512
0
87516
0
0
0
6006
514800
2
2
0
0
22
18876
180
0
0
0
184756
40
2002
2002
2002
0
0
0
0
0
0
21168
0
0
51480
0
0
2002
0
55440
0
2002
0
0
0
0
96096
0
0
38896
132
0
572
0
572
0
0
0
20
0
0
0
0
0
0
0
0
0
369512
0
38896
16016
0
0
0
0
0
2520
0
0
2
0
0
132
0
132
0
0
0
22
0
0
0
0
0
87516
55440
0
0
6336
0
38896
0
0
0
26334
2002
0
0
140
10
0
572
0
739024
0
0
0
0
0
0
90090
2520
0
0
0
572
43472
0
0
0
369512
0
0
0
2
0
0
1320
0
3360
0
0
2
0
0
0
0
38896
2002
0
0
0
16016
572
0
0
0
480
0
0
0
0
132
0
0
6006
184756
2
2
2002
2
0
0
6006
0
296
0
0
0
252
0
739024
72
0
0
0
16016
0
0
0
0
0
6
0
0
572
0
0
0
0
2
0
87516
0
0
0
0
1716
900
0
0
0
0
0
572
0
87516
0
0
0
0
0
0
0
0
0
0
366080
369512
0
0
0
92
17424
0
0
0
6006
16016
946
2288
0
0
369512
1144
369512
0
0
0
0
0
572
0
0
56
132
0
72
0
0
0
1440
0
0
0
682
38896
6006
0
0
48
22
0
0
0
0
0
0
2002
22
0
0
0
0
0
0
739024
0
2002
0
0
0
369512
0
0
0
0
0
2
2002
0
0
0
739024
0
30030
369512
840
369512
0
0
2790
0
572
0
369512
0
0
0
0
0
0
0
1320
0
378
0
0
0
132
0
0
0
22
0
0
528
0
0
0
0
0
0
1890
0
0
0
0
22
16
38896
16016
0
0
0
38896
0
132
0
369512
739024
0
0
0
0
16016
0
0
0
0
60060
2002
184756
0
22
0
2002
0
27720
0
0
0
87516
0
0
0
0
88704
0
0
0
87516
0
0
0
0
0
369512
0
0
20832
0
22
20020
0
0
132
0
0
0
0
2
0
184756
0
17640
0
0
38896
369512
0
38896
184756
0
0
0
572
0
1980
0
0
739024
16016
0
2790
0
0
22
0
132
369512
0
16016
22
2002
0
0
0
22
280
2
0
0
0
6006
0
0
0
6006
0
0
0
0
0
0
54
132
14280
0
0
0
184756
0
0
132
0
2
0
0
0
0
0
38896
2
16016
0
0
16016
22
184756
210
0
184756
0
0
0
38896
0
87516
0
0
70
0
291720
0
739024
572
0
0
16016
0
0
0
132
0
0
0
14
1980
0
572
739024
0
0
352
0
0
0
1980
0
155584
132
0
0
0
0
38896
0
71280
0
0
2
0
739024
0
0
92
1122
0
18
0
1440
184756
0
2
0
0
0
0
2002
0
422
0
0
41756
0
6006
0
22
0
0
0
3144
0
0
0
0
0
0
36036
0
0
38896
980
184756
0
2
0
6006
0
0
1320
0
0
0
0
0
0
0
0
350
3024
0
184756
0
0
0
0
184756
0
0
0
0
0
2002
87516
0
0
0
70
0
0
0
0
0
0
0
0
490
0
0
0
0
0
87516
0
560
0
880
22
22
0
0
0
168
0
0
0
0
0
369512
0
0
0
0
0
0
0
2
0
739024
0
0
168
0
38896
0
12320
0
132
22
0
0
176400
183040
0
0
0
0
0
0
369512
0
0
0
2002
280
0
0
1122
0
2002
0
22
0
0
7524
0
0
18
0
0
0
0
369512
0
0
0
0
0
0
0
87516
0
0
369512
3432
0
6006
0
0
12474
0
0
0
0
0
0
0
2
22
2002
0
0
0
87516
0
0
0
0
0
0
0
0
0
0
16016
0
87516
0
280
3144
2
0
0
0
2002
0
0
0
0
0
16
0
0
0
0
0
0
0
0
0
0
0
0
132
572
0
168
0
0
87516
0
0
0
739024
2002
0
2002
0
0
572
369512
960
38896
0
2
0
30
0
0
14280
0
0
0
0
0
0
6006
0
0
0
572
0
0
0
0
25740
0
0
22
0
30
0
739024
0
0
0
3060
0
2002
38896
16016
369512
91520
572
0
0
0
0
0
572
12
0
0
2002
0
1296
0
0
490
6006
0
0
2
0
137280
0
0
0
0
0
59136
0
16016
0
3146
572
0
0
90090
0
0
0
0
0
16016
87516
0
200200
0
0
0
0
0
0
2970
0
132
572
0
22
132
0
87516
0
0
16016
0
16016
572
0
6006
0
132
0
0
0
0
330
0
0
369512
0
0
0
369512
0
38896
45760
0
0
0
0
16016
0
132
38896
739024
87516
0
0
0
0
22
0
0
0
0
0
572
6006
0
0
369512
0
22
0
0
0
0
0
2002
572
465696
0
572
8008
0
10584
1040
0
0
118272
572
0
6006
378
0
184756
0
3146
0
0
572
22
0
0
0
0
0
8008
0
0
0
0
2002
4800
16016
2982
0
0
0
0
194480
2
2002
2
0
4004
0
0
0
0
0
0
0
184756
22
0
0
0
0
0
0
22
0
0
0
0
0
0
0
0
0
264
70
739024
10
0
0
0
0
0
0
87516
0
184756
0
0
0
0
0
572
0
0
0
0
0
0
38896
0
0
0
0
22
0
0
16016
0
0
0
0
0
38896
0
38896
0
2
0
0
5940
0
0
0
18
0
0
0
41756
0
0
0
0
0
0
0
0
0
369512
0
132
0
132
0
739024
38896
0
22
0
0
7150
0
184756
0
210
0
572
184756
0
0
132
4004
2002
0
0
0
38896
16016
132
0
352
0
0
0
0
0
0
0
0
0
0
0
2
572
0
258720
16016
0
16016
0
0
8400
12960
0
0
0
0
14080
2
0
2002
155584
0
0
264
0
0
2002
0
0
0
0
0
572
0
0
0
184756
0
0
0
132
87516
6006
0
9240
2002
120
0
369512
0
572
350064
0
2
0
0
0
0
2002
739024
0
0
0
0
2
572
132
0
0
0
6006
0
2
0
0
0
0
0
0
0
0
6006
0
0
0
0
0
572
0
0
0
0
0
0
0
0
0
572
0
0
0
6006
38896
0
0
0
0
87516
0
0
0
0
0
369512
572
0
0
0
0
0
2002
0
0
22
0
0
739024
0
0
8008
0
1144
0
22880
0
132
739024
30
0
2002
0
0
572
0
0
22
2970
0
2
16016
0
0
22
0
132
16016
0
0
0
369512
0
16016
1440
369512
0
0
0
0
0
8
0
132
450
572
132
0
572
72
352
840
48048
0
0
22
0
0
0
0
44
184756
0
0
0
0
0
0
0
0
3300
6006
0
38896
6720
0
0
2002
0
0
22
320
0
0
22
22
0
0
0
0
0
0
0
132
22
0
13860
22
0
16016
980
0
0
0
38896
0
0
0
0
5720
0
87516
0
0
0
0
0
6006
0
0
0
16016
0
16016
22
0
0
0
0
132
0
0
0
320
0
0
739024
0
0
0
0
0
572
0
184756
0
0
0
132
0
0
369512
0
132
0
0
0
0
0
0
0
0
22
3432
184756
184756
0
6006
16016
0
0
0
6006
210
2
572
0
12012
2520
0
132
0
16016
132
0
0
55440
550
0
184756
0
0
0
0
2002
0
0
0
0
0
56
3300
2
0
0
0
0
0
4
0
572
0
38896
0
0
0
2002
2002
184756
0
0
0
0
0
184756
528
70
6336
0
38896
0
0
87516
0
0
0
0
0
2
0
0
0
0
0
0
0
0
0
0
0
184756
0
0
572
0
0
0
0
20020
0
184756
369512
0
0
0
0
0
22
0
296
0
0
0
0
0
0
0
0
0
0
24024
132
739024
0
0
0
0
2
2002
38896
0
2002
0
0
0
0
0
0
0
38896
0
184756
0
0
0
0
22
20020
132
22
0
0
22
0
0
0
22
0
0
2
132
22
87516
2
0
0
0
0
120120
0
0
0
0
0
4004
0
2464
0
0
16016
16016
0
0
0
572
0
0
0
0
0
0
0
0
16016
0
132
4
0
0
92
0
2
0
0
870
0
240
0
22
0
0
0
572
0
0
0
184756
0
0
0
2
0
0
0
0
0
0
0
0
2002
13860
0
23760
0
0
6006
0
0
0
38896
0
0
2
572
0
0
0
4290
6006
739024
0
0
6006
0
14
50050
0
0
0
0
0
0
0
0
0
0
682
0
0
184756
0
0
6006
2
22
0
0
22
0
4004
22
0
0
0
200
6006
184756
0
0
0
0
0
2002
0
0
0
0
0
3960
0
0
87516
0
38896
2200
0
0
2
16016
132
0
369512
739024
0
0
22
16016
87516
0
0
0
0
0
369512
0
0
739024
0
0
572
2002
0
352800
0
0
0
4800
0
0
0
20
0
0
1144
0
22
0
0
0
0
0
330
0
0
0
0
0
0
0
2
145860
2
0
0
0
0
0
0
0
572
0
0
0
0
0
0
0
0
0
16016
0
0
70560
2
0
70
0
6006
0
0
0
1008
0
0
77792
0
0
0
840
0
0
572
40
0
0
22
6696
0
0
0
0
0
54054
0
184756
0
572
16016
4
0
0
0
0
0
0
0
572
16016
0
0
14280
0
0
0
6006
0
0
0
0
0
0
16016
0
0
0
38896
0
0
38896
0
0
0
0
0
0
13440
0
0
184756
369512
0
0
22
2
0
0
0
2
0
0
0
0
0
0
0
0
22
0
0
2002
5940
0
184756
16016
38896
6006
22
2860
87516
0
0
739024
0
0
18876
0
16016
87516
184756
6006
350064
9360
0
682
0
0
0
0
6006
0
0
352
16016
0
0
60060
0
0
12
0
0
0
291720
0
0
0
132
184756
0
0
0
0
0
0
0
0
0
0
0
0
22
0
4004
0
16016
0
0
4004
0
16016
1040
0
0
49000
0
0
184756
38896
0
0
0
0
0
2
0
2
0
0
0
0
572
22
0
0
0
2
0
0
55440
184756
2
0
0
0
132
0
0
9240
175032
0
0
2
0
6006
0
70
2
0
0
2002
2
0
0
0
87516
0
1980
0
0
0
0
0
0
0
0
369512
0
378
0
0
19404
0
0
0
0
0
572
0
0
0
221760
22
145860
0
145860
0
0
16016
0
4
0
70
6
739024
0
2
8400
0
0
0
92
2610
2
0
0
132
0
16016
0
0
0
0
14080
0
38896
0
0
0
0
1430
0
0
0
12012
22
0
0
0
0
0
0
2002
369512
0
0
221760
0
0
2
0
38896
0
184756
0
0
369512
12
22
0
0
0
0
0
0
0
2
38896
0
1778
0
0
12
0
2970
0
2002
22
369512
132
0
0
572
16016
0
630
0
132
2
6006
739024
0
0
0
87516
0
0
0
0
0
0
0
0
2
0
0
0
92
0
0
0
6
22
112
132
0
22
0
132
0
2
240240
0
0
2002
0
0
0
0
0
145860
32032
0
2
132
0
0
132
0
572
22
0
0
0
0
0
132
739024
0
0
38896
369512
0
2
0
2002
0
0
0
0
18
1350
16016
0
0
0
0
0
0
0
0
0
22
22
22
22880
739024
0
0
0
572
6006
0
0
0
0
20
6336
0
0
0
0
0
739024
72
184756
40
0
2
80
0
0
87516
369512
0
18876
0
0
0
0
16016
0
0
0
0
38896
739024
22
2
0
369512
0
120120
0
0
18816
0
0
0
0
0
0
0
0
0
0
0
0
0
0
16016
369512
0
739024
0
2002
0
0
0
87516
0
6006
0
0
0
2
0
77792
2
0
22
0
0
184756
140
0
0
0
0
0
0
0
184756
22
6006
0
2002
0
38896
0
24024
0
0
0
0
0
0
0
0
2
572
8008
572
0
0
0
6006
0
0
0
0
0
0
739024
0
0
0
0
2002
0
0
572
22
572
0
0
0
240240
0
0
2
0
0
0
0
0
0
87516
0
0
0
0
87516
0
72
0
87516
18876
14
92
0
0
0
0
2
2
0
0
38896
0
14
0
0
0
10752
0
0
0
0
0
0
5100
20020
739024
0
12
0
300
369512
0
0
0
0
0
0
0
0
0
0
0
2
0
11440
8
0
0
0
0
6006
0
6006
0
369512
0
0
0
0
369512
17640
0
0
132
6006
2002
0
0
40
0
0
0
0
0
0
14
22
2002
24310
0
572
2
0
132
2
60
0
0
0
0
0
160
2
0
68640
0
0
0
0
0
184756
16016
132
0
0
38896
0
0
0
22
2
2002
0
22
0
0
572
0
0
140
0
0
0
739024
16016
22
0
16016
0
0
0
0
0
0
0
0
4104
22
0
0
87516
980
2002
572
369512
0
2
5390
0
572
184756
0
38896
112
0
0
0
0
0
0
2
0
0
0
0
0
0
0
0
0
0
2002
8400
0
22
0
87516
0
0
0
38896
0
10
0
2
132
0
572
0
0
11760
31680
70
0
0
0
0
2
0
0
0
0
0
8008
0
0
0
30
0
0
38896
2002
0
0
739024
0
6006
0
0
16016
0
0
55440
0
0
0
0
0
739024
0
0
16016
0
0
0
0
0
0
0
16016
369512
0
0
20
87516
0
68640
140
16016
0
0
72
0
0
0
369512
252
0
16016
0
0
369512
0
0
0
216216
0
0
0
0
0
16016
0
2
4800
0
0
739024
0
177408
2002
0
0
120120
132
0
0
2394
0
0
116424
2
177408
0
0
0
0
132
572
2002
22
0
0
184756
132
38896
20
0
6006
0
0
0
0
739024
0
22
2272
0
0
0
6006
184756
0
2002
0
0
17424
2700
2
0
2002
0
110
739024
0
0
0
0
88704
739024
3520
0
0
0
22
0
0
739024
22
6006
0
184756
0
22
0
369512
0
0
0
350064
22
0
0
0
0
0
0
235200
0
0
0
22
0
0
0
16016
22
184756
0
0
0
0
0
0
0
8096
0
0
2
0
270
0
128700
16016
2002
0
2002
8400
0
0
0
1040
0
0
0
11880
0
0
0
0
0
11760
0
0
0
42
0
0
87516
0
12012
42
0
0
512
0
0
1320
16016
0
422
0
0
0
0
2002
4752
2002
0
0
38896
132
0
2
572
0
572
0
132
220
0
739024
0
97240
0
0
16200
24
0
0
572
0
1848
20020
242
2002
0
0
0
16016
369512
739024
0
0
0
0
132
369512
0
0
0
0
0
0
0
0
0
16016
132
0
12012
232848
0
1980
2
0
0
0
184756
0
0
87516
0
38896
2002
720
0
369512
0
0
4004
183040
16016
0
0
6006
0
0
0
0
0
2
0
0
0
184756
572
72
0
0
0
0
2790
40
0
0
0
0
0
0
0
369512
369512
0
22
0
0
5544
0
16016
0
2
132
22
0
0
2002
22
184756
0
216
0
200200
0
16016
0
16016
0
0
0
572
0
0
0
9240
0
0
0
0
184756
0
0
0
0
132
38896
16016
0
2
0
0
184756
70560
0
0
0
38896
90
369512
0
90
0
0
0
0
38896
0
2002
0
0
0
0
0
0
38896
0
0
0
0
0
132
0
0
38896
43472
2
739024
0
350064
2
280
210
184756
1122
0
0
0
0
0
0
0
0
0
0
0
0
0
0
77220
2002
0
739024
6006
2
2
0
168
0
0
0
0
0
0
132
0
2
0
0
739024
0
0
0
0
0
0
0
0
0
0
0
0
0
22
2
0
0
0
0
0
369512
184756
0
2
0
6006
0
38896
0
572
22
0
0
0
0
0
12
0
0
0
1524
0
572
0
0
366080
10
0
0
0
0
0
1760
0
0
52920
16016
739024
0
0
2002
16
0
0
0
946
2640
0
0
0
0
0
0
0
16016
0
132
739024
132
16016
0
12
132
0
0
16016
0
0
0
0
184756
0
22
16016
0
0
40
440
0
0
739024
0
0
0
16016
2
0
0
210
0
0
56
0
0
0
0
0
0
6006
24024
0
0
0
0
0
0
0
0
0
0
0
0
0
19448
2
0
132
291720
0
0
42
0
572
2
0
0
132
0
0
0
739024
22
42
739024
0
0
0
155584
0
0
8008
168
128700
0
0
0
0
0
739024
16016
0
506
0
24
369512
0
0
572
0
0
87516
739024
990
0
0
32032
572
0
0
0
6006
12012
0
0
572
132
38896
739024
0
22
168
0
0
0
0
0
0
0
0
6006
132
87516
0
0
6006
0
22
0
16016
0
0
0
2
0
0
0
13860
0
77792
0
0
20
0
184756
0
0
0
1144
0
0
0
0
0
4950
0
22
0
0
2
0
0
0
0
0
0
0
0
369512
2
0
0
0
0
0
0
132
0
16016
0
0
369512
0
2002
0
184756
400
0
70
38896
1080
0
0
0
0
0
0
0
0
0
0
0
87516
0
0
0
0
56
0
0
0
87516
0
38896
0
0
0
22
0
0
2
0
5390
0
22
0
0
0
2002
0
0
184756
0
0
0
132
0
16
0
0
0
0
0
0
0
0
0
0
0
0
16016
87516
369512
0
0
184756
0
0
0
0
0
22
0
0
0
0
0
739024
0
0
0
0
0
0
0
2860
0
0
0
0
91520
4
0
0
0
980
288
0
0
0
0
0
0
0
24024
12
22
0
22
0
0
0
0
8
2
0
38896
6006
0
0
672
0
18
739024
0
0
0
2002
38896
2
0
56
0
22
0
0
572
16016
0
0
0
0
0
0
0
0
32032
0
0
572
2
0
0
0
1144
0
2464
0
0
16016
0
0
0
91520
0
0
0
0
132
0
0
22
184756
0
1144
38896
0
1144
2
0
120
56
0
0
0
0
0
0
739024
0
0
0
0
0
0
369512
22
0
0
0
0
739024
0
0
369512
0
0
16016
6006
0
16016
0
22
0
39600
0
0
22
0
0
739024
30
572
0
0
0
0
572
2
0
0
2002
739024
0
0
0
0
0
3080
0
739024
0
0
0
0
87516
739024
0
0
0
0
0
0
0
132
2002
0
0
0
0
0
0
132
572
14
2002
0
0
6006
7040
0
0
0
0
9504
0
0
0
0
0
0
0
0
0
0
0
0
572
0
1122
6006
0
0
0
0
0
0
0
0
0
92
0
0
0
70
0
422
0
0
0
16016
0
0
0
572
739024
369512
0
18
12
739024
0
0
0
0
0
739024
16016
0
20
0
0
0
0
0
0
2002
0
0
2
0
0
2
0
0
0
0
0
38896
132
0
22
0
0
0
336
0
6006
132
0
0
0
132
0
0
55440
369512
0
0
0
38896
572
0
572
0
0
0
0
0
0
0
0
0
0
0
0
0
0
2002
0
0
0
0
2
0
572
0
0
369512
0
42
132
0
0
0
1716
8008
0
0
0
0
2002
0
0
0
6006
0
0
0
108108
41184
0
0
0
12
0
2
0
6006
40
0
0
572
0
0
0
0
0
0
0
80
0
0
41756
0
0
0
0
4
0
87516
0
288
0
0
38896
1716
0
0
0
0
87516
0
0
2
38896
38896
0
8
0
0
0
0
0
72
38896
25740
132
0
0
0
0
184756
0
2002
88704
0
2002
38896
0
0
0
6006
0
0
0
90090
2
572
0
0
0
0
50
10
0
0
0
980
0
18876
7650
900
0
0
0
0
0
0
0
0
0
0
0
0
0
0
0
2
514800
0
0
0
0
16016
1778
0
87516
145860
0
0
0
0
0
0
0
87516
0
0
0
0
6006
22
6006
0
0
0
38896
2
87516
0
0
0
0
0
0
22
3024
0
0
38896
0
126
0
0
0
0
0
369512
0
0
0
10
0
0
7040
739024
0
0
16016
0
0
90090
0
0
896
0
0
739024
38896
291720
0
572
0
16016
0
2520
0
369512
0
0
132
0
16016
2002
0
369512
22
8866
1764
0
0
0
0
0
0
0
0
0
0
0
0
0
288
0
0
0
0
252
12012
16016
4004
0
216216
184756
0
0
0
0
132
0
16016
12
87516
0
0
0
0
572
369512
0
572
0
2002
0
0
0
0
22
0
0
0
1350
0
0
0
2400
0
22
0
0
0
0
2
184756
0
132
0
0
0
0
0
0
0
0
38896
0
11880
0
0
0
0
0
572
0
0
0
0
0
572
87516
2
0
0
180
77220
12
0
0
0
0
16016
0
369512
0
0
5720
0
2
184756
0
540
8
739024
0
0
572
0
0
0
2860
0
16016
19448
369512
6006
0
0
0
0
0
0
22
0
0
0
0
0
0
14080
0
38896
0
0
1408
16016
2
0
0
0
0
0
2002
0
0
2
0
0
184756
0
28224
0
2002
572
132
0
0
0
0
0
5170
0
0
0
0
0
0
0
0
0
0
0
184756
2
0
2002
0
132
0
0
739024
0
0
2
0
0
0
0
184756
0
0
0
6006
0
0
0
0
0
0
2790
0
0
739024
132
0
0
0
0
0
2002
6006
38896
739024
572
0
0
0
0
0
132
0
0
0
0
0
0
880
0
0
0
0
22
739024
38896
0
0
2002
0
0
0
0
0
0
0
0
0
0
369512
0
0
4004
0
6
0
0
0
0
0
0
0
0
132
572
0
180180
0
10
0
0
296
572
264
184756
0
0
22
0
0
22
0
0
0
0
0
0
22
0
0
0
1296
0
22
0
0
0
0
0
0
0
0
1980
572
38896
0
27216
572
0
0
0
0
4290
0
22
20
0
0
87516
2
24024
184756
24024
572
0
0
0
0
0
0
0
0
369512
132
42
6006
2
0
0
0
0
0
0
0
38896
739024
240
0
1320
8866
400
0
0
739024
0
0
0
8
0
0
0
0
0
0
0
2002
0
0
0
0
0
0
572
2
0
0
0
0
0
70
0
0
38896
221760
369512
87516
0
0
0
0
0
369512
0
22
0
572
0
1980
7650
0
22
184756
0
2
5170
0
184756
0
0
2
22
0
572
0
572
0
420
132
0
16016
2
0
0
60
5280
0
0
0
0
0
132
2002
0
0
0
0
22
60060
6006
4
0
0
184756
0
0
464
184756
572
0
0
0
22
0
183040
77792
0
0
0
0
0
0
0
38896
64064
0
2002
0
6006
6006
22
0
0
0
840
0
0
132
2
38896
38896
0
0
0
0
0
0
0
0
16016
280
0
0
0
0
6006
38896
132
0
0
0
0
184756
184756
0
55440
87516
38896
0
4950
2
0
0
0
38896
38896
0
0
0
6720
0
0
0
0
0
0
0
572
0
0
0
22
0
0
0
0
2
0
2
2002
6006
48048
0
0
0
0
0
0
2002
0
0
572
38896
0
0
0
0
87516
0
0
0
27720
22
2002
0
0
0
22
0
0
0
369512
43472
0
0
0
0
38896
258720
38896
16016
0
0
38896
0
0
2
0
0
369512
0
6048
0
2
0
70
0
2
0
17640
0
0
0
6006
369512
0
3976
0
14080
2002
0
0
0
132
0
184756
0
0
0
0
0
0
0
0
30
0
70
22
2
0
0
0
0
0
369512
1716
0
0
0
0
0
2
0
0
0
0
6006
0
0
0
0
183040
0
2002
16016
0
0
0
369512
0
0
184756
2002
6006
2002
1716
22
1122
22
369512
0
0
682
0
16016
38896
0
2200
0
0
0
4050
0
2200
8
2
0
132
572
2
2
0
0
0
0
0
0
0
0
0
0
0
0
0
6006
0
184756
30
0
0
0
0
0
0
184756
0
3520
0
0
0
0
2002
0
38896
0
0
180
2002
16016
0
0
0
0
0
0
0
16016
0
0
0
2002
0
990
2002
0
0
0
0
22
0
0
0
0
0
739024
0
739024
0
2002
0
87516
0
0
0
572
369512
6006
2
0
16016
0
0
22
0
0
16
572
572
369512
42
0
0
132
16016
0
0
0
0
0
16016
77792
4950
6006
0
0
0
0
0
0
0
0
0
0
0
0
0
132
0
0
0
0
0
8008
352
0
0
572
0
0
4800
0
0
0
572
0
87516
0
0
0
0
2
132
739024
0
0
0
0
0
0
0
6
0
0
2
41756
0
0
0
0
0
0
0
0
0
0
0
0
0
0
0
0
0
0
0
2
0
660
87516
0
0
840
22
0
840
2
0
0
0
0
0
87516
0
0
0
54054
0
0
0
2520
0
0
132
0
0
0
0
0
16016
0
22
0
0
0
38896
0
2002
0
739024
87516
132
22
0
87516
0
27720
0
0
572
0
16016
22
0
990
16016
0
0
9900
0
132
0
0
200200
0
990
4
20020
16016
0
16016
0
0
0
0
0
0
0
0
0
16016
0
0
0
739024
0
0
16016
0
0
2
0
0
87516
63504
0
388960
0
0
0
0
44
0
0
22
0
16016
0
38896
0
6336
0
0
0
16016
0
64
0
0
0
0
30030
0
572
0
184756
0
0
0
0
0
2
5544
0
0
739024
0
72
0
2
2
252
0
132
0
22
0
2002
0
0
22
0
0
64
0
0
0
7560
0
0
87516
0
0
0
132
0
0
0
0
2860
102960
0
369512
92
0
0
38896
0
2
168
990
0
0
23760
20
366080
0
38896
0
0
0
0
572
0
0
0
0
0
0
2
0
2
0
0
0
369512
0
0
16016
0
0
92
6006
6006
2002
0
2
0
0
0
2
16016
0
0
0
0
184756
0
0
1320
6006
8096
0
330
87516
739024
0
0
0
0
0
0
0
0
0
22
0
0
0
0
0
0
0
2200
572
0
0
0
0
2
87516
0
0
0
0
0
0
0
0
2
64
352800
2
0
20160
0
0
0
0
87516
2
0
0
0
0
0
252
184756
132
0
7920
0
2002
22
0
2
0
2002
0
22
900
572
0
0
0
0
2
38896
0
0
132
0
0
0
