0
0
0
0
0
0
0
24752
44
24
0
0
0
0
151164
2730
0
2730
0
739024
0
739024
369512
0
151164
0
0
80
0
0
0
662
0
0
728
0
1120
24
24
0
0
0
240
0
0
0
0
0
739024
0
0
0
24
8736
0
0
0
240
0
0
0
0
0
0
0
0
0
0
0
24
0
0
0
0
0
24
0
0
156
0
0
0
0
40
0
3960
0
0
0
0
0
0
0
0
0
2
0
0
68640
728
0
0
0
0
0
0
0
0
335920
0
0
0
151164
0
2
0
0
0
0
0
151164
264
0
24752
151164
0
8736
0
0
0
0
0
40
0
2
63648
0
728
0
0
0
0
0
1210
0
2730
2730
63648
151164
0
156
0
0
24
2730
0
0
0
0
24
0
739024
25872
0
0
160888
0
0
0
0
0
24
1056
56
0
0
0
63648
2
2730
0
88
0
0
0
8736
0
0
0
0
112
739024
156
168
739024
72072
0
0
0
0
0
0
0
24
0
0
0
0
0
0
156
0
0
728
739024
0
137280
0
0
0
0
360
0
335920
728
0
63648
0
0
3168
63648
0
4004
60060
0
0
0
24
0
662
0
0
96
0
0
0
56
360
8736
926
0
2730
0
0
739024
0
0
0
30
728
0
0
1716
2016
0
0
3900
0
8736
156
0
0
0
0
0
2730
0
2
0
0
0
4488
156
0
0
0
0
156
0
0
0
2730
0
0
0
0
2730
0
0
0
0
0
151164
0
108108
184
0
350064
156
0
0
0
0
0
0
0
0
0
0
0
0
0
24752
0
335920
0
14672
0
0
0
0
11880
0
840
0
8736
0
0
0
0
0
0
15600
0
0
0
0
0
184756
0
0
335920
24752
0
0
0
0
0
0
0
2
40040
0
0
0
156
0
0
0
0
0
2730
0
3542
7040
0
0
0
2
0
0
0
151164
151164
0
0
0
0
0
0
0
369512
0
8736
20
2
0
0
0
0
0
0
0
0
163020
0
24752
0
156
0
0
0
19800
0
0
739024
0
0
0
0
0
0
0
2
0
112
0
0
0
60060
20
784
332
0
151164
0
0
24
0
2
0
0
194480
728
0
151164
0
24752
0
0
0
0
0
0
0
0
63648
0
0
63648
0
0
0
2288
0
156
0
0
0
44
0
8736
464
0
0
0
2
0
0
2730
64
2
0
0
0
0
0
2730
61200
77792
0
0
335920
294
156
0
0
24752
4950
0
2
0
0
0
728
0
0
0
0
335920
0
8736
0
0
0
0
0
660
335920
0
0
0
0
6734
0
0
0
2730
0
8
0
0
0
63648
0
0
48
0
0
2
0
0
2
24752
63648
0
0
63648
0
0
728
0
369512
0
0
728
0
0
77616
72
0
2730
0
0
0
0
0
0
0
0
0
2730
583440
369512
156
0
2
0
0
0
0
0
660
2730
0
0
0
2
63648
24752
156
0
0
0
0
24
2
0
0
0
2730
335920
0
0
0
2
728
0
0
9576
56672
0
0
24
739024
3960
0
0
0
2730
8736
0
840
0
8
0
0
8736
60
9576
12
2
0
0
151164
0
0
0
0
156
80
672
0
0
2
24024
0
0
8736
0
0
0
2
0
0
0
0
1586
0
0
0
0
0
2
335920
369512
0
1110
0
0
2730
0
0
0
24752
2730
216216
0
2
0
0
0
0
24752
0
0
0
24
0
0
8736
24
0
8736
0
8736
0
24
2
24024
0
0
0
44
0
0
0
24752
0
24
24
0
0
0
0
0
0
156
0
66
0
0
0
0
0
0
2730
0
156
0
0
0
0
0
0
0
0
24
0
1152
0
0
0
8736
0
156
0
0
24752
0
151164
0
0
0
0
0
0
0
0
16016
332
728
2
0
34476
156
0
0
24
8
2
8
2
1584
0
0
14672
8736
0
0
0
2730
0
0
0
0
12
0
24
0
0
728
1008
24
0
0
0
0
0
0
0
728
728
0
0
0
0
156
0
156
0
0
0
0
0
0
0
0
8736
3410
156240
0
369512
0
0
0
0
156
2730
0
0
24
0
120
369512
0
0
0
0
0
0
0
739024
0
369512
0
0
0
0
0
0
0
24752
0
0
0
728
14
0
0
0
0
2
0
0
2
0
0
0
0
0
0
0
151164
0
0
12740
156
8736
70224
0
0
0
0
0
0
0
0
0
0
24
0
420
0
0
0
15840
24752
0
0
0
0
73372
0
2730
320
63648
0
0
24752
0
0
8736
0
0
2
3588
156
90
369512
0
739024
8736
156
0
151164
2730
0
0
0
2
0
0
0
156
18
2730
0
0
0
0
24
2730
24
728
0
728
0
369512
2730
739024
2730
0
0
151164
44
369512
0
0
360360
728
63648
0
0
583440
1650
0
18018
0
0
0
0
0
0
0
728
1792
0
0
0
0
221760
0
0
1512
0
0
0
2730
0
0
0
0
2
0
0
0
0
0
0
0
335920
0
0
0
335920
24752
0
0
0
0
728
0
8736
0
48620
0
199584
0
0
728
0
63648
0
2730
0
0
0
0
8736
0
0
8736
0
0
24
151164
0
0
0
2730
63648
0
0
151164
24752
6600
2
0
0
0
17040
0
0
369512
739024
31460
0
63648
0
0
0
0
12584
0
0
0
0
0
24752
0
0
0
0
0
0
156
0
0
0
0
24
0
24
0
0
728
2
24752
20
0
63648
0
464
728
31460
156
0
3960
151164
0
0
0
440
12
369512
63648
0
0
0
2
0
24
0
2
0
0
0
31616
0
739024
0
0
0
0
0
156
6006
0
0
3900
0
0
0
0
0
335920
0
0
0
0
0
2
0
4004
0
0
0
739024
0
2730
0
0
0
151164
32032
0
0
0
739024
0
0
8736
0
0
0
0
2730
0
335920
0
2
728
369512
0
0
0
0
0
0
0
8736
151164
0
0
156
0
0
42
360
0
0
6864
0
0
2
0
728
0
0
0
0
0
0
0
0
48048
335920
0
2
0
335920
0
8736
0
56672
12740
8736
0
24
0
0
448
0
2
24752
0
0
728
0
0
0
2730
8736
0
0
0
0
0
48048
0
0
0
34476
0
0
335920
0
0
0
0
0
0
156
6720
0
0
257400
0
0
335920
2520
0
0
2730
2730
0
2730
728
8736
0
0
0
0
0
728
24752
0
0
32
0
16
0
0
2
19800
24752
0
24
0
0
0
0
0
151164
0
63648
0
2730
0
0
63648
0
1012
0
0
0
920
0
739024
0
63648
0
0
252
0
24
24
0
2730
0
151164
151164
2730
0
0
24752
0
50400
0
63648
0
0
0
129360
0
0
2
0
0
0
369512
728
2
24
0
0
8100
8736
0
0
2
0
2730
0
0
151164
0
0
0
0
0
0
0
32
0
422
0
0
0
0
0
0
0
0
0
0
0
3248
0
2
2
366080
0
0
0
0
0
0
2730
0
0
0
0
0
63648
63648
0
0
151164
70
156
0
0
9576
728
0
0
0
0
0
0
0
0
0
175032
369512
728
24
0
0
0
0
0
2
0
0
0
0
1980
24752
0
2
156
0
0
63648
0
0
156
2
0
0
8736
156
151164
0
2
0
24024
0
0
335920
0
0
369512
0
72072
0
335920
0
0
0
0
0
0
0
0
0
0
0
0
12
6006
0
0
0
0
0
0
0
0
0
0
0
0
0
0
262548
2
0
0
0
0
0
0
0
240
63648
0
73372
0
0
0
2
504
335920
0
0
40
0
335920
0
0
0
132
2
0
2
18018
0
0
0
156
0
0
2
0
151164
2
0
0
0
0
24752
2
0
0
0
156
2730
63648
0
0
0
0
2730
0
0
0
63648
8736
0
728
156
0
335920
0
24
0
2
0
2730
0
28560
0
24752
0
0
0
0
24752
66
110
0
0
0
8
739024
728
18018
0
0
0
2016
728
630
18810
0
0
0
0
728
0
0
3248
0
0
335920
0
0
0
0
5040
128
75504
0
0
0
0
2
0
0
728
0
0
151164
24752
2
45760
0
2
728
110880
0
0
24752
0
0
0
0
0
0
0
0
24752
0
728
63648
0
0
8736
0
0
0
0
2730
0
0
24
30360
63648
0
151164
156
2
0
0
335920
0
167024
180180
0
2352
0
151164
739024
0
0
0
156
0
0
0
42
0
0
2
0
151164
0
16200
0
739024
0
4400
4732
240
0
0
0
0
0
0
156
156
0
0
0
0
0
24
0
0
0
0
0
0
369512
0
0
9360
0
0
0
335920
0
2
0
0
2730
0
0
0
0
60060
8736
0
0
0
0
990
64
360
0
0
0
0
132
0
0
0
200
0
360
6
0
24752
30
0
0
6600
198
0
728
0
0
0
0
0
0
335920
0
0
63648
0
0
0
24
2
0
75504
55440
0
0
0
0
3588
728
369512
0
0
0
2730
0
0
369512
0
0
0
0
0
0
0
0
2
0
0
0
0
0
0
0
12
0
156
0
56
3588
11088
0
151164
151164
0
0
175032
24
0
335920
0
0
24
63648
0
291720
0
0
0
0
0
24
2
0
0
0
0
0
0
662
221760
8736
2730
3570
0
8008
0
0
3588
0
0
151164
0
0
0
0
0
369512
0
739024
24
0
0
0
0
0
0
0
0
0
335920
151164
0
0
0
0
0
0
0
0
2
0
0
0
63648
0
739024
0
2730
24
63648
0
24752
0
24752
0
2
1800
24
0
112
0
1014
1716
0
0
335920
0
0
0
0
8736
369512
0
0
0
0
0
0
0
2730
0
0
0
0
0
0
151164
0
0
156
0
0
42
0
175032
0
0
0
0
160888
163020
0
24752
0
0
0
0
0
0
0
0
0
0
110880
0
0
108108
0
0
0
0
0
156
369512
24752
0
167024
0
335920
0
0
0
0
0
8
0
0
0
728
0
0
335920
0
151164
369512
0
0
0
0
369512
0
0
0
0
739024
0
0
0
0
332
0
0
0
0
24024
0
0
0
739024
0
0
0
2730
151164
156
0
0
0
0
0
132
77792
990
0
0
0
2730
0
0
0
2730
0
0
0
0
0
2640
154
0
87516
0
0
0
63648
0
335920
332
0
0
0
0
24
0
0
728
0
0
396
2
0
369512
0
784
0
0
66
0
0
0
2
0
0
24
0
0
0
840
0
0
10
0
0
24752
1014
0
156
0
0
0
728
0
0
2
0
0
0
0
0
0
0
24
0
0
0
0
22680
2
0
0
0
0
0
0
0
335920
0
0
0
0
0
0
0
440
0
156
0
24024
0
0
728
0
0
0
0
0
0
0
183040
0
0
0
8736
0
0
0
0
420
0
24752
0
360
0
24752
8736
0
0
0
0
24
369512
0
0
2
64064
0
1586
0
24752
0
0
0
0
24752
2
0
2
0
0
0
0
66
0
0
2730
14
4
3146
0
335920
0
0
0
0
0
0
258720
2730
0
0
0
0
156
0
63648
2
24
0
151164
0
0
24752
0
0
112
2730
0
2730
156
151164
0
0
0
354816
0
0
335920
0
0
0
6600
0
0
0
739024
0
0
0
0
3410
0
335920
0
0
0
0
20
0
0
0
0
0
0
6006
0
2730
24752
0
1608
0
0
0
0
0
0
151164
151164
24
0
0
42
0
0
465696
175032
151164
0
0
369512
464
1020
0
0
0
63648
156
0
0
369512
739024
0
0
0
0
2730
0
366080
0
0
0
0
6
0
0
0
0
0
0
0
0
0
0
0
0
0
151164
0
0
2730
0
63648
0
0
0
0
63648
8580
0
0
3570
0
2
0
0
0
0
0
0
0
0
0
0
0
63648
0
4200
0
0
0
0
0
0
335920
0
0
0
0
0
0
0
0
0
0
0
0
0
0
0
0
0
0
0
0
14672
0
0
0
739024
0
0
264
0
0
0
0
0
2
0
0
24
739024
0
728
0
0
0
0
0
2
0
0
0
0
0
0
0
0
0
0
0
0
0
18018
0
0
4400
0
0
0
0
16
0
4004
0
2730
24
0
0
0
0
0
151164
0
0
0
0
0
335920
739024
154
0
0
8736
0
0
0
0
0
728
0
0
0
0
335920
728
0
2
739024
0
0
728
0
0
0
2
0
354816
240
0
0
0
240
0
335920
0
0
0
2
0
369512
0
8736
0
369512
335920
0
0
0
7592
18
0
32032
0
0
0
335920
112
2
0
0
0
24752
0
24
0
24
0
0
583440
33264
335920
8736
0
0
0
156
0
0
0
0
0
0
0
0
0
0
0
0
465696
0
0
0
0
0
0
10
156
180
0
63648
63648
0
0
335920
2
0
0
0
0
0
0
739024
63648
4732
0
0
0
0
0
0
2730
0
0
0
0
24024
0
24752
2310
194480
0
0
0
0
12740
0
926
0
0
0
0
0
0
0
0
0
0
0
0
0
0
0
0
0
108108
0
63648
0
0
0
0
739024
63648
0
0
0
0
2
660
0
151164
0
116688
0
156
151164
0
0
0
0
0
0
0
0
0
14300
0
0
0
0
0
156
0
0
0
24752
0
0
0
0
106920
24
0
0
0
0
0
0
0
151164
0
0
30
0
369512
0
2
63648
0
198
0
160888
728
8736
0
0
0
0
0
0
0
4732
30
0
0
0
8736
0
0
920
0
0
0
0
186
0
0
0
1120
0
70
63648
24
0
24752
0
0
156
0
0
0
739024
0
24
0
0
0
0
0
112
0
151164
0
0
369512
0
0
0
0
2730
0
0
0
0
0
31616
20
0
0
24752
2016
0
0
0
728
0
0
1586
0
0
0
0
2
369512
63648
0
0
739024
0
0
0
0
18018
0
18
0
0
0
8736
0
0
0
0
48048
0
0
240240
0
0
192
156
335920
2730
0
24
156
0
0
8736
0
156
0
156
0
0
0
0
0
728
0
0
0
0
156
0
4732
0
199584
0
0
0
140
2730
0
0
8736
72
0
2
0
151164
10416
24752
0
0
1120
0
0
0
156
728
0
0
0
0
0
728
0
739024
0
0
0
24
6
2
0
0
24752
0
0
0
728
0
0
2288
60
0
0
0
0
0
0
0
24
2730
0
0
96096
0
0
0
0
9438
0
4
0
0
0
156
0
0
0
0
0
0
739024
0
12740
0
0
0
24
0
156
2730
0
0
0
0
0
0
739024
0
63648
0
0
2
0
180180
0
151164
0
0
2
2
0
0
42
0
24752
0
0
0
24
0
6734
0
0
0
0
0
0
0
0
2730
0
0
0
0
0
0
0
156
0
335920
24752
0
38808
47520
0
252
0
0
73372
0
0
0
0
739024
63648
294
0
0
0
739024
0
0
0
156
0
0
0
0
156
24
0
0
0
0
31616
24752
0
368
2730
0
0
2
0
0
0
0
0
0
924
0
0
0
0
24752
0
151164
115200
0
0
28952
0
0
24
156
0
0
0
0
0
335920
200200
0
0
0
0
0
728
0
0
156
0
0
0
18018
336
24
0
0
0
0
0
0
24752
2730
0
156
2
0
739024
8736
0
168
0
2
0
0
0
84
0
360
2730
2730
24
48048
24752
0
3528
0
2
11550
0
0
0
1872
0
0
0
0
2730
0
0
0
728
0
0
0
0
0
156
0
0
0
2
88
0
0
0
0
0
0
739024
9240
24752
0
0
0
2640
0
14672
24024
1100
0
0
0
0
0
24024
24
0
7112
8736
0
0
0
0
0
0
0
63648
2730
2
0
0
0
2730
0
0
0
66
728
0
0
369512
369512
0
0
2730
63648
0
0
3570
739024
12
2730
0
0
0
18018
4004
63648
0
151164
0
0
0
0
2
0
728
0
0
60
0
0
0
332
0
156156
0
0
34476
0
8736
2
0
0
0
335920
4732
0
2
0
2730
0
2
6600
0
369512
0
0
0
0
151164
2
2
0
8736
0
8736
0
0
151164
0
24
0
0
0
0
0
528
0
4
49896
0
2
0
156
0
0
0
0
0
0
0
0
369512
168
0
0
0
1716
0
0
0
0
0
0
0
156
51480
0
0
0
1100
0
0
0
0
0
1176
2
2730
63648
0
0
0
0
0
0
0
0
0
63648
0
2
0
0
24752
0
0
0
0
2
583440
0
0
0
24752
24752
728
0
0
0
335920
31616
0
0
0
0
0
0
0
0
1110
369512
0
0
0
0
0
369512
0
0
0
155584
0
156
0
0
0
0
0
0
0
0
0
0
2
0
0
0
739024
728
0
0
0
63360
0
0
0
0
0
24
0
0
728
0
0
0
0
0
0
0
2
0
0
0
0
0
0
0
0
0
0
0
0
0
0
8736
156
0
0
0
24
156
0
0
0
156
0
0
924
0
0
0
0
200
0
0
0
0
739024
0
0
151164
24024
151164
294
12
2
0
0
0
0
0
0
0
0
54432
0
0
0
0
0
0
0
0
0
0
0
0
2574
0
0
32032
0
0
0
0
0
0
8736
0
104160
24
63648
0
0
0
0
2520
2730
0
0
27720
0
0
2
0
151164
0
24752
0
0
0
0
0
0
369512
335920
0
199584
0
0
0
335920
2
175032
0
0
0
0
0
0
0
1716
0
0
0
63648
0
0
0
2730
24
0
24
728
0
0
2
0
0
156
63648
0
0
0
6
14672
47520
156
24752
335920
0
0
0
0
0
14
0
3248
0
240240
0
0
0
0
151164
0
0
0
0
0
0
0
0
151164
0
0
0
0
360
0
2
369512
0
0
24
0
0
2730
0
0
0
0
15730
24
0
1176
0
0
739024
0
0
0
0
14672
0
0
369512
0
156
0
0
0
73372
1430
0
0
0
0
0
63648
0
0
0
258720
0
0
0
0
151164
112
0
0
0
1650
0
0
0
0
0
156
2730
0
0
210
2
0
0
2
0
0
0
0
0
0
2
0
0
2
0
0
2
0
369512
0
0
0
24752
739024
0
369512
1608
73372
0
0
24
0
369512
0
0
0
8
156
0
0
0
0
24
0
6
0
739024
0
2
0
0
0
369512
2730
0
0
360
5280
120
20
0
0
32
0
0
0
335920
0
0
24
155584
739024
24752
0
0
156
0
3136
0
63648
0
0
8736
0
0
24
24
8736
0
20020
0
9720
0
24
0
0
156
63648
0
8736
0
2730
18
0
0
0
0
0
0
0
0
0
0
369512
0
24752
0
0
0
0
156
0
0
3146
0
0
739024
0
10
0
0
0
0
0
0
0
728
728
151164
0
24752
0
0
0
34476
0
0
0
0
0
0
0
72
0
0
0
2860
0
38808
0
24752
0
0
0
0
8736
151164
0
0
0
0
24
24752
156
335920
0
0
24
0
0
0
0
8736
0
0
0
0
0
0
0
0
0
0
0
0
151164
0
2
0
0
132
335920
156
63648
156
0
0
24
0
0
150
0
2730
0
0
0
0
31616
0
728
0
2730
0
30
0
0
0
0
0
0
0
0
24
156
0
739024
252
24752
151164
20
0
0
0
0
0
151164
0
0
0
0
0
7040
0
0
0
0
0
156
151164
0
156
0
0
0
258720
0
704
739024
0
0
0
0
0
0
24
0
168
0
0
0
0
2
63648
8736
0
0
0
0
0
0
0
0
0
0
0
0
0
0
0
0
2
0
0
24752
0
0
0
0
0
0
0
0
12
0
0
0
8736
0
0
0
0
0
0
0
0
0
0
0
0
0
0
369512
0
0
0
0
0
0
0
0
0
0
0
0
0
0
1014
0
0
30240
0
4004
4732
42
0
0
0
0
151164
2
0
0
0
0
0
0
0
728
0
0
0
20
728
0
24752
0
0
0
0
0
728
30360
0
24
0
0
0
739024
0
105336
0
0
0
0
0
0
560
6734
0
369512
0
350064
8640
24752
24752
0
0
0
0
728
0
0
0
0
0
0
151164
728
335920
728
0
728
0
0
0
0
156
784
24752
0
0
0
360
0
0
0
0
1764
728
464
24
335920
0
0
0
2
156
151164
24
0
739024
24
0
0
739024
0
2730
24
228800
0
63648
0
0
0
0
0
0
151164
0
0
24752
0
0
0
0
110880
0
0
90
24752
0
24
0
739024
0
728
151164
0
0
0
0
0
0
0
0
0
0
0
0
0
0
0
0
24
0
0
0
8736
24
0
0
0
24752
0
17280
0
0
336
156
0
0
0
2
24
728
1608
0
0
8736
0
24
0
156
7592
2730
0
0
0
0
0
0
24024
0
0
0
0
0
0
0
3542
369512
0
151164
0
0
0
0
2
0
0
0
0
3588
0
0
0
728
0
0
0
0
0
2730
0
0
63648
0
18018
63648
0
739024
0
0
156
0
0
24192
0
0
0
0
24
0
0
728
0
0
0
332
24752
0
4732
0
8976
0
24752
0
0
2
0
2730
2
0
156
132
0
0
335920
180
335920
0
2
0
0
0
0
0
0
0
0
24
0
0
335920
0
0
0
9900
2730
0
0
0
0
176400
156
180180
0
0
0
0
0
1008
2
0
0
739024
0
0
63648
0
2730
2
0
0
0
63648
0
0
0
0
264
0
0
0
24752
0
0
0
72
0
0
0
20
0
0
0
0
216216
0
44
0
739024
0
0
0
0
156
0
0
0
0
0
0
369512
2
0
0
0
2
0
63648
0
151164
0
132300
0
0
728
168
0
72
0
0
0
0
0
728
0
0
0
0
0
369512
0
0
0
24
728
0
0
0
0
728
88
728
0
0
160888
0
0
2
24752
0
0
8736
6600
1110
0
0
0
0
0
0
6
0
0
0
0
240
0
0
0
0
0
0
24752
0
0
728
0
0
0
0
0
0
0
728
0
0
0
24752
294
728
0
0
0
739024
0
335920
1110
0
24752
0
0
0
0
0
0
0
0
335920
0
156
0
0
739024
0
0
63648
0
0
30
0
0
0
728
0
0
0
0
0
0
0
2730
24
0
0
0
0
0
0
0
20
0
0
0
0
2730
335920
0
728
0
0
24752
10010
0
175032
63648
0
0
728
13728
0
0
24752
0
0
0
0
0
0
0
0
0
0
0
0
0
0
0
0
0
1440
2
24752
0
0
0
0
0
369512
728
0
0
0
12
0
0
0
0
0
24752
0
0
0
0
0
0
0
1608
24752
151164
24752
24752
0
151164
156
0
0
0
0
0
0
739024
0
2550
0
0
369512
0
0
28560
24
0
0
116688
0
0
0
0
4
156
739024
0
8736
24
72072
24024
3588
0
151164
9240
151164
156
0
36
0
0
662
8736
0
2
200
2
0
0
0
8736
23760
0
0
0
112
8736
739024
84
2
14
0
0
24752
0
369512
0
0
0
151164
0
0
0
0
0
0
0
0
0
6734
0
0
0
2730
156
0
0
168
0
8736
12740
0
0
0
0
0
0
3136
151164
4
0
0
0
739024
24
0
583440
0
0
0
0
0
0
0
21714
63648
0
0
0
2
0
110110
8736
0
38808
0
151164
0
0
156
0
0
24
0
30600
0
0
0
369512
24
0
0
0
168
0
24752
739024
0
0
24
0
0
0
0
20
0
0
739024
0
0
10416
369512
0
0
0
0
0
0
0
0
0
8736
0
0
0
0
0
0
728
0
0
0
369512
369512
0
0
32400
0
0
0
24752
63648
335920
0
0
2
0
24
2
8736
0
0
0
0
0
420
0
2
990
2
0
0
2532
0
0
0
0
2730
0
0
0
0
2
0
24
0
0
0
2730
1014
0
151164
2730
0
0
0
17160
0
24
0
0
2730
252
0
0
0
151164
0
2
0
0
0
0
0
0
0
0
0
0
44330
8736
0
0
0
0
0
0
0
728
168
0
120
0
0
2
18018
0
156
12
0
728
0
0
504
0
0
8
0
0
0
0
640
0
0
0
0
0
0
24752
63648
0
0
0
0
0
0
2
0
0
0
0
2730
0
3960
0
0
0
0
0
335920
0
0
8736
0
0
0
0
0
0
728
30360
369512
0
0
0
0
583440
0
0
0
0
2
0
0
739024
0
156
2
0
0
2730
0
2
30240
156
0
0
369512
0
0
0
0
3900
51480
0
0
0
0
0
0
0
0
0
0
335920
0
4800
8736
728
0
0
0
80
0
0
24752
0
0
0
0
0
2
24
10416
24752
0
0
366080
2
0
0
0
0
0
0
0
0
0
0
0
728
0
24
0
0
800
0
0
24
0
0
0
0
0
0
0
369512
156
0
0
8736
0
151164
0
8736
0
8736
0
0
2
0
156
0
420
0
0
8736
2
2
0
0
0
63648
0
0
0
0
0
739024
0
0
0
369512
63648
335920
8
0
0
0
0
21714
369512
90090
0
369512
0
24
24
0
156
0
369512
0
0
151164
0
0
0
335920
0
15444
0
2
1764
2
0
0
0
2
156
9072
0
0
14
0
252
110
0
151164
0
0
0
0
0
0
335920
2310
156
0
0
0
2
0
369512
24752
291720
0
739024
464
0
0
0
0
20592
156
0
396
0
0
0
24
156
2
739024
0
0
151164
728
0
0
8
0
0
0
14300
2
0
0
24
24752
0
1586
24
24
2
0
0
0
0
24
0
0
156
0
0
24752
0
2730
151164
5040
0
24
0
0
0
0
0
0
739024
6600
0
0
0
0
0
0
0
0
66066
0
0
0
0
0
0
0
0
2
0
8736
0
22680
0
0
24
0
2730
0
0
0
0
0
0
0
0
0
0
739024
0
63648
0
0
0
335920
0
25344
0
44
1608
0
24
5040
24
0
0
0
0
3144
728
0
0
0
0
4732
0
0
0
0
0
0
0
0
24
728
0
0
63648
0
0
0
0
0
0
16192
0
156
0
0
0
63648
0
0
154
24752
0
24752
0
0
0
0
0
55440
0
0
335920
0
0
0
64064
335920
0
0
0
73372
30
0
0
0
0
0
0
0
8736
252
0
0
24
739024
0
464
335920
151164
151164
0
0
2
2730
0
0
0
240
14080
8736
0
0
0
0
2
0
0
0
335920
0
24
0
0
14080
0
0
24752
0
0
24
4004
0
177408
83512
8736
264
63648
0
369512
2
0
0
0
42
2
0
0
0
0
0
2
0
0
0
0
0
0
2730
0
0
0
151164
0
0
440
0
0
0
129360
156
151164
1560
0
0
0
63648
151164
0
0
2100
0
0
16
151164
0
0
2730
0
156
73372
100100
0
0
335920
0
77792
0
0
9072
0
102102
0
739024
0
90
0
0
42
0
0
2730
0
0
0
0
6734
0
0
335920
369512
0
0
0
24752
0
0
0
0
0
0
0
0
2730
0
137280
0
335920
335920
0
0
0
56
0
28
336
0
0
0
0
335920
24752
0
0
0
0
24752
369512
2
151164
24
2
0
0
0
0
0
0
0
0
0
0
0
0
0
739024
0
11760
0
0
2
0
0
0
2730
2
0
0
63648
335920
4732
0
0
0
0
0
0
264
465696
0
0
0
0
151164
0
728
1608
2
24
24
0
151164
0
0
0
0
0
2730
84
2
8736
739024
48048
0
739024
0
0
0
0
0
0
0
0
0
2
560
0
42
0
420
24752
0
0
0
0
0
156
0
2
18
24
0
0
728
156
0
0
420
0
4732
24
630
0
0
73372
0
0
369512
464
0
0
0
1430
0
0
2
0
22680
0
63648
0
464
0
0
2
0
0
8736
0
0
0
0
335920
0
24752
2
0
335920
0
2
2730
0
0
23760
2
0
0
0
0
926
0
0
0
0
0
0
32032
2730
0
728
252
0
44330
0
63648
0
156
0
72
0
0
8736
0
0
0
2
0
1586
8736
0
24
112
0
0
0
0
0
0
0
0
0
0
0
0
151164
0
0
30
0
0
0
0
0
0
0
0
0
0
0
2024
0
0
0
0
0
0
0
0
0
200
0
24
0
0
0
0
335920
2
156
0
0
335920
0
0
2
0
728
0
2
0
0
0
0
0
1144
0
0
0
151164
0
63648
0
0
0
420
0
0
0
0
0
0
0
42
0
0
0
30240
0
0
0
0
0
0
0
0
48048
80
0
728
2730
24752
0
0
0
0
0
24752
0
2730
0
330
354816
80
8736
0
151164
0
335920
0
4732
0
0
0
0
0
0
0
24
0
2
8736
0
0
0
739024
0
151164
2
0
0
0
2730
24752
0
0
0
0
2730
0
0
0
0
0
0
8736
0
0
0
32400
739024
8736
0
108108
0
0
0
0
0
0
0
0
0
0
0
0
0
0
0
0
0
151164
728
0
0
0
0
0
156
0
0
0
0
728
63648
63648
1800
0
0
0
0
264
0
662
0
24752
350064
0
8736
63648
184756
156
0
0
8736
0
400
0
0
0
0
156
0
1792
2730
0
0
0
0
0
0
0
369512
0
0
210210
0
0
0
0
728
1620
0
0
0
24024
63648
0
0
0
0
0
63648
156
0
0
0
0
420
0
0
24752
24752
0
0
0
0
0
0
0
0
0
0
0
4400
0
0
0
0
156
0
8736
335920
24752
2
0
66
335920
0
0
72
0
1056
0
24
0
369512
0
0
0
0
0
1608
0
24752
30030
0
0
24752
728
0
0
0
2
0
0
38896
0
0
0
63648
12
2730
0
0
2520
0
0
0
0
0
8
0
0
0
24752
24752
0
0
0
0
0
0
0
0
0
24
3168
0
728
0
156
420
728
63648
0
1210
0
0
0
4732
0
0
156
0
0
24752
0
3168
369512
0
0
0
0
2730
0
35280
0
0
0
0
0
0
728
24
0
2
0
0
0
0
0
0
0
0
0
24752
0
0
0
0
24752
2730
335920
12
112
0
0
0
0
0
0
1014
0
0
0
0
2
6
2730
24
8736
0
0
0
0
52800
0
0
335920
156
0
0
0
0
0
0
0
1008
728
0
0
0
100100
2
0
0
90
0
2730
24
0
0
1176
0
2730
4620
0
739024
0
24
0
3432
368
11440
0
0
0
2
0
0
156
20
924
0
0
0
151164
0
0
24752
0
0
0
63648
0
2
0
0
0
0
0
0
0
2
0
0
0
0
0
0
24
24752
2
0
0
0
0
0
0
0
0
0
0
0
514800
0
24
0
0
0
63648
0
0
0
0
0
335920
0
0
24
0
75504
0
0
2
0
35640
151164
24
335920
0
0
0
8736
24
0
2730
0
2
24752
0
0
0
0
17280
0
739024
0
11880
0
0
0
0
0
0
0
156
0
0
0
728
2
0
0
2730
0
0
0
0
0
30
0
0
0
0
0
0
0
0
0
0
0
0
739024
0
156
24
0
0
8736
12012
2
0
0
0
0
0
0
0
0
0
0
728
0
2
2
0
0
2
739024
0
2730
63648
0
8736
0
0
0
0
24
0
0
0
0
0
0
0
0
0
0
335920
0
0
0
1218
335920
88
0
0
728
70
24752
0
0
3960
0
0
0
112
0
0
156
0
0
12012
0
0
156
0
156
24
0
0
24
18018
0
2730
0
0
56
0
0
162
0
63648
0
0
0
0
335920
0
24
0
336
728
0
73372
0
72
0
0
2730
0
0
0
0
0
24
15600
24
0
8736
18
0
6734
0
320
0
0
0
24
0
0
0
335920
0
0
0
84
0
0
0
0
0
0
0
2
48576
0
0
360
0
0
0
0
0
0
83160
63648
0
0
63648
0
0
926
335920
6006
0
739024
151164
0
0
24752
156
0
0
728
0
30690
335920
24752
0
0
24752
0
0
0
0
24752
1056
0
24
0
560
0
1586
151164
1872
156
3588
0
0
2730
72
24752
0
24752
0
0
0
0
728
0
156
0
0
0
2730
0
63648
0
0
0
151164
84
335920
24752
0
0
0
0
0
369512
8736
0
24
0
1980
0
0
0
2730
0
0
2730
0
728
0
0
0
0
2
24
2730
0
0
2730
369512
0
2860
18
0
0
48048
0
155584
335920
0
0
0
24752
0
0
0
0
0
0
8736
151164
336
24752
8736
0
2
24
20
369512
0
0
335920
369512
141120
24
0
0
132
0
6
0
0
0
2532
350064
0
168
24
0
2
0
0
31616
0
8736
8736
728
24
0
0
1100
0
0
0
0
0
24752
0
34476
0
1014
0
0
0
155584
24
0
0
0
369512
0
0
0
369512
369512
0
728
0
3080
2
0
0
0
0
0
0
0
0
0
1716
0
0
0
0
0
0
0
0
0
0
0
22680
2730
0
0
0
2730
0
2
154440
0
0
0
0
0
63648
80
0
8736
2
0
0
0
70
0
63648
0
335920
32032
24
739024
0
0
0
728
2
0
180
0
76832
0
2
156
0
0
0
0
0
0
0
240
0
0
369512
728
728
0
739024
0
0
0
0
0
24
0
0
0
0
151164
0
30
0
739024
2
0
728
24752
0
0
0
24752
0
1144
0
0
156
0
252
335920
24
0
102102
0
0
0
90
0
151164
0
0
0
156
24
0
0
63648
0
0
0
0
335920
3150
0
0
0
0
728
0
0
156
0
0
728
156
0
0
0
0
0
24
30
0
24
0
72
0
0
0
0
0
112
0
24752
0
0
728
0
0
63648
155584
0
24
8
0
0
728
0
0
0
0
0
0
2
0
0
0
0
24752
112
40040
960
8736
0
728
728
369512
0
0
2
0
0
0
2002
0
0
0
0
0
0
56
0
0
335920
0
0
63648
0
0
0
0
0
0
24752
0
8
0
0
63648
0
0
8736
2730
0
8736
0
0
156
0
2520
0
0
0
0
728
0
0
30690
0
0
2
0
0
0
0
0
1008
0
0
0
0
0
0
0
335920
0
728
0
0
0
156
739024
0
0
0
0
31616
0
0
0
0
0
63648
11880
810
800
0
728
0
2
728
0
2
0
0
0
63648
0
335920
0
66528
2
0
369512
0
0
0
24752
0
0
151164
0
4732
0
0
6734
63648
77792
2
739024
24752
0
24752
0
0
0
0
0
0
0
0
369512
369512
240
0
2730
369512
0
262548
55440
0
0
0
32400
8736
0
24
0
8736
0
0
0
0
739024
25740
2
0
0
0
0
24
0
0
24
2730
0
2730
0
44330
0
24
10296
0
0
0
0
0
369512
0
0
2730
0
0
0
0
0
0
0
0
0
24
0
0
1100
0
0
0
24752
0
0
0
0
0
335920
0
0
90
0
0
0
63648
0
0
0
0
0
55440
0
4732
0
0
0
0
156
0
0
151164
335920
0
24
0
0
0
6006
0
2
335920
0
0
156
156
0
0
0
156
0
0
0
0
0
180
0
0
57600
0
0
2178
0
0
0
0
2730
12740
0
151164
0
0
8736
24
0
335920
0
0
0
2730
0
12740
0
0
0
0
0
0
0
0
0
0
2
926
0
0
151164
0
0
8736
2730
0
0
728
0
0
8736
8736
0
0
0
2
0
24752
1764
0
0
330
0
739024
0
0
0
0
24
12
739024
155584
0
24
24
221760
151164
32032
2
151164
369512
10
0
0
0
0
0
0
0
0
0
156
0
0
335920
0
465696
0
0
0
12584
0
0
137280
0
2
0
0
240
0
0
20
156
31616
739024
264
0
0
0
0
0
2
2730
140
0
0
0
2
0
3960
0
0
0
0
6734
0
0
176400
0
24752
0
739024
0
2730
0
0
0
0
0
0
151164
0
0
156
0
0
0
335920
12
0
96096
0
0
0
0
0
3588
0
369512
0
0
12740
0
24752
0
0
8736
63648
0
0
0
0
0
0
0
0
0
0
0
2
2730
2
369512
0
0
0
0
2
0
90
0
0
0
24
2
0
0
0
50
0
3960
24
0
0
0
739024
0
1716
0
2730
0
0
0
335920
0
0
0
0
0
24752
24
8736
17160
0
0
2
0
0
42
0
156
2730
0
14
0
156
63648
739024
0
24752
0
0
0
252
156
0
0
4732
0
70224
728
0
0
32340
0
4004
24752
0
0
0
2
0
0
0
24752
0
0
0
0
0
2730
0
0
0
0
24752
24752
0
12
24
2730
739024
151164
0
25200
0
2
32032
0
0
8736
40040
0
0
0
0
0
151164
0
0
0
335920
0
0
240
0
2730
0
739024
0
0
0
252
0
0
12584
0
2
0
0
0
0
0
0
0
0
739024
6006
11550
0
0
14
0
0
0
0
0
2730
24
0
0
0
0
151164
0
0
0
0
0
0
0
0
432
0
0
0
0
14112
0
0
24752
0
7112
151164
0
0
8736
0
24
0
0
0
0
0
0
12012
0
3150
0
24752
8100
0
0
0
0
24
0
0
2
0
0
0
0
335920
23760
0
369512
0
0
0
0
151164
0
0
0
350064
24
24752
2
0
0
0
5376
0
0
0
2730
728
0
0
0
0
0
151164
8736
0
0
0
0
0
24752
0
0
0
0
0
94380
0
728
0
151164
0
0
24
10
0
0
0
0
18
0
0
0
0
0
0
0
0
0
0
2
12
0
2730
8
0
0
1716
0
0
0
0
0
0
8736
0
0
4732
739024
0
330
0
0
60060
8736
1764
0
94380
0
0
0
140
0
0
0
0
0
369512
0
0
0
0
0
2880
0
1608
0
24752
0
0
262548
24
0
0
24
12740
0
0
2730
0
63648
0
0
0
0
0
0
1014
0
0
0
0
739024
0
24024
156
0
0
151164
739024
63648
63648
0
0
12012
24
2
86944
2
0
0
20400
0
0
0
1586
0
0
0
0
739024
0
2
0
0
252
0
48048
0
0
464
0
291720
24
0
728
16800
0
0
151164
369512
30240
24
0
0
0
0
560
63648
332
0
8
156
0
396
0
420
0
0
0
151164
662
200200
15600
0
0
369512
0
0
0
0
0
0
0
0
63648
369512
0
0
0
335920
0
156
0
2730
0
0
24752
0
0
0
0
0
0
0
2
0
8736
0
0
0
3900
66
10
116688
335920
0
44330
728
0
0
0
0
0
2730
0
151164
3528
0
0
739024
0
0
0
0
0
24752
0
6006
0
0
0
0
0
0
728
0
0
0
369512
0
0
24
0
156
0
0
0
3588
960
63648
739024
0
0
8736
0
0
0
0
0
8736
0
728
16
39600
63648
1210
2
0
240
0
24
8736
0
24752
0
0
0
24
0
0
0
728
0
0
24
0
0
0
0
24024
0
369512
200200
514800
8736
63648
728
20
0
120
0
24024
0
2730
0
0
24752
2730
0
0
0
2730
151164
0
0
72
63648
8736
0
0
0
0
0
0
0
0
0
0
0
63648
0
2016
0
0
156
0
294
0
0
0
0
2730
0
0
1584
728
8736
8736
420
0
0
0
0
0
24752
0
0
0
8736
0
0
68640
0
0
24
0
2640
0
0
0
151164
0
728
2
0
0
2730
0
0
151164
90090
369512
0
0
0
0
0
2730
9072
0
0
0
0
0
291720
0
0
0
0
8736
0
0
0
0
0
120
0
0
0
156
0
388960
0
2
151164
0
8736
0
0
0
0
0
80
728
24
0
20
0
0
0
728
151164
0
0
0
1100
24752
0
0
2730
24752
0
0
0
0
151164
8736
440
23040
2
63648
24
0
51480
110880
0
2
369512
156
6204
0
0
24
0
0
63648
0
0
728
0
151164
8736
151164
2
0
0
55440
739024
739024
0
24752
0
2730
335920
24752
0
24
335920
0
739024
0
0
0
0
0
0
1848
0
0
369512
156
0
0
0
0
0
0
2
2730
0
0
8736
0
0
728
0
369512
0
0
0
0
0
0
0
63648
156
0
24752
335920
0
0
0
0
2
924
0
156
0
0
0
0
0
0
360
0
0
0
0
0
0
0
0
2730
0
34650
0
0
0
0
0
0
0
0
335920
369512
335920
0
0
0
0
369512
0
728
2
0
0
0
0
0
0
360
0
0
0
369512
44330
0
0
514800
2730
0
0
0
0
0
0
0
0
63648
0
728
0
0
0
0
8736
0
0
0
0
0
0
0
335920
0
0
24
0
0
0
0
0
720
151164
308880
0
2
24752
151164
0
2730
0
8736
2
24
18
120120
0
4488
2730
7592
156
151164
54054
0
0
0
0
24752
335920
151164
0
24
0
0
0
739024
0
83160
0
2
0
63648
24752
0
335920
0
0
2730
0
0
2
0
156
0
200
0
0
0
0
10
0
0
0
0
0
0
0
0
0
0
0
0
2
156
0
2730
335920
0
24752
2730
6006
156
0
480480
0
47520
0
0
0
0
0
0
0
0
0
0
0
2
0
0
0
0
2
0
0
0
200
0
0
0
24752
0
0
0
0
63648
0
0
0
0
0
0
156
8
662
63648
0
0
0
0
0
335920
728
0
0
156
0
0
728
8736
5240
0
335920
0
0
2
0
12740
0
0
739024
0
0
0
0
0
0
0
2
0
0
0
0
0
24752
0
0
0
0
0
0
0
156
0
44
0
0
0
3960
0
0
0
0
0
0
156
0
369512
0
728
0
0
63648
24752
24
396
0
1608
0
116688
151164
1800
0
2730
0
0
156
0
0
0
0
0
0
0
0
0
0
0
0
0
0
0
0
258720
335920
728
0
0
0
0
3528
24
0
728
0
0
15600
0
0
0
156
3150
0
0
8736
0
151164
0
156
0
24024
335920
0
0
0
0
156
0
0
2
335920
0
0
23760
0
63648
0
0
0
0
0
0
151164
0
0
0
48048
0
0
0
0
24
0
0
0
0
63648
335920
0
0
156
0
926
0
2
1080
0
2730
0
0
0
0
156
0
0
0
0
1716
24
0
0
0
0
2730
0
0
0
0
72
151164
0
0
8736
0
0
0
739024
0
0
0
0
1364
0
0
0
0
24752
8736
15600
0
739024
0
0
0
0
0
24752
24752
2730
0
350064
0
0
0
2730
0
2730
80
156
0
156
0
0
0
8736
0
2
0
18018
0
335920
2
24
0
0
0
0
0
0
0
1408
0
0
2
0
156
0
156
0
0
990
739024
0
0
94380
0
0
0
168
0
0
240
0
0
24
63648
0
0
0
0
0
70
0
0
63648
728
0
0
8736
0
156
20
0
0
0
0
24752
0
0
0
0
0
0
0
0
0
72
660
0
151164
0
0
0
0
0
24
0
0
8736
0
336
32032
0
0
0
0
0
728
0
0
0
0
0
0
0
120
0
0
151164
0
156
0
151164
0
0
0
0
56
0
739024
464
0
63648
156
0
0
24752
156
0
728
0
0
0
0
0
0
0
0
0
0
0
0
0
6
0
0
1680
0
0
0
156
0
0
24
28952
0
156
0
8736
0
0
0
0
0
0
0
24
728
0
0
0
0
0
0
0
8976
151164
0
0
0
0
8736
156
0
0
2
0
2
0
200200
24
0
0
0
9240
0
662
0
18018
335920
70224
369512
0
3432
0
0
0
0
151164
0
0
0
0
0
369512
0
0
8736
0
154440
0
0
739024
117600
0
0
0
2730
151164
2
0
0
0
0
24
2
2
0
0
22022
0
0
0
0
0
12012
0
0
0
0
0
0
360
0
728
0
0
0
252
24
0
0
0
24752
0
0
0
0
728
0
0
2
0
2
2
396
66
0
8736
156
0
0
0
0
0
0
0
0
0
1608
0
24752
0
0
0
0
0
24752
156
0
24024
0
2730
0
0
156
0
0
728
0
0
156
262548
63648
0
0
0
0
0
464
0
2
0
0
0
0
0
0
0
0
739024
0
0
0
0
0
24
24
60060
0
0
0
0
0
8
0
0
0
0
0
156
0
156240
0
2730
0
0
0
728
0
0
0
728
110
0
0
24752
0
0
24752
0
0
0
0
31616
0
0
132
24
0
0
2
8736
112
0
0
0
120
0
0
926
0
0
0
0
0
728
55440
0
0
1008
0
0
0
8
70
0
0
63648
200
0
369512
0
0
0
24
0
0
0
0
0
0
2
0
63648
8736
0
0
0
0
0
335920
0
0
0
3542
0
42
3102
0
0
8736
0
5456
0
0
240
0
0
2
0
2730
0
369512
0
0
1586
0
0
335920
0
0
0
0
24752
0
0
0
0
20
0
0
0
366080
0
0
0
3588
3150
369512
0
739024
0
0
0
151164
0
0
0
156
2
24
0
728
137280
6734
0
0
0
0
2730
0
0
0
151164
156
728
156
0
2730
369512
0
0
720
0
0
0
2
0
0
0
48048
44330
0
739024
0
0
0
0
0
0
0
369512
0
0
0
10560
63648
0
0
1144
0
0
200200
0
0
0
0
0
0
0
0
335920
0
24
0
63648
3920
0
0
728
0
0
0
0
0
2
0
0
30030
24752
0
369512
0
630
0
0
2730
0
0
1176
1008
63648
2
0
2730
24
0
0
0
0
0
0
1650
0
0
0
0
8
0
0
0
0
0
728
64064
0
0
0
0
24
24
63648
2730
0
0
0
0
0
0
0
151164
0
0
0
0
24
0
0
8736
24752
0
0
0
0
335920
24
0
0
0
0
0
0
5676
0
0
6
0
0
24024
335920
0
0
6288
0
0
0
0
572
0
0
0
0
0
15840
24
0
0
335920
0
0
0
0
2
0
0
728
369512
2
0
2730
0
0
2
2
42
360
0
369512
0
0
2730
0
0
2
0
0
728
784
0
0
1344
0
151164
0
0
0
2730
0
0
0
0
0
0
0
0
0
0
0
0
0
0
0
1586
0
369512
0
63648
0
0
151164
0
8736
0
0
0
0
0
8
2730
24
0
0
0
0
0
0
0
0
80
0
0
0
0
0
24752
0
0
15120
0
0
8736
0
23166
0
0
0
739024
0
0
0
0
728
63648
156
0
335920
2730
0
8736
8736
63648
63648
48048
0
728
0
369512
0
739024
2
0
0
739024
0
24752
369512
100100
0
2
0
420
0
0
0
24
0
0
0
0
156
400
0
0
0
156240
0
151164
0
0
0
1176
0
0
2730
0
0
0
0
0
0
257400
72930
728
0
0
0
155584
2310
24752
1210
0
156
0
156
2730
0
0
0
0
0
156
0
728
2
0
4004
0
0
369512
0
70
2730
24
0
0
335920
6204
0
0
8736
0
0
24
335920
0
155584
0
0
0
0
16
24
0
0
0
0
0
0
0
0
1144
24
0
24
0
24752
0
0
0
0
24752
0
0
0
0
0
0
0
120
12012
0
31616
0
64064
0
1110
0
0
19800
0
0
0
0
0
0
12
24
0
0
24752
0
0
0
0
0
0
0
0
0
0
1110
200
0
0
0
0
0
0
0
156
0
0
0
2730
0
0
24
0
60
0
0
156
110110
2
72
0
0
8736
24
0
0
2730
0
0
0
335920
728
40
0
0
0
0
0
0
0
15120
0
63648
0
0
6
0
8
2
514800
0
0
0
0
0
2730
0
7112
0
0
369512
0
0
0
0
0
0
0
31616
2730
0
728
0
36
2730
24752
8736
0
88
0
0
0
1176
60
369512
0
0
2730
739024
0
728
0
0
0
8736
0
14672
0
0
0
369512
63648
8736
0
0
0
0
151164
369512
194040
0
0
0
0
0
0
0
0
6006
0
0
8736
0
0
0
0
0
0
2730
0
0
0
0
739024
0
0
24
0
2730
0
20
0
0
0
0
156
4732
0
330
0
0
0
23760
0
0
335920
0
0
63648
728
0
728
0
156
335920
0
2
252
369512
0
0
0
56
0
0
0
0
0
0
0
24
0
0
0
0
0
0
0
369512
2730
0
24
24752
0
0
369512
18018
24752
0
0
0
151164
0
0
0
0
0
0
0
24
30240
739024
0
0
0
12012
0
24752
24
0
0
0
0
156
0
0
0
0
739024
6
2
48048
0
728
24
0
0
0
0
0
0
335920
0
0
2
0
0
0
0
0
8736
0
0
0
0
0
0
0
0
0
0
0
2730
0
8736
0
0
20
0
0
0
0
14
0
0
0
0
151164
0
3528
24
0
0
0
2730
0
514800
2
42
0
0
0
0
47520
2
24752
0
0
0
156
0
0
63648
0
0
0
0
739024
0
0
0
24752
0
2730
110880
0
0
0
0
0
0
0
0
0
0
156
156
0
8736
0
6006
0
8736
0
0
0
112
0
0
0
0
0
24752
0
0
0
200200
0
73372
0
0
728
0
0
2730
156
0
4732
0
156
0
24
0
360
8736
0
0
6
0
0
0
16
2
0
0
2730
4400
0
63648
156
0
90
0
0
0
0
0
0
480480
3376
24
0
0
0
728
0
728
0
0
0
0
0
24752
0
0
2730
8736
0
728
0
0
0
0
0
0
0
0
0
0
18
0
0
0
3528
116688
0
48048
63648
0
728
0
0
2
0
63648
2730
0
0
0
0
0
63648
6
335920
0
739024
6006
662
156
0
240
0
32032
0
77792
0
728
0
0
0
0
360360
0
24752
0
2860
0
2
0
0
0
11550
24
0
0
0
156
0
0
0
0
0
0
151164
0
63648
335920
22680
0
335920
0
0
0
0
0
59598
216216
0
8736
24
0
2730
240
224
0
0
0
12012
156
151164
2
0
0
0
728
0
0
360
0
0
2
369512
0
0
24
0
2
0
156
360
0
2
0
672
0
0
0
0
3960
156
0
0
0
0
0
63648
0
8008
63648
0
0
2002
0
0
90
0
0
0
0
228800
0
0
0
0
20020
2
5600
0
0
335920
156
0
63648
0
0
0
6
151164
24
0
0
0
0
24752
2
0
0
0
0
0
194480
2730
0
0
0
0
0
0
0
0
0
0
0
0
728
0
0
0
24
0
77792
0
0
9240
0
369512
0
0
0
63648
0
0
0
0
0
2730
0
0
739024
0
12
0
24752
369512
0
0
0
0
0
0
0
0
0
140
32032
0
0
0
0
0
0
728
0
0
0
0
0
0
0
0
156
0
63648
0
0
0
0
728
0
0
0
0
504
0
31616
42
0
0
0
24
2730
151164
0
0
0
2288
156
0
0
0
0
335920
0
0
0
0
63648
0
369512
0
0
84
0
2
0
739024
0
0
0
0
335920
0
5280
8
0
2730
0
0
0
924
0
0
0
0
0
0
0
63648
0
5334
5676
24
0
0
216216
0
24
254016
0
0
0
0
24
0
0
0
0
2
0
0
1110
0
0
0
0
0
9072
0
32032
728
40
156
335920
0
0
0
0
24752
0
0
0
90
42
2
0
24752
151164
0
0
0
84
0
0
0
0
0
0
8736
369512
0
0
0
0
96096
0
728
0
0
0
0
0
0
0
0
21714
0
0
332
8736
0
24
9900
0
2
630
0
0
0
0
2
0
0
0
0
2
0
0
2
2730
0
0
0
75504
728
0
0
0
0
24752
0
2
0
728
300
0
2800
0
0
0
0
0
0
0
151164
0
0
0
0
0
0
63648
0
0
0
2730
24948
0
0
1586
0
0
0
0
0
0
0
12
0
0
0
8736
0
24752
0
24752
8736
0
66
0
8736
24752
0
0
0
84
0
0
0
0
0
0
0
0
0
0
0
0
0
0
0
0
1008
728
0
0
0
0
2
1586
0
96096
739024
0
335920
0
4400
0
0
0
0
0
7592
728
3570
0
0
0
0
0
70
151164
8736
0
0
180
0
0
12740
0
924
63648
0
0
8
156
0
0
396
2
175032
0
0
24024
0
24752
369512
8736
0
0
0
0
0
0
0
0
0
0
0
728
0
0
0
0
0
0
24
0
0
24
112
369512
0
2
728
0
0
0
63648
0
728
0
420
0
0
2532
0
73372
0
335920
0
0
24
335920
0
0
0
0
560
156
464
0
0
68040
528
0
0
0
0
0
0
140
0
24
0
0
0
0
2
2730
0
0
0
156
739024
156
739024
2
2550
0
1008
0
71280
739024
44330
2730
32032
0
0
0
0
0
151164
0
0
20
72
27720
369512
24
9072
0
0
0
0
12012
0
0
8736
24
728
0
0
0
24
0
0
0
176400
20
0
0
0
0
1100
0
24752
0
0
0
2
739024
0
2
0
151164
0
0
0
0
0
0
0
0
0
0
0
8736
0
120120
0
0
0
0
0
0
0
0
0
0
48048
0
0
0
0
0
0
0
0
0
0
0
0
0
0
0
0
0
0
0
0
0
0
151164
0
2730
0
0
0
0
2
0
0
77792
0
0
0
8736
0
0
0
0
0
257400
0
0
0
24
120
739024
0
30
0
14672
0
0
0
728
0
0
2730
0
0
0
8736
151164
739024
24752
16
0
0
2730
0
0
0
0
0
0
0
0
0
0
0
8736
0
0
0
0
2
0
156
0
90
14
0
0
0
0
0
0
560
2
0
24752
0
335920
0
369512
4400
8736
0
0
2
6
0
0
2
1650
369512
8736
0
0
2730
0
0
0
31616
0
0
2730
0
0
0
0
96096
0
0
0
0
420
4004
0
0
0
0
8580
24
0
2
0
1100
0
0
662
0
0
0
0
0
0
151164
0
0
0
0
0
0
0
0
0
2730
0
728
7040
240
0
0
0
335920
0
336
0
0
0
0
0
0
739024
2730
0
0
728
369512
0
0
0
151164
0
0
0
0
0
2
0
0
728
0
2
0
0
0
0
0
0
0
0
0
0
0
0
335920
0
55440
0
24752
0
0
20
156
0
0
0
0
0
0
0
0
8736
0
2
63648
0
25872
200
0
0
0
728
0
0
0
24752
0
2730
0
0
11550
14300
335920
0
156
0
0
0
24752
0
0
0
0
51480
24752
0
24
739024
0
151164
151164
0
0
24752
0
0
0
112
112
0
156
0
24752
63648
0
0
0
0
0
2
56
0
0
0
0
8
0
744
0
0
155584
0
156
0
0
0
0
0
0
0
0
0
0
0
0
0
0
0
0
0
2
30360
63648
2
0
0
0
0
0
0
0
0
0
0
0
0
192192
0
0
0
0
0
0
200
8736
0
24
0
55440
72
63648
0
0
0
335920
0
0
2
291720
24752
0
0
2730
0
0
0
0
0
0
63648
2730
0
0
0
0
94380
156
0
366080
0
0
0
156
0
0
0
12012
8736
0
369512
0
0
0
0
0
0
0
0
728
0
0
0
0
0
0
0
728
0
0
0
63648
739024
1586
0
24752
63648
6
360
0
0
20592
0
0
0
55440
8736
56430
0
0
0
0
168
6006
0
63648
0
0
926
0
63648
0
728
0
2
0
0
2838
2730
63648
0
0
88
0
0
0
0
0
0
0
137280
0
0
0
0
335920
24
728
0
63648
0
0
0
0
0
56
2
156
0
0
0
369512
0
0
0
0
0
0
8736
335920
0
0
0
0
0
0
0
2730
8736
54054
0
0
0
7592
24
0
2
0
0
0
0
0
0
63648
0
24
0
0
151164
0
2730
0
0
0
0
0
0
0
0
8736
0
3588
30
0
0
0
0
728
0
0
0
0
24752
151164
0
0
0
0
0
0
0
0
0
0
728
0
110
0
0
0
2
0
0
0
0
0
728
48000
0
24752
0
3784
63648
2
0
0
2
144144
24
63648
728
0
0
2730
335920
0
0
0
63648
0
2
8736
0
0
0
0
0
8736
0
0
0
9072
0
156
0
10416
0
0
0
2730
0
2
0
24752
0
0
0
8736
0
0
0
0
0
0
2730
0
0
728
151164
0
0
63648
2640
63648
0
1680
0
0
0
0
0
0
24
0
335920
0
0
0
0
0
0
0
335920
0
0
0
240
24
0
0
2730
0
0
2730
0
0
0
48048
0
2
0
0
68040
0
24752
156
0
0
0
335920
0
0
0
335920
0
0
728
0
0
0
228800
0
12
0
156
0
0
0
0
156
0
24752
0
0
0
24
0
0
0
0
3588
0
0
0
3588
728
0
0
0
1100
0
728
0
2
0
0
0
0
156
0
0
728
0
0
0
156
18810
0
24
369512
0
2730
0
728
0
0
0
0
0
0
4004
662
0
0
0
2730
0
0
0
156
2730
24024
48048
0
0
0
2
0
0
0
0
0
2730
0
0
0
0
254016
0
8736
0
1014
0
0
24752
24752
0
0
156
0
0
0
728
0
0
0
156
0
335920
24752
0
0
0
2
156
0
335920
0
24
0
0
0
0
0
2
0
0
0
2
0
0
24
1716
0
14
0
61200
0
0
0
0
0
0
2
0
0
739024
6600
2
0
0
0
24752
0
0
24
63648
335920
0
0
2
0
739024
156
0
0
24
0
0
0
0
728
24
335920
0
0
0
0
0
0
0
0
0
0
0
739024
0
0
335920
335920
728
6
0
0
0
0
0
0
0
63648
0
0
0
240
728
0
0
0
0
0
0
24752
55440
0
0
0
0
0
72930
32400
0
0
156
0
0
0
0
0
0
0
2
0
0
0
0
0
1716
156
0
0
175032
34320
739024
0
0
0
12012
335920
0
0
0
0
0
0
0
0
0
739024
0
0
0
0
0
0
0
0
156
156
216216
0
0
0
112
232848
0
31616
0
5676
0
0
0
504
0
0
0
739024
0
0
0
0
0
0
0
0
0
0
0
352800
0
0
46200
369512
0
0
335920
0
0
0
0
0
0
335920
24
4732
0
24752
0
47040
0
0
0
24
0
0
0
0
72
0
0
127008
8736
0
8736
0
12672
156
0
739024
2730
0
0
0
630
156
0
0
24
156
24
0
0
0
0
0
0
0
728
0
0
0
0
0
0
0
0
0
0
0
25740
8736
156
0
0
4
0
0
1176
0
24
0
2
728
1440
0
0
2
0
77792
0
0
0
0
0
0
0
335920
0
0
2
0
0
0
0
0
240
156
0
0
0
156240
0
369512
8736
0
151164
0
2
369512
0
156
0
0
0
0
0
0
0
0
0
4004
0
616
0
2730
0
8
0
728
728
0
0
0
0
335920
0
0
8736
0
840
0
11880
0
0
0
335920
2
0
1586
0
0
0
0
0
0
151164
0
2
24
0
25740
0
0
739024
2
0
156240
0
739024
151164
0
156
70
240
0
0
0
0
0
156
0
14
728
0
63648
0
0
24
0
0
0
2
0
0
0
0
0
72
0
0
0
0
0
0
2730
0
0
8008
369512
739024
0
0
0
73372
0
0
0
0
0
0
0
0
0
4
11880
0
0
728
0
0
216216
0
24752
0
0
0
30
2730
0
0
0
84
2
0
0
0
0
0
0
0
0
0
0
0
0
0
0
0
0
3136
156
0
0
0
0
0
96
0
1144
2730
4732
96096
0
0
0
0
8736
335920
0
0
0
0
0
12012
0
0
0
728
0
0
0
0
0
156
335920
0
369512
31616
0
0
151164
369512
0
0
0
63648
0
0
0
0
0
0
0
0
0
0
156
0
63648
0
2730
0
0
8
0
0
0
0
0
0
2
0
0
24
90
335920
2730
1144
0
0
0
156
0
0
0
105840
0
0
0
4290
0
0
0
24752
0
2730
0
0
24752
0
0
0
63648
0
0
0
0
24
0
0
0
2
0
0
8736
90
2
0
151164
0
0
0
0
0
0
0
0
0
0
8640
63648
332
0
728
0
0
8736
0
156
0
0
0
335920
0
0
0
2
156
0
0
0
0
31616
0
2730
24752
0
0
0
8736
0
0
24752
0
0
24
2
4004
2730
0
728
0
0
0
0
156
335920
0
0
2730
0
0
0
552
660
0
0
335920
0
728
2730
0
2
0
0
0
0
264
335920
2
0
0
0
0
0
369512
6006
0
464
2
8736
0
0
924
369512
0
14672
0
14672
2
8580
0
240
335920
0
0
0
2730
0
0
8736
0
0
0
0
0
335920
0
0
240240
0
0
0
0
0
0
0
51480
0
0
0
2
0
0
0
0
0
0
0
0
0
291720
0
24
0
0
0
63648
0
24
0
0
132
0
0
0
0
24752
0
0
0
739024
388960
0
4
0
156
0
2
739024
151164
0
0
24752
2730
728
0
0
464
0
0
0
0
0
2394
0
0
0
0
0
0
728
0
0
0
0
0
2730
926
0
0
0
194040
0
0
0
0
0
0
0
1344
0
0
0
151164
739024
0
0
240
0
0
0
262548
0
0
0
0
0
0
0
0
0
151164
0
0
0
335920
336
0
0
151164
0
0
369512
0
24
0
4004
0
0
20
24
2
8736
0
151164
24
0
0
0
0
0
2
4004
0
0
0
72072
0
0
0
0
728
63648
0
0
9240
0
0
0
0
0
0
369512
0
0
0
0
0
24
0
0
0
0
0
0
24752
0
0
8736
0
0
0
2730
0
0
0
0
0
2
728
0
0
24
56
0
240
464
0
24
1176
2
8736
0
0
0
24752
1408
0
0
2730
0
369512
2730
0
0
0
0
0
0
0
0
42
24752
0
0
8736
0
0
0
0
0
0
0
63648
739024
0
24
151164
332
63648
0
2730
0
0
0
8736
24752
0
0
0
0
0
88
156
0
0
0
0
0
0
0
96096
0
156
2
0
0
80
0
0
0
0
0
0
0
8736
739024
0
0
0
151164
0
0
0
5184
0
0
8736
0
0
0
0
0
0
194480
728
156
0
2730
0
0
151164
728
0
35640
0
0
8736
156
0
0
0
0
94380
2
0
0
0
0
0
0
60
24
0
0
2730
0
335920
0
75504
0
0
2
0
0
0
72
0
0
0
0
36960
0
335920
0
0
0
0
0
0
0
151164
2
0
156
15600
0
0
0
156
24
0
728
0
24752
0
57600
5040
0
0
0
0
12320
0
369512
0
0
0
0
20
0
0
24024
0
140
216216
2730
0
0
0
0
0
0
0
24
0
0
51480
0
0
0
0
0
0
0
2
0
24752
0
0
0
3588
0
728
156
0
366080
0
0
0
739024
0
335920
369512
8580
24
1260
0
369512
0
0
8736
0
0
0
0
0
0
8736
0
24
8008
739024
24
369512
0
0
24752
2730
0
7650
0
12740
0
728
335920
0
0
0
2730
0
63648
739024
0
0
24752
0
8736
17040
156
0
0
0
739024
0
0
728
335920
0
0
2730
10010
0
0
0
0
240
8736
0
0
0
0
0
0
0
0
0
0
0
0
369512
2730
24
0
739024
0
0
0
0
12012
0
0
388960
0
0
0
0
0
24
739024
0
48048
0
151164
0
0
0
151164
0
0
0
0
3080
0
0
2
2730
0
0
728
0
0
0
32032
0
0
0
0
0
0
0
0
156
0
739024
0
0
0
330
0
0
514800
0
0
0
0
0
63648
3588
51480
0
151164
0
156
0
739024
0
0
0
0
728
0
0
24
0
63648
0
0
0
110880
156
0
0
0
0
0
0
73372
0
137280
0
0
0
0
151164
264
24752
0
0
0
0
0
24752
0
728
0
0
24
0
0
0
0
0
180180
0
0
0
0
0
0
0
2
739024
60060
0
0
0
156
0
156
0
25740
0
0
63648
10
2730
2
0
0
56
0
0
0
24752
0
0
2
12
63648
0
5720
739024
0
24752
0
0
0
0
528
12
728
369512
0
0
0
0
0
0
0
2
0
0
0
369512
0
0
0
0
0
0
0
3376
0
151164
0
0
0
0
0
11440
0
168
0
2730
0
0
0
2
176
0
0
0
0
0
0
2
0
240
0
0
24
0
8736
0
2
728
8736
0
180
0
0
583440
120
0
0
0
24752
64064
369512
0
0
0
0
0
0
140
0
0
0
0
0
728
0
0
0
0
54
0
0
0
0
0
0
200200
9240
739024
63648
0
0
0
0
2
0
24752
151164
0
739024
8736
0
0
0
0
2
0
0
0
24
0
0
0
0
0
24
335920
0
0
0
151164
0
156
0
2730
0
0
0
168
0
0
0
26400
0
63648
0
0
0
262548
63648
0
8736
0
0
151164
0
0
0
0
0
0
63648
739024
24
0
728
0
151164
369512
8736
0
0
56
0
0
0
728
1144
24
0
12
24752
0
0
0
12
0
0
0
0
0
0
63648
18018
335920
0
2730
660
151164
156
0
335920
0
0
0
0
728
0
0
728
0
0
0
151164
0
0
0
420
0
0
0
0
83160
0
0
0
0
0
56
0
0
0
264
0
0
0
0
0
18018
0
0
0
72
0
504
0
0
504
0
0
18
0
0
0
0
151164
0
0
728
1200
0
0
396
24
0
792
0
0
0
0
156
0
12740
0
0
0
0
728
1014
63648
0
0
464
0
156
0
0
0
0
2
0
0
0
0
2
0
18
0
0
0
0
0
0
0
4732
0
0
0
0
0
2
0
0
0
0
0
32032
24752
0
32032
0
2730
0
8736
0
0
0
0
0
0
156
0
63648
0
0
0
0
0
0
84
8736
0
24
0
0
0
0
0
0
11880
728
0
0
0
10416
2
0
0
1716
63648
32032
369512
15840
0
0
0
0
0
0
0
0
0
156
0
0
4004
990
0
0
8736
9680
0
20
0
0
0
2
0
0
360360
0
156
0
0
0
0
0
0
0
0
0
2730
156
0
1872
0
18
0
0
0
0
369512
0
0
156
0
0
396
2730
0
63648
0
0
0
0
0
1100
369512
0
0
24
0
0
2520
0
0
464
0
0
0
0
739024
0
0
0
0
0
0
0
0
739024
0
924
0
24
0
0
0
0
156
0
0
0
24752
0
0
2730
32032
728
0
0
0
0
0
0
0
0
0
0
728
0
0
0
0
0
0
0
24
0
0
0
0
0
0
0
49896
0
2
2
4400
0
728
0
0
0
40
8736
170280
0
0
0
0
8580
175032
0
2730
0
0
0
0
0
0
0
8736
0
0
0
24
0
0
0
0
0
0
0
156
63648
583440
0
0
0
0
0
2730
63648
0
0
0
0
0
0
0
0
0
0
63648
0
0
0
0
24
0
0
2730
8736
0
120
24
72072
0
0
1800
0
2730
1980
63648
151164
0
0
0
6006
1008
0
728
24752
0
0
0
8736
0
0
15600
24
0
0
24752
0
0
224
0
728
464
0
0
0
127008
0
0
335920
0
2
0
0
0
0
0
0
0
0
0
0
0
0
6
0
0
0
728
24
0
0
0
156
0
0
332
0
0
56
2
0
0
0
0
12
24
0
739024
0
1608
0
0
0
0
0
0
24752
73372
0
151164
0
88
7592
2
24
0
0
0
0
63648
0
0
200200
0
0
77792
2730
0
0
44330
0
224
0
0
0
0
368
0
0
0
0
0
24
0
0
0
0
24752
0
0
0
0
0
63648
0
0
16
151164
0
0
0
0
0
0
23760
5040
8736
0
0
0
0
0
2
0
0
0
0
24
0
0
2
0
0
0
0
68640
369512
0
24752
0
728
108108
0
0
22680
0
0
0
0
0
0
0
0
0
151164
24752
0
151164
156
8736
0
0
0
8736
151164
0
0
28560
0
0
24
2
420
0
0
8736
728
0
0
0
744
0
0
24
0
0
0
369512
0
24
0
0
0
0
739024
0
0
2
0
0
2
10010
0
0
335920
0
0
24
335920
0
0
2
0
0
64064
1716
24
48048
739024
24752
0
0
156
0
840
0
0
0
24752
2
24752
0
0
0
0
24
0
0
0
0
2730
0
560
0
0
87516
0
0
0
504
0
0
0
2310
151164
0
0
0
0
0
0
0
0
0
151164
0
20020
0
0
0
0
112
0
0
0
156
8
0
0
0
2730
0
2
0
0
24
0
0
151164
0
24
156
156
0
0
0
0
0
728
0
0
0
0
24752
156
0
24
0
177408
2730
0
0
0
0
0
0
2730
0
0
0
0
0
156
0
0
63648
2
0
0
63648
0
369512
0
0
728
0
0
739024
0
0
0
0
0
0
0
0
0
0
660
16
0
739024
2730
0
369512
63648
156
24
34650
0
0
0
0
0
2
0
0
90
6734
0
0
0
48048
288288
151164
0
0
24024
40040
24752
0
0
369512
0
63648
335920
24
72
0
0
1586
10340
0
728
739024
0
0
0
0
0
156
0
0
0
16
0
27720
0
3960
0
0
151164
156
0
0
728
252
0
0
0
0
335920
156
0
24
156
0
0
24
0
0
0
0
63648
369512
0
0
0
0
0
0
0
6600
0
0
0
0
0
0
0
0
0
0
0
2
0
0
0
0
0
0
0
0
1608
0
728
0
252
0
0
72
0
0
20020
24752
73372
0
2730
0
0
0
0
0
0
0
335920
0
0
0
0
0
92400
14080
0
0
0
0
0
0
0
0
0
0
0
739024
0
2
0
2730
24
0
0
72
0
0
0
0
0
0
24
464
0
0
0
0
2
0
0
0
0
0
2
0
739024
156
0
0
0
2730
1210
0
0
0
0
0
0
2
0
0
0
0
0
0
728
2
0
63648
0
0
0
0
0
0
0
369512
63648
0
0
420
0
8736
183040
2730
739024
0
0
0
1210
0
0
20
0
0
0
0
739024
0
0
2
0
0
0
0
0
2
0
0
0
0
0
9240
0
0
0
0
24024
1176
335920
3168
0
24
24
0
0
728
0
335920
0
0
1980
24
8736
14300
0
0
0
63648
0
175032
0
24752
0
0
0
0
0
0
2
0
24752
0
0
24752
4004
411840
0
0
0
0
24
0
0
0
0
0
0
0
0
1144
0
0
60060
0
0
0
0
0
0
0
728
156
0
0
0
0
366080
660
0
0
0
0
0
0
72072
0
0
0
728
2730
0
8736
335920
0
739024
0
0
0
0
156
0
0
504
2730
0
0
0
0
8736
0
0
369512
0
24752
200
151164
0
24752
800
0
0
0
0
24
2730
0
0
0
0
0
0
3410
0
0
0
0
728
0
0
0
0
28560
63648
151164
0
11550
240
24
0
2730
142560
3528
0
156
24752
0
0
11700
0
0
156
15600
72
0
0
0
0
0
0
0
0
0
2
0
0
0
0
0
156
4
0
14672
0
360
728
24752
0
0
0
0
0
0
0
0
739024
63648
2730
0
0
0
739024
156
0
0
24752
0
739024
0
0
0
0
0
8736
0
0
0
17920
0
112
0
0
0
0
0
40040
63648
56448
0
0
739024
0
24752
24752
9072
0
0
1524
2730
2
0
0
24
0
0
0
0
0
8736
2
8736
156
0
0
0
0
0
2
0
0
739024
0
0
108108
24
0
0
0
0
0
156
0
0
0
24
24
0
0
0
0
0
0
2730
728
2
2730
24752
156
0
8736
156
2730
0
662
0
90
0
0
0
0
0
0
0
0
0
0
0
335920
2730
0
42
0
0
2
2
63648
0
739024
1512
137280
0
0
0
728
0
0
0
0
0
464
2
0
0
0
0
262548
1408
24752
24752
0
156
0
0
0
0
2730
156
63648
0
0
2
0
0
369512
24
0
0
20020
0
0
0
335920
0
0
0
0
10296
0
0
369512
0
0
0
2
0
0
0
0
0
8736
0
369512
0
0
0
48048
0
0
24
0
0
2730
24
0
15600
0
2
0
63648
0
728
0
24752
0
2730
0
0
0
0
0
0
2
0
0
151164
0
72
0
0
0
0
0
0
0
0
30
2178
369512
0
0
0
0
0
0
0
0
0
24752
0
728
0
0
0
335920
728
2
369512
0
0
156
0
0
335920
0
24752
0
0
335920
0
1144
158928
0
0
0
0
2
0
0
0
8736
42
0
2
0
0
70
0
151164
0
0
0
0
0
23760
0
0
2
0
0
0
0
335920
0
0
63648
0
0
0
0
728
0
0
0
24
262548
0
0
0
0
2
0
0
420
151164
0
12012
0
0
0
24
24
0
0
24
0
0
0
0
0
0
24
0
0
0
728
63648
72930
0
0
0
0
0
0
369512
739024
0
12600
0
0
739024
0
369512
369512
2
0
20832
0
0
0
0
0
0
2
335920
0
252
151164
0
0
0
0
240240
108
2688
0
0
0
336
10
0
0
0
0
0
350064
739024
0
24752
0
0
0
4004
2
369512
0
0
151164
0
151164
0
2
0
72
156
0
0
3588
2
34650
0
2730
2
0
0
0
0
0
0
0
0
0
0
0
728
0
24
156
0
0
2730
369512
0
0
0
0
18
0
335920
369512
369512
0
0
0
369512
0
369512
2
0
0
0
728
728
0
3376
2730
0
0
90
0
0
0
0
24752
0
0
0
14
156
0
24
0
369512
0
0
0
0
0
176400
0
660
0
0
8736
63648
0
396
2288
0
0
2
0
0
0
0
110880
0
63648
24
0
0
156
0
0
0
0
0
0
0
0
0
0
15600
0
0
330
0
0
728
2730
0
0
0
0
168
0
0
2
0
24
0
0
0
5676
151164
335920
728
72
0
2730
0
0
0
0
0
0
0
0
0
0
2730
156
2730
0
0
0
24
0
0
0
66528
0
2
2730
0
0
0
0
0
0
1700
0
0
0
728
0
0
63648
332
2
0
151164
0
0
0
0
0
156
151164
0
12740
0
156
0
262548
0
63648
156
0
0
0
0
0
0
0
100100
0
6006
330
257400
0
291720
0
0
662
2
240240
0
0
8736
0
0
156
151164
48048
0
0
24752
2
0
0
0
70
0
728
0
0
0
0
0
0
728
0
0
0
0
0
0
0
0
0
0
0
0
335920
20
0
0
108108
0
728
388960
0
2730
739024
0
0
0
369512
0
0
0
156
0
335920
0
0
0
0
0
2640
0
0
0
0
8736
0
0
0
739024
0
335920
0
0
24752
335920
24
0
0
0
1144
0
0
0
0
24
0
0
0
0
335920
24752
24752
0
0
0
8736
0
0
0
0
0
0
0
0
0
16
0
0
0
0
0
151164
0
24
9240
335920
0
24
0
0
0
0
0
200
184
0
156
0
369512
0
8580
0
0
0
0
0
80
156
44
0
0
0
0
728
330
0
0
335920
0
156
24
2016
0
0
0
0
2
0
8736
0
0
0
0
0
0
0
0
0
24752
0
0
0
369512
0
728
0
0
70
0
24
0
24752
0
156
0
0
0
0
0
0
0
0
0
0
0
0
0
11440
0
0
0
0
0
0
0
0
369512
0
0
0
0
24
0
0
0
151164
0
0
0
63648
0
0
1872
728
63648
0
0
0
8
0
156
728
0
0
0
56
1344
3600
0
0
728
24752
0
0
0
0
63648
12012
2730
0
728
528
0
0
0
156
0
0
2730
0
0
0
0
63648
0
0
0
369512
8736
0
0
0
728
216216
8736
66
369512
0
0
0
0
0
0
0
0
0
151164
0
72
0
0
0
0
24752
0
2
0
0
2
151164
2730
0
73372
739024
739024
0
0
335920
0
0
0
0
0
0
335920
0
0
0
2
0
0
151164
0
0
0
0
0
0
0
156
8736
0
0
0
0
83160
11550
0
2
728
0
90090
0
0
156
0
0
728
0
396
0
0
0
0
24
728
0
0
2
0
0
2730
21450
0
24
264
0
0
0
0
0
20592
24
0
0
2730
335920
0
112
369512
0
0
369512
0
0
0
156
151164
0
0
0
335920
0
0
194480
24752
156
0
63648
0
0
728
0
0
0
0
264
0
0
0
0
15600
0
739024
24024
0
0
0
0
0
112
0
80
2730
0
11880
0
0
24752
0
728
0
0
0
1980
0
0
0
0
0
156
0
0
2730
739024
0
0
0
8736
0
0
156
0
0
24
2730
2
440
2730
3432
44
24
0
0
0
156
2
0
20
0
728
32032
2730
0
0
0
8400
0
8736
0
0
0
24
2
2730
2730
0
0
151164
4488
0
0
0
0
0
3600
0
0
335920
0
0
0
151164
0
0
0
8736
0
0
0
0
0
16170
48048
0
2730
0
0
8736
1008
0
0
0
0
8
0
728
0
77792
739024
210
369512
42
0
258720
0
0
0
739024
14300
0
1144
0
16
0
0
0
0
0
0
156
3410
0
728
0
0
0
24752
0
0
0
0
0
0
0
0
15600
0
0
2
0
0
335920
0
2
156
156
0
0
0
0
0
369512
0
0
0
24
0
0
335920
0
0
0
728
0
0
739024
24752
0
0
240
0
0
0
12584
24
0
0
6
8736
0
32032
1872
0
156
0
156
0
0
17280
0
24
0
0
2
200
112
739024
335920
0
0
1586
0
24752
0
335920
0
63648
0
0
728
0
0
0
0
0
0
335920
63648
2730
0
0
0
0
528
0
3588
0
0
0
20592
0
0
0
0
0
40
0
0
16
0
0
0
24752
12
0
0
0
0
0
0
254016
0
63648
0
0
0
0
63648
0
0
0
0
0
0
0
0
0
0
44
156
156
369512
0
0
369512
2730
0
3588
0
0
0
0
0
0
728
0
77792
0
0
0
0
0
0
0
0
23760
0
151164
0
0
12
0
0
0
0
18018
77792
0
0
0
0
335920
464
2730
0
0
739024
21780
0
0
0
68640
0
369512
8736
0
0
0
0
0
0
0
0
0
335920
1694
151164
63648
0
0
0
2
0
0
0
0
20
8736
155584
156
0
0
0
2574
24752
12012
0
0
0
24
0
0
0
0
2730
156
0
0
6006
739024
0
156
0
0
6240
0
0
9144
0
0
0
0
70
0
0
0
1014
72
168
0
2730
2
0
2046
0
0
728
0
0
0
8736
0
0
0
0
0
0
0
0
0
0
2
0
880
72
0
0
24752
0
0
369512
0
151164
0
0
24752
0
0
0
0
739024
8736
0
0
0
0
8736
0
0
2730
0
0
0
0
0
0
0
5676
18
2
0
216216
0
8736
0
0
0
0
0
16500
11700
0
156
0
0
0
14300
0
156
63648
0
0
56
0
0
0
0
335920
0
0
728
63648
0
0
0
0
0
2730
0
0
0
2
0
0
240
0
0
24752
0
0
0
63648
0
24752
56672
0
0
100100
0
0
24752
0
19008
0
0
0
24
0
190080
0
24
0
0
728
0
739024
0
0
23760
0
744
2730
63648
0
0
0
0
0
0
0
24024
0
63648
0
0
116688
335920
0
0
2
8736
2
6864
0
0
0
0
0
0
0
0
0
728
0
0
63648
0
0
0
0
1100
2730
0
0
0
0
0
728
2
369512
24
0
0
156
0
0
660
58
335920
12584
0
151164
0
0
0
24752
0
0
0
103488
24
0
31616
60060
728
369512
24752
0
24
0
42
8736
151164
24
0
0
1144
24752
0
0
0
0
2730
0
11700
0
335920
0
0
51480
0
0
369512
16
0
0
0
739024
0
0
0
0
0
0
0
0
0
739024
0
0
20
0
0
1608
0
3600
1200
0
0
0
0
156
0
2730
0
156
704
0
2016
0
0
24752
0
0
0
0
335920
63648
728
63648
0
0
12012
0
0
739024
2730
0
0
0
0
0
0
0
0
335920
87516
0
0
24
0
158928
0
0
0
0
0
0
0
0
0
0
55440
0
728
0
0
0
0
0
0
0
0
0
0
335920
335920
0
0
2730
739024
0
464
63648
64350
8736
0
63648
0
0
0
0
0
0
156
0
0
0
156
0
18018
0
24
180180
132
0
0
3528
0
0
369512
2730
9240
2244
0
0
110880
0
0
0
0
0
0
0
0
0
335920
0
728
0
0
0
24752
369512
0
2730
72
0
0
0
0
0
0
0
0
0
369512
0
0
24
2730
0
0
0
0
0
0
24
0
0
0
0
0
0
369512
156
0
0
14
0
0
0
0
0
0
0
0
0
0
0
0
0
354816
0
0
63648
60
0
0
0
0
156
0
262548
0
84
112
0
0
0
728
369512
0
0
0
24752
0
24752
24752
0
0
0
0
140
0
0
2
175032
0
0
0
8736
0
0
0
0
4732
0
0
0
24
52920
24
0
0
63648
0
0
151164
77616
151164
0
0
0
240240
0
0
335920
0
6734
0
2
63648
0
0
0
0
0
0
2
0
0
739024
0
0
2730
90
2
0
2730
0
0
0
0
0
0
369512
0
0
0
0
4
0
0
728
70
0
0
0
0
0
60
0
72
0
0
0
1100
0
8736
0
8736
156
0
32032
2
0
784
0
0
0
0
63648
420
0
0
0
0
24
4488
0
0
14300
0
24752
360
0
0
0
0
0
0
0
0
63648
0
0
112
2730
8736
0
0
0
0
0
0
24752
0
0
0
335920
0
0
24
0
63648
0
0
24752
0
0
0
0
0
24
0
0
0
0
0
0
140
0
0
0
2730
2
116688
0
0
0
0
0
369512
0
0
0
140
0
369512
0
0
83160
2
2730
0
0
0
0
0
0
156
1408
0
2730
0
0
728
0
0
0
63648
0
0
369512
8008
66
0
0
0
0
0
156
11880
0
0
0
9900
0
0
0
335920
0
0
0
350064
0
0
75504
0
0
0
0
0
0
0
0
0
0
100100
0
0
728
0
24
0
0
0
151164
0
0
63648
24
0
2
0
335920
0
0
0
739024
0
151164
0
0
0
20
0
0
0
0
0
24
2
0
0
156
0
0
0
0
0
0
176
0
739024
24
0
0
0
0
0
0
0
0
0
0
0
0
0
0
0
0
8736
20020
660
24752
0
2730
335920
0
0
0
0
0
0
194040
0
24
0
8736
2730
87516
0
2
0
0
0
0
739024
0
0
0
0
34476
0
0
0
8100
0
0
2
0
151164
0
0
0
465696
156
151164
0
739024
0
0
0
0
2730
151164
0
88
0
110
3588
0
0
739024
0
0
0
0
0
0
0
0
0
0
0
0
156
0
0
0
0
0
1584
0
0
0
0
0
0
0
0
728
0
24752
0
0
151164
0
0
24752
0
369512
151164
0
270
0
0
0
0
0
335920
0
1608
0
0
24752
0
0
0
0
0
0
0
5112
18018
1110
0
0
11550
0
739024
0
464
0
0
0
0
0
0
2730
0
335920
155584
0
156
8736
1408
369512
0
24752
0
0
0
335920
2
19800
24
0
0
0
0
2
3588
24
8736
0
0
0
0
0
0
335920
116688
0
0
0
0
0
0
0
728
0
0
0
24
0
0
151164
0
0
0
0
15600
8736
24752
2
0
0
24
0
0
0
739024
12012
0
0
0
0
2
0
2730
0
14080
0
112
6006
70
88200
0
0
0
0
0
0
24
0
0
0
105336
0
0
0
0
0
335920
0
0
528
335920
0
0
23760
0
156
369512
0
8
0
0
0
72
0
0
0
40040
63648
0
335920
0
0
0
336
42
8736
0
0
0
0
0
0
24
0
0
369512
335920
0
24752
0
335920
0
2730
0
0
0
0
0
0
0
0
0
369512
335920
0
739024
18
0
0
0
24
0
3900
0
2730
8736
0
156
0
156
0
0
0
24
0
151164
0
0
0
0
0
0
0
151164
0
332
9576
200200
0
2730
0
0
0
0
0
0
0
0
0
156
0
0
0
0
0
728
0
0
0
0
0
24
156
0
0
2
0
0
0
0
0
0
0
4032
0
0
0
210210
396
0
0
0
0
44
0
369512
369512
0
739024
0
335920
0
0
63648
0
280
0
24
63648
0
0
0
0
2
0
0
0
0
20
0
0
0
2
0
0
0
728
63648
0
0
0
0
156
0
0
0
0
24
0
0
0
0
0
0
0
0
0
24752
0
0
369512
24
0
20
369512
2
0
0
2730
156
0
0
0
63648
1144
0
8736
16
0
0
8736
0
0
110880
24024
0
90
0
0
0
0
8736
0
0
151164
1408
0
0
728
0
0
8
32032
2
0
291720
0
0
2
24
0
20020
0
0
2
335920
3588
5040
0
63648
0
0
4732
63648
0
335920
24
0
0
0
0
0
0
132
0
0
0
369512
253440
0
0
0
0
18
0
0
0
0
0
156
0
335920
0
0
0
0
0
2730
0
0
2
8736
24
0
0
24
0
0
0
0
0
0
0
728
0
0
728
0
0
0
0
0
0
0
0
15600
63648
0
308880
156
63648
0
728
2730
2
0
0
0
8736
0
0
0
0
728
2
151164
369512
194040
0
84
0
156
0
0
0
2730
0
0
24752
0
0
0
73372
0
56
8736
151164
369512
739024
0
0
0
0
0
156
120
2730
0
0
0
2730
0
0
0
0
151164
528
0
8736
0
0
0
0
0
0
0
0
0
6734
0
0
0
0
0
335920
32400
0
10
3150
728
990
0
262548
0
24
0
0
9072
0
396
63648
0
0
0
0
0
335920
63648
0
0
0
31460
2730
0
2
0
392
0
151164
0
728
0
0
0
0
360360
0
0
0
2
0
0
8736
0
0
0
22
8736
0
0
662
2730
0
0
739024
1080
739024
0
2
0
24
728
0
369512
0
0
0
0
80
0
0
0
0
24752
335920
0
739024
0
63648
0
0
63648
24
288
0
0
2730
0
739024
0
0
0
0
0
0
151164
0
0
232848
28560
156
46200
0
68040
0
1110
257400
0
0
156
63648
24752
7112
0
32032
0
0
0
18
0
0
0
2
168
0
2730
0
151164
0
335920
0
420
54054
0
160160
2
6
420
0
0
24
369512
0
0
24
2
0
0
0
0
0
0
0
0
739024
0
0
16
0
0
0
0
0
0
0
0
0
0
63648
0
102102
20020
728
0
0
0
24
0
60
8736
0
0
2730
0
0
0
24
163020
2730
2730
0
0
8736
156
0
2
180180
0
0
156
0
0
3528
8736
369512
3410
0
0
0
24
728
63648
0
0
0
0
0
63648
0
63648
0
63648
15400
2730
0
0
0
0
0
0
24
0
0
2
0
156
335920
5720
2
0
0
369512
0
0
0
0
0
0
0
32400
728
0
0
0
24
0
0
0
0
0
0
60
0
2310
0
0
156
5720
2
8736
0
2
0
0
0
0
0
0
0
0
0
0
66
63648
2
0
2
739024
0
0
0
156
0
0
24
0
739024
24752
335920
0
1716
0
0
0
0
728
0
0
0
728
0
63648
0
0
369512
0
0
0
739024
0
0
0
151164
0
0
335920
335920
0
0
0
0
0
8736
19800
8736
24
0
0
24752
0
369512
0
0
0
156
0
0
0
0
0
0
0
3588
0
0
369512
0
0
8736
63648
0
0
0
0
0
0
0
0
0
0
24752
24
6734
0
151164
0
63648
0
0
0
16
4572
335920
0
0
0
24
335920
739024
0
0
0
0
0
0
0
24
8736
0
0
0
369512
0
4070
0
0
0
0
739024
0
24
0
0
0
0
0
335920
739024
110880
17040
0
594
0
0
0
0
728
0
0
1872
0
2730
8736
24
151164
156
24752
4290
0
0
0
26136
0
335920
0
0
0
0
0
8736
739024
0
0
10
0
0
24
0
420
6
6
11550
0
0
6
14300
0
0
0
0
2730
0
24
0
151164
0
0
0
0
1980
2
0
0
1176
0
24024
0
0
140
0
0
156
0
8736
335920
354816
2
0
0
0
0
252
0
0
2
3432
0
0
0
3600
24
0
0
2730
24
0
0
0
0
0
100100
0
228800
2
151164
0
0
0
0
369512
183040
840
0
0
0
0
0
0
0
0
18
156
0
0
0
0
0
8736
156
0
24
0
0
0
0
0
24752
10
18
739024
0
0
0
0
0
0
0
0
0
0
2730
0
2
0
280
335920
0
0
0
24
0
0
0
0
0
24752
335920
0
0
0
8736
0
0
0
0
0
0
156
0
0
0
0
0
0
0
156
0
0
0
63648
0
63648
0
336
0
151164
2
0
0
0
0
0
0
0
0
2
0
63648
194480
0
369512
0
0
0
0
0
24
0
0
156
0
24752
0
0
0
0
2
60060
20
24
0
0
728
0
0
0
0
56
0
0
0
0
0
0
0
24
24
0
2
0
8736
16
0
0
2
0
0
0
18810
0
8736
0
0
0
0
0
108108
0
0
15600
0
156
8736
0
360
0
0
0
88
40040
0
0
0
0
0
0
0
0
54
0
0
0
0
0
4290
0
0
24
156
27720
156
2
0
0
739024
0
0
0
0
0
0
0
0
0
0
0
0
0
0
110880
0
1144
73372
0
0
0
0
156
66
0
0
0
0
0
0
0
0
0
0
0
8736
0
0
0
926
0
464
0
0
0
24752
0
0
0
0
0
24752
156
0
728
14
8736
151164
0
0
24752
0
156
1586
0
0
0
0
8008
0
0
0
728
0
0
0
388960
0
0
24
0
12012
0
0
0
2
8736
0
0
8
369512
728
0
0
1568
0
0
300
2730
784
0
0
0
0
1512
24
0
0
1848
0
0
0
0
0
0
0
0
156
151164
0
63648
24752
0
0
0
0
0
0
0
7592
0
0
739024
336
739024
0
0
0
0
0
0
0
0
0
0
0
0
0
0
0
0
80
0
72
0
56
0
0
0
0
0
728
156
0
0
0
0
0
0
0
0
739024
63648
0
0
0
0
151164
0
0
24
0
0
24
25872
0
0
0
0
0
369512
0
0
63648
0
12584
0
0
156
0
0
0
0
0
2574
368
335920
1176
0
335920
0
0
8736
0
0
2730
0
156
0
156
0
2
0
156
0
10
2730
24
63648
156
0
10
0
0
0
0
0
0
0
0
0
24
0
24
0
335920
0
0
0
0
728
0
3150
0
528
369512
0
0
0
0
2730
2730
8736
63648
80
0
151164
0
0
0
7392
0
0
0
0
0
728
0
0
0
0
0
24752
0
0
0
2
2
0
2288
175032
2
24752
0
32032
151164
0
0
0
0
0
0
63648
0
0
0
0
2
0
0
4400
0
0
0
0
0
0
0
0
0
0
156
369512
151164
0
0
1200
5940
112
0
0
335920
2
0
10
0
2
112
9600
0
8008
11550
0
1014
369512
0
0
728
0
0
24
360
0
0
0
0
0
0
48
0
0
0
2024
0
0
0
24
20
156
0
158928
0
0
0
0
0
0
0
0
0
0
30720
0
240
0
0
0
0
0
0
0
8736
11880
0
151164
662
0
151164
335920
0
0
156
0
335920
0
0
0
0
2730
0
0
0
0
24752
0
0
6734
4732
6622
0
8736
0
24752
0
0
24752
0
335920
156
0
0
0
0
0
264
0
2
1008
728
335920
0
0
0
103488
0
0
0
369512
0
420
0
0
369512
0
0
0
0
0
151164
739024
0
0
0
0
0
0
0
0
0
0
19800
0
728
0
0
0
0
0
8736
784
0
0
0
2
0
335920
0
2730
0
0
0
0
0
0
0
24
0
0
0
739024
0
0
20
156
63648
369512
728
0
0
156
10
0
0
0
0
0
0
24
0
20
63648
0
0
8736
0
3600
0
0
0
0
0
0
1320
4290
6006
2
0
63648
45760
2
0
369512
0
0
0
63648
0
0
0
2730
0
0
0
0
156
0
164736
0
24752
151164
0
0
1080
0
0
63648
20
366080
1100
0
0
24
0
63648
0
0
0
728
0
0
2730
0
24
151164
0
0
0
151164
90
0
0
0
0
0
0
0
0
151164
0
0
0
0
0
728
0
0
0
47520
0
560
156
0
156
0
0
0
0
20
24
728
0
0
0
0
0
0
0
24
0
200
0
0
176400
20
154440
0
0
63648
0
151164
24
0
0
0
0
0
0
0
0
335920
2730
0
0
0
0
0
2730
0
0
0
80
4732
0
63648
108108
0
0
0
0
0
0
0
0
0
0
0
0
63648
262548
151164
0
0
24752
0
23760
335920
0
0
739024
24
0
3906
0
0
0
0
0
0
0
0
0
0
151164
0
0
332
369512
0
63648
0
0
0
0
0
0
0
40040
156
0
0
2
0
2
0
0
0
0
739024
662
156
0
2
0
0
8736
0
6300
0
0
112
0
0
0
8736
0
728
0
369512
0
0
0
156
0
0
369512
0
369512
0
0
156
151164
24752
335920
0
0
0
2730
0
24
0
0
0
0
0
369512
0
0
2730
0
2
175032
8736
0
0
0
2730
2730
0
0
432
739024
0
0
0
0
0
0
0
24
0
739024
156
8736
0
8736
11550
1144
0
0
0
0
0
151164
0
0
0
0
0
24752
0
24
20250
0
0
2838
0
0
0
151164
660
0
0
0
0
63648
0
728
2730
154
728
0
34650
0
0
728
0
0
14
0
2730
151164
0
0
0
2
2730
0
56
0
0
0
0
0
24752
0
0
0
1586
0
728
0
335920
23760
739024
0
0
0
0
0
0
3588
151164
0
0
728
0
0
0
24
0
0
0
0
32032
0
0
3588
0
396
0
0
8736
0
369512
0
0
0
0
0
0
0
2730
0
0
2730
0
0
24
31616
369512
0
0
0
0
0
0
0
0
0
0
0
739024
0
24752
0
68640
151164
0
0
0
24752
0
0
0
0
0
2
0
0
0
8580
0
0
369512
0
8736
4
0
0
0
0
0
0
72930
6622
0
108
0
0
0
739024
739024
63648
0
728
0
0
10
0
335920
2
0
0
728
0
0
0
0
2730
0
335920
155232
0
0
63648
0
2
0
2
2790
0
2730
0
0
0
2
0
0
0
0
24
335920
0
0
369512
0
0
0
0
0
0
0
0
369512
739024
0
0
0
369512
24752
0
0
24
335920
0
0
0
0
0
739024
0
8008
0
0
151164
0
8736
151164
0
0
0
0
0
0
0
0
0
0
0
0
0
2
0
2730
16
0
0
728
0
156
156
0
12
0
0
0
0
0
8736
0
0
0
0
0
30
0
0
739024
0
151164
0
739024
0
0
0
0
0
0
151164
0
0
0
0
18
0
0
156
20
116688
0
0
0
0
8
125440
0
0
0
0
8736
0
728
32032
0
0
0
0
0
0
728
0
0
8
0
0
44330
0
2730
0
0
464
0
0
8736
64064
0
24
0
0
728
0
0
0
0
0
0
0
8736
0
0
0
0
2
2
0
232848
0
0
0
660
0
369512
0
0
0
464
728
560
0
0
0
0
0
0
0
0
0
80
0
739024
0
0
0
0
0
24752
0
0
739024
2
0
0
0
0
24
0
2730
8
8736
0
0
369512
151164
369512
0
0
0
156
0
0
63648
2730
291720
0
8736
0
0
0
0
0
0
335920
0
0
24
0
0
0
0
24
0
156
0
0
335920
728
3432
8736
369512
156
0
60
1608
0
335920
0
24
0
484
0
0
0
0
0
0
0
0
0
0
0
0
0
0
24
0
0
0
0
0
0
2730
2730
20
0
0
2
369512
0
0
0
0
0
350064
0
0
12740
0
0
0
0
512
0
0
0
0
24752
24752
0
0
0
0
0
0
0
0
0
2730
2730
0
739024
2
0
6006
8736
55440
0
2
0
0
0
64064
728
0
0
0
0
2730
2
0
0
369512
151164
0
0
0
24752
0
0
0
0
480480
0
0
0
9900
335920
0
0
0
0
0
8
0
0
0
0
739024
0
0
0
728
0
0
24
0
0
0
0
0
0
0
0
0
0
24
24024
0
0
0
0
0
0
0
0
0
0
0
0
2
728
728
0
2310
0
0
369512
2
0
0
0
728
0
151164
30
60060
728
0
0
0
0
728
63648
369512
0
0
0
0
0
0
0
0
0
0
0
0
2730
0
24
0
0
0
0
0
0
0
0
156
0
0
15600
0
8736
0
2730
0
0
0
0
0
2
0
0
0
0
0
2730
0
0
335920
63648
3000
2730
0
5040
24752
0
24
0
0
0
24752
0
0
0
0
0
728
0
24
2
728
2730
369512
0
0
739024
0
0
0
0
24752
335920
0
105336
0
156
0
2730
0
0
0
21450
0
0
0
24024
0
0
0
0
8736
0
0
24
0
0
63648
0
739024
0
0
154440
63648
0
0
0
0
2
0
0
0
0
0
0
0
0
0
6
0
0
335920
0
8736
24
4312
156
0
0
0
335920
0
54
0
0
0
0
8736
3900
0
0
24752
0
156240
0
0
8736
140
24024
0
156
0
5148
156
151164
0
2730
0
0
8736
3528
0
0
0
3900
8736
0
0
728
0
12012
0
0
0
0
0
0
728
1144
0
0
0
0
0
0
0
8736
0
420
0
0
0
0
0
0
0
0
0
0
4732
63648
0
0
0
0
0
1176
0
0
0
48048
2730
0
0
2730
0
0
0
728
600
0
2
728
156
0
0
2
8736
24752
0
0
0
0
0
0
0
2730
0
0
0
0
0
0
2730
0
0
0
0
0
0
0
2
0
1176
0
0
0
739024
0
0
0
183040
0
77792
0
110880
72930
0
44
24
8736
0
0
0
0
0
0
0
0
70224
12
6734
0
0
0
0
1716
0
0
0
0
0
0
2730
24752
24
0
369512
0
0
0
0
0
2
0
0
0
291720
105840
0
156
0
0
0
0
2
464
0
0
66
0
0
2
0
0
728
0
0
0
0
728
2730
0
151164
0
0
0
0
728
108108
0
0
0
112
0
739024
0
0
2016
0
0
0
8736
0
0
0
12870
0
0
0
0
0
0
0
0
0
2730
0
0
0
156
0
332
0
0
156
0
0
0
0
24752
0
2730
0
0
0
0
2
0
0
0
0
0
0
1892
0
44330
784
168
0
630
9900
156
151164
0
0
0
5676
24
2
0
728
0
2
0
112
0
0
31616
0
0
335920
0
151164
0
0
0
0
0
728
0
156
0
0
0
8400
739024
151164
0
2
0
0
0
2730
0
335920
0
335920
6
3150
2
0
0
0
0
0
0
8736
0
728
0
10
0
739024
0
2730
0
4732
0
156
0
0
24
14300
8736
0
18
0
0
0
2730
0
156
0
0
156
728
420
0
0
0
24
10
0
0
0
3600
0
0
335920
0
0
728
63648
0
0
63648
0
369512
739024
0
0
24
0
2730
0
0
0
0
2730
0
0
739024
0
0
2730
151164
335920
0
0
0
183040
739024
0
0
24752
0
0
0
0
660
0
0
224
0
0
0
0
0
0
0
63648
0
20400
0
0
0
0
24
0
1650
0
0
0
0
1512
0
0
0
0
210
335920
0
0
0
0
8736
0
0
0
8736
0
335920
154
6622
0
0
0
0
2730
0
0
63648
0
2730
0
0
0
0
0
0
335920
1210
0
0
132
24752
7650
0
0
0
0
0
0
728
739024
24
0
0
0
24
0
0
0
24752
105336
0
0
2
0
156
0
2
0
24
0
0
0
0
0
1008
0
156
14
0
0
0
0
24
0
4488
0
0
1014
0
8736
0
2730
0
0
0
0
0
0
151164
0
0
0
1586
0
1980
0
0
2
10
2
0
24
0
0
0
18
0
0
0
0
0
0
0
0
0
0
0
0
0
0
151164
0
0
4488
24752
369512
0
100100
0
35640
0
2730
63648
0
20
12740
0
2
0
0
0
0
0
63648
0
2730
0
90
0
0
0
0
0
368
0
0
369512
0
0
0
0
630
0
36
0
102102
100100
0
0
12096
2
0
0
0
63648
0
0
0
0
0
0
0
64064
5170
4788
0
0
156
0
728
151164
8736
63648
0
8736
0
0
0
24
0
0
0
0
42
0
0
8736
24
0
0
0
0
0
0
2
0
0
8736
0
8736
464
151164
0
0
0
0
0
0
0
63648
8736
0
335920
0
0
369512
0
24752
0
739024
156
739024
151164
63648
24752
0
0
0
0
0
0
0
0
0
24752
151164
0
728
0
10
0
151164
0
0
0
156
8736
0
4
35640
0
0
0
0
0
6734
0
63648
0
0
0
56448
0
0
151164
0
8736
10
24752
0
0
2730
151164
0
0
0
0
0
0
0
0
0
77792
0
129360
784
0
728
0
0
120
0
0
2730
0
0
0
0
739024
32928
112
0
2
0
0
0
0
0
0
0
2730
0
0
2730
0
63648
0
0
151164
0
180180
648
0
1920
12012
2730
0
0
0
0
24752
369512
0
0
0
2730
24
0
0
120
24752
0
0
369512
798
63648
739024
0
0
0
0
0
0
12
0
16200
0
2
156
0
0
24752
0
0
0
0
156
3960
2
0
8736
0
