2002
54
0
0
0
0
6336
0
10
0
0
0
0
0
0
0
0
0
184756
0
0
2
0
0
0
115200
0
0
42
0
0
0
0
0
0
0
64680
0
0
0
0
0
0
0
0
0
0
0
0
0
0
0
0
0
378
0
0
0
0
144
0
0
0
70
0
0
160
0
0
0
0
0
0
0
0
0
0
22
0
0
0
54054
117600
0
132
0
0
0
0
0
0
0
0
0
0
0
0
0
0
0
0
1144
0
0
6006
110880
0
6006
0
0
0
2620
0
0
0
0
0
0
0
0
0
0
0
0
0
0
0
0
0
0
0
0
0
0
0
0
0
0
0
0
0
0
0
0
0
160
0
0
0
2002
1430
0
0
0
0
0
0
0
0
0
2640
0
0
0
0
0
0
0
0
0
0
0
0
0
0
0
0
0
0
0
0
0
0
0
0
0
0
0
0
0
0
0
0
0
0
0
0
0
0
0
0
0
0
0
20
0
0
0
0
252
0
0
0
0
320
0
0
0
0
0
0
0
0
0
0
0
840
0
0
0
0
0
0
0
0
6006
0
0
0
0
0
0
2
0
0
0
0
6006
0
0
0
0
0
0
0
184756
0
0
0
0
0
0
0
0
0
0
0
8008
168
0
0
2002
0
0
1760
0
0
0
0
0
38896
0
0
0
0
0
0
0
0
2002
0
0
0
0
0
6600
0
0
0
1890
0
0
0
4004
0
0
0
0
88704
0
0
0
0
0
0
0
0
0
0
2002
0
6204
0
0
0
0
0
0
0
0
0
0
4
0
0
0
0
0
0
0
0
0
0
0
0
0
0
0
0
0
0
0
0
0
0
31752
0
0
0
0
0
0
0
0
0
0
0
0
0
0
0
0
0
0
0
0
0
0
38896
739024
0
0
0
0
0
0
0
0
0
0
0
6006
0
0
0
0
0
0
0
0
0
660
0
0
0
0
0
0
0
0
38896
0
0
1710
60
0
0
0
0
0
0
0
12
0
0
0
0
0
0
0
0
0
0
0
739024
900
77792
0
0
0
72
0
6048
0
0
0
2808
0
0
0
40
0
0
0
42
0
0
0
0
0
0
8
70
0
369512
60060
0
0
0
0
0
0
0
0
0
0
0
0
0
0
87516
0
0
252
0
0
0
0
0
0
0
0
0
87516
0
0
11440
0
0
0
0
0
0
0
0
0
0
0
0
0
0
0
0
176400
946
0
0
0
0
72
0
0
0
72
0
0
0
0
0
0
6006
0
1120
0
0
110880
0
0
0
0
0
0
0
0
0
0
0
0
0
0
0
0
0
0
0
0
0
0
0
0
0
0
0
0
0
184756
0
0
0
0
0
0
0
0
0
0
0
0
0
0
0
0
0
0
56
42570
0
0
0
0
0
0
0
0
0
0
0
0
0
0
0
27720
0
18876
184756
0
0
0
0
0
0
0
0
0
0
0
0
0
0
0
0
0
0
0
0
0
0
0
0
0
0
0
0
0
0
0
220
0
0
0
0
1848
0
0
0
38896
0
0
0
0
0
0
0
0
0
25740
0
0
0
0
0
0
0
0
0
0
0
0
0
0
0
0
0
0
0
0
0
0
23100
0
0
0
0
1050
0
194480
0
0
0
0
0
87516
0
0
184756
0
0
0
0
0
0
0
0
0
0
0
0
0
0
0
0
0
132
0
0
0
0
6006
0
0
0
0
22
87516
0
0
0
0
0
0
0
0
0
0
0
0
0
0
0
0
0
0
38896
0
0
4004
0
0
0
0
0
0
0
0
0
0
0
8064
0
0
0
0
0
0
0
0
0
0
184756
0
0
0
0
0
0
0
0
0
0
0
0
0
0
0
0
0
0
0
0
0
0
0
87516
0
0
0
0
38896
0
0
0
0
0
0
0
0
0
288
0
0
0
0
0
0
0
0
440
0
0
0
0
0
0
0
0
0
0
0
0
0
0
0
0
0
0
0
0
1778
0
2002
0
0
0
0
0
0
0
56
0
0
17640
0
0
0
0
0
3520
0
2002
0
0
0
0
0
0
0
0
0
0
0
2
0
0
0
0
0
0
158760
0
0
0
0
0
0
0
0
354816
572
0
0
0
72
0
0
0
0
0
330
242
14
369512
22
0
0
0
0
0
0
0
10
0
0
0
0
0
0
0
0
0
0
0
0
0
0
0
0
0
0
0
0
0
0
38896
0
0
0
2400
0
0
1360
0
0
50050
0
0
0
0
0
0
0
0
0
3960
0
0
0
0
0
0
0
0
0
0
2200
0
0
0
0
0
0
0
0
0
0
0
0
0
0
0
0
0
0
0
0
0
0
0
0
0
0
55440
184756
0
0
0
16016
0
0
0
0
0
0
0
0
0
0
0
739024
0
0
0
0
0
0
0
572
0
0
110
0
40040
70
0
0
0
0
0
0
0
0
0
0
0
0
44
0
0
0
0
0
0
0
0
175032
0
2002
0
0
0
1920
0
0
0
0
0
0
0
0
0
0
0
0
0
0
64680
0
0
0
0
0
0
0
0
0
0
0
0
369512
2
0
400
0
70
0
0
0
0
0
0
0
0
506
0
0
0
0
0
0
0
0
0
0
0
0
0
0
0
0
0
0
0
0
0
0
0
0
0
0
0
0
0
0
0
0
0
0
0
0
0
0
87516
0
0
0
18876
0
0
0
0
0
0
132
0
12
0
0
0
0
100
0
0
0
38896
0
0
0
0
0
184756
0
0
0
0
0
0
0
0
0
0
0
30
0
0
0
0
0
0
0
16016
0
0
0
0
0
0
0
0
87516
0
0
0
0
0
0
0
0
0
0
0
0
145860
0
0
0
0
0
0
184756
0
0
0
0
0
0
739024
30030
51480
0
16
0
291720
0
0
0
0
0
0
0
0
0
0
0
22
0
0
0
2394
184756
0
0
0
0
0
0
0
0
0
0
0
0
0
16016
0
0
0
0
1980
0
0
0
0
0
0
0
0
0
0
0
0
0
0
0
0
0
0
0
0
0
0
0
0
0
6006
0
0
0
0
0
0
0
0
0
0
0
0
0
0
0
137280
0
0
18876
0
0
0
0
0
0
5292
0
0
0
0
0
0
0
0
0
0
0
0
0
0
0
18
0
0
0
0
0
0
0
0
0
0
0
0
38896
0
0
0
0
0
184756
0
0
0
0
0
0
0
0
0
0
946
0
0
0
0
0
0
0
0
0
0
70
0
0
22
0
12
0
0
0
0
91520
0
0
0
0
0
0
0
0
0
55440
0
0
0
0
0
0
0
840
0
0
132
0
0
0
0
0
137280
0
0
0
0
0
0
0
0
0
0
0
0
6006
0
0
369512
0
400
0
0
0
0
0
0
0
0
0
0
0
0
0
0
0
0
980
0
0
0
0
38896
0
0
0
0
0
8008
0
0
0
0
26334
0
0
0
0
0
0
0
0
0
0
8
2002
0
0
0
0
0
0
0
0
0
0
0
0
0
0
0
61776
0
0
0
0
0
2002
0
0
0
84
0
0
0
0
0
0
16016
0
168
0
0
0
0
0
0
0
352800
0
0
0
0
0
0
0
0
0
0
0
0
0
0
0
0
0
0
0
0
0
0
0
0
0
0
0
0
0
0
1050
0
0
0
0
0
0
0
184756
0
0
0
0
0
0
0
0
0
0
0
0
0
0
0
0
0
0
0
0
0
0
0
0
0
0
450
0
896
0
0
168
0
0
0
0
45760
0
0
0
0
0
0
0
0
0
0
0
0
0
0
0
0
0
0
0
0
0
0
0
0
0
0
0
0
0
0
0
0
0
0
0
0
87516
0
0
0
0
1710
0
0
16016
0
0
0
0
6006
0
0
0
0
0
0
40
0
0
0
0
0
0
0
0
256
0
22
0
0
0
0
0
53760
16
0
0
0
0
506
0
0
0
0
0
184756
0
0
0
0
0
0
0
0
0
0
0
0
0
0
0
0
0
0
0
0
27720
0
0
0
0
0
0
0
0
0
0
0
6006
360360
22
0
0
0
110880
0
0
0
0
0
0
0
0
0
0
0
0
0
0
0
0
0
0
0
0
0
0
0
0
0
0
0
0
840
0
0
0
0
0
0
0
0
0
0
0
0
0
0
0
0
137280
0
0
0
0
0
0
366080
0
0
0
0
0
0
12474
0
0
490
38896
0
0
0
0
0
0
0
0
0
0
0
0
0
0
0
0
0
0
0
0
0
0
0
0
0
14280
0
0
0
0
0
0
0
0
0
0
0
572
0
0
0
0
0
3146
0
0
0
0
0
6006
2024
0
3906
0
0
0
0
0
0
0
0
0
28224
0
8
22
87516
0
0
0
0
0
0
0
0
0
0
56
0
0
0
0
0
0
0
0
422
0
0
0
0
0
0
38896
4050
0
0
4004
18876
0
0
0
0
1360
0
0
0
87516
0
0
0
0
0
0
0
0
0
12144
0
0
87516
0
0
0
0
0
0
0
0
0
0
0
0
0
0
0
0
0
0
0
739024
0
0
0
0
28224
0
0
0
20020
0
0
0
0
0
0
0
0
0
0
0
0
0
180
0
0
22880
0
0
0
0
0
0
16016
0
0
0
0
0
0
0
0
132
739024
0
0
0
0
0
0
0
0
0
0
0
0
400
0
0
87516
0
87516
0
0
0
0
0
3146
0
0
0
0
0
0
0
0
0
3080
0
0
0
38896
0
0
0
0
0
0
0
0
0
0
0
0
0
0
0
0
0
0
739024
0
0
0
0
0
0
0
0
0
1080
0
0
0
0
0
0
3024
87516
0
184756
0
0
0
0
0
0
0
0
0
0
0
0
0
0
0
369512
38896
0
0
0
0
0
0
0
0
22
0
0
0
0
0
0
0
0
0
369512
0
0
0
9900
0
0
0
0
0
0
0
0
0
0
0
0
0
0
0
0
0
0
0
0
682
0
0
0
0
0
1800
2
0
0
6006
0
0
0
0
490
0
0
0
0
0
0
1034
0
0
0
0
0
2288
0
0
0
0
5670
0
0
0
0
2
0
0
0
0
0
0
0
0
0
0
0
0
0
0
0
0
0
0
0
0
0
0
0
0
2
12
0
0
0
38896
0
0
0
0
0
0
0
0
369512
0
0
369512
0
0
0
0
924
0
0
0
0
0
0
0
0
0
0
0
21168
784
0
0
0
0
0
0
1144
0
0
20
0
0
0
0
0
0
0
0
0
0
0
0
0
47040
0
4004
0
0
0
0
0
0
10032
0
8866
0
0
0
0
0
0
14586
0
0
0
0
0
0
0
53760
0
300
0
0
0
0
0
0
0
0
0
0
0
60
0
72
0
0
0
0
0
0
0
0
0
0
0
0
0
0
0
0
291720
0
0
0
0
0
0
0
0
0
0
0
72
0
16016
0
0
0
583440
0
0
2
1450
42570
0
0
16016
0
0
0
0
0
0
0
0
0
0
0
0
0
0
0
0
0
0
0
0
0
0
16016
38896
0
0
0
0
0
0
0
0
38896
0
0
0
0
0
3300
0
0
0
0
369512
132
0
0
0
0
70
0
0
0
0
0
0
0
0
0
0
0
6300
0
0
0
0
506
0
0
0
0
0
0
0
0
0
572
0
0
0
6006
0
87516
0
3850
0
0
0
0
10
0
0
63000
87516
0
0
0
739024
0
0
58800
369512
0
0
0
0
0
369512
0
0
0
0
0
0
0
0
0
0
0
2
0
0
0
0
0
0
0
0
0
80
0
0
0
0
0
0
0
0
0
0
0
0
0
0
6006
0
0
572
0
280
87516
0
0
0
0
0
6288
0
0
24024
0
0
110880
739024
0
0
0
0
0
0
0
0
0
0
0
0
0
0
0
0
0
87516
0
0
77220
0
0
0
0
0
0
0
0
0
0
0
184756
0
0
8400
0
0
0
7040
38896
0
0
0
0
0
0
0
0
0
0
0
88704
0
366080
0
3696
0
0
0
0
0
0
0
0
183040
0
0
2
0
0
0
0
0
0
0
0
0
0
0
0
0
0
0
0
0
2
0
0
0
0
0
0
0
0
0
0
0
0
0
0
0
0
0
0
0
0
0
0
0
0
0
0
0
0
0
0
0
0
4004
10
0
0
0
0
288
0
2
0
0
0
0
0
0
0
0
0
0
0
0
0
0
184756
0
0
242
0
0
0
0
0
0
0
0
0
30
0
0
0
0
184756
0
0
0
0
0
0
864
0
0
0
160
0
0
38896
0
0
0
0
0
0
0
0
0
0
0
0
0
0
0
0
0
0
0
0
366080
330
0
0
0
0
0
68640
0
0
0
720
0
0
0
0
0
0
739024
16016
0
0
0
0
38896
0
0
0
0
0
7840
6006
0
0
0
8008
0
0
0
0
0
0
0
0
0
0
0
0
0
0
184756
0
0
0
0
0
0
0
0
0
0
0
0
0
0
0
0
0
0
0
22
0
216216
0
0
0
22
0
0
0
0
0
0
0
0
0
43472
0
0
0
0
58800
0
0
0
0
0
0
0
38896
0
0
0
0
0
330
0
0
0
0
0
0
0
40040
22
0
0
108
5720
38896
0
0
0
0
572
0
0
0
0
0
0
0
0
0
2790
0
0
739024
38896
0
0
0
0
0
0
0
0
0
0
0
30030
0
0
0
0
0
0
0
0
0
369512
0
0
340
0
0
0
0
0
0
0
0
0
0
0
0
0
0
0
0
0
0
0
0
16016
0
0
0
0
0
0
0
0
0
0
739024
0
0
0
0
0
572
0
0
132
0
0
0
0
0
0
0
0
0
0
0
0
0
0
0
0
0
0
0
0
0
0
0
0
0
0
0
0
0
0
55440
0
0
0
0
0
0
0
0
0
0
0
0
0
0
16016
0
0
0
0
0
194480
739024
87516
0
0
87516
0
13200
12
0
0
0
0
0
2002
0
8008
87516
0
0
0
0
0
0
0
0
0
0
0
0
0
0
0
2
0
0
0
0
0
0
0
0
0
0
0
0
0
0
0
0
0
0
0
0
0
0
0
0
0
0
0
12576
352
0
0
0
0
0
0
0
0
0
0
0
0
0
5940
0
0
0
0
0
0
0
0
0
0
572
0
129360
0
0
0
739024
0
0
0
0
0
0
0
0
0
0
0
0
264
369512
0
2200
0
0
0
92
0
0
0
0
0
0
0
0
0
0
510
0
0
0
0
0
0
0
0
6006
0
0
0
0
0
739024
0
369512
0
739024
2002
0
0
0
0
0
0
0
0
0
0
0
0
0
0
0
0
0
0
0
0
0
0
0
0
0
0
0
2
0
0
0
0
0
0
0
0
0
0
0
0
0
0
0
0
0
0
0
0
0
0
2
0
0
0
0
0
12
572
2002
0
0
0
0
0
0
0
0
216216
0
0
0
0
0
0
0
18876
0
0
0
0
0
132
60
0
1524
0
0
177408
0
0
0
0
0
0
0
0
0
0
0
0
0
38896
0
0
0
0
0
0
0
0
0
0
38896
0
0
0
0
0
0
0
42570
0
0
0
0
0
0
0
0
0
0
0
0
0
1016
572
0
0
0
0
0
0
30030
0
0
0
0
0
0
0
120
0
0
0
0
0
0
0
672
0
0
0
0
0
0
0
0
0
0
0
0
0
0
0
2002
0
0
0
0
0
0
0
0
0
0
0
0
0
0
0
2
0
0
0
0
0
0
3520
0
0
0
0
0
0
0
0
0
0
0
0
0
0
0
170
0
0
0
0
0
0
0
0
0
0
0
0
77792
0
14080
40
2002
0
0
0
0
0
0
0
92
369512
0
0
0
0
0
0
0
0
0
0
3024
0
0
0
0
0
0
0
0
0
0
0
0
0
0
0
0
0
0
0
0
0
0
0
0
0
0
0
184756
0
0
0
0
0
514800
0
0
980
0
0
0
184756
0
0
0
0
0
87516
0
0
0
0
0
0
0
2
0
0
0
0
9720
0
0
0
0
0
41160
0
0
0
0
0
0
0
4104
0
0
0
0
0
0
0
0
0
2002
0
0
0
0
0
0
0
0
0
0
0
0
0
0
0
0
0
0
0
0
0
42
0
0
12474
0
0
18
0
232848
0
0
0
0
0
0
0
0
0
0
0
0
0
0
0
0
0
0
0
0
132
0
38896
0
0
0
0
0
0
0
0
0
0
0
0
257400
0
0
22
184756
0
0
5184
0
0
0
0
0
0
0
960
0
0
0
0
0
0
2
0
0
0
0
0
0
0
0
0
0
0
0
190080
0
2002
0
0
0
12012
0
0
0
0
0
0
0
0
2
108108
0
0
0
0
0
120120
0
184756
0
0
0
0
0
0
0
0
0
0
0
0
0
0
0
0
0
0
369512
0
0
0
0
0
0
0
0
0
0
0
0
0
0
0
0
0
0
0
0
0
0
1848
0
0
0
0
0
0
0
0
0
0
0
0
0
0
0
0
0
0
0
0
0
0
0
0
0
0
6006
0
2002
0
0
0
0
0
0
0
0
870
0
0
0
0
0
0
0
0
0
682
0
0
0
0
0
0
38896
0
0
0
0
72
0
1296
0
54054
0
0
0
0
0
0
0
0
0
0
0
0
0
0
0
0
0
0
0
0
0
0
0
0
0
572
0
0
0
2002
0
0
0
0
0
0
40
0
0
0
0
0
0
0
560
0
0
0
38896
0
0
0
0
16016
0
0
0
0
5720
0
0
0
0
0
16016
0
0
0
184756
0
0
0
0
0
0
0
0
0
0
0
0
0
0
0
0
51744
0
0
0
0
0
0
0
0
0
0
0
23760
0
0
87516
0
0
0
0
0
0
0
175032
0
2
0
6006
508
0
0
0
0
0
0
0
0
0
0
0
0
88704
0
0
0
0
0
0
0
0
0
0
0
0
0
0
0
145860
0
0
0
0
0
0
0
0
0
0
87516
0
0
0
0
108
0
0
0
0
0
0
0
0
0
72
0
0
0
0
0
0
12012
0
3960
0
0
0
0
100100
0
0
572
0
16016
0
0
0
0
0
0
0
0
0
0
0
0
0
0
0
0
0
0
0
0
0
0
0
0
369512
0
0
0
0
0
0
0
0
0
38896
0
0
0
200
0
0
0
0
0
0
0
0
0
0
0
0
369512
30
0
15444
0
0
0
0
0
0
0
0
0
0
0
0
2
0
5940
0
0
0
369512
572
0
0
0
0
0
0
0
0
0
0
2
4
0
0
0
0
0
0
0
0
0
0
0
0
0
0
0
2
0
0
0
739024
0
6006
0
0
0
22
0
0
0
0
0
0
0
0
0
132
0
0
0
0
0
0
0
0
0
0
0
0
291720
0
0
252
0
50050
0
0
0
0
0
0
0
0
0
0
0
0
0
10
0
4
0
0
0
0
0
16016
0
0
0
0
0
0
0
0
0
0
0
0
0
0
0
0
55440
0
18
0
0
42
0
2728
0
0
572
14
4048
0
0
0
0
0
0
0
0
0
0
0
0
0
0
0
0
0
0
0
0
0
0
0
0
0
3520
0
19448
0
0
0
22
0
0
0
0
0
0
68640
0
0
0
0
0
0
0
3080
0
0
0
0
0
0
0
0
0
0
0
0
0
0
0
0
840
0
0
0
1980
0
87516
0
0
0
0
0
0
0
0
0
0
0
0
0
0
0
0
0
38896
0
0
0
0
0
0
0
0
0
0
0
0
0
0
0
0
0
0
369512
36
0
0
0
40
0
0
0
0
0
0
40
0
0
87516
0
0
0
0
184756
0
0
0
0
0
0
0
252
0
0
0
0
352
57600
2
572
12144
0
0
0
0
0
0
0
0
0
0
0
0
0
0
572
0
0
0
0
0
0
0
0
840
0
0
0
0
0
0
0
0
123552
2
0
0
0
0
0
0
0
0
242
0
0
0
0
16016
0
0
0
0
0
0
0
0
0
0
0
184756
0
0
0
0
1122
0
0
16016
0
0
0
0
0
360
0
0
0
0
0
0
0
22
0
0
0
14
0
0
7560
0
0
0
0
0
0
50050
0
0
0
0
0
0
0
0
0
0
0
0
0
0
0
0
132
0
0
0
38896
0
0
0
0
0
0
0
0
0
7040
0
0
0
0
18
0
0
0
0
0
0
0
0
0
0
0
0
0
0
369512
6006
0
682
0
252
16016
0
0
0
0
0
0
258720
572
0
0
0
0
0
0
0
0
0
0
0
0
0
0
0
0
0
0
0
0
0
0
0
0
0
0
0
0
0
0
0
572
0
0
0
3960
22
72
0
0
42042
0
0
0
0
0
87516
0
0
0
0
0
0
0
0
0
6006
0
0
0
0
0
0
0
0
38896
0
0
0
87516
72
0
0
0
0
0
0
0
3000
6006
16016
0
0
0
0
0
0
0
0
0
0
0
0
0
0
0
0
0
0
0
18
739024
0
0
0
0
0
0
60
0
0
0
0
0
0
0
0
0
0
0
0
0
0
540
0
5544
0
0
0
91520
0
0
0
0
0
0
0
0
0
0
0
0
0
0
184756
0
27720
0
0
0
0
0
0
0
0
0
0
0
0
0
0
0
0
0
0
0
0
0
0
0
0
0
0
0
0
242
0
108108
184756
0
0
0
0
0
0
0
87516
0
739024
0
960
0
0
184756
0
0
0
0
0
0
0
0
0
0
0
0
0
0
22
0
0
0
0
0
0
0
1980
0
216216
0
0
0
572
870
0
12012
465696
6204
0
0
0
0
0
0
184756
0
0
0
0
0
0
0
0
0
0
0
0
0
0
0
160
0
0
0
90
0
274560
0
0
0
0
880
0
96096
0
23100
0
0
0
0
0
0
0
0
0
0
0
0
0
0
0
0
0
0
0
22
0
120
0
0
3300
41756
0
0
0
0
0
0
0
0
0
0
0
0
0
0
0
0
0
280
0
0
0
0
0
0
0
0
0
0
0
0
0
0
0
3080
0
0
0
2002
0
0
0
0
0
240
0
6006
0
3102
0
0
0
0
0
0
0
0
0
0
0
88
0
0
0
0
0
0
0
0
0
0
2
0
0
0
0
0
0
0
0
0
0
0
0
0
0
0
0
0
0
0
0
0
0
0
0
0
0
0
0
0
0
0
0
0
0
0
0
0
0
0
0
0
64064
0
0
0
0
0
0
0
0
0
0
0
0
0
0
0
0
0
0
0
0
0
0
0
0
0
0
0
0
0
0
0
0
0
0
896
0
0
0
0
0
0
0
0
0
0
64
0
184756
0
0
0
0
0
0
0
0
0
0
0
0
0
0
0
0
0
0
0
0
0
0
2
0
572
6006
0
0
0
0
2970
0
0
0
0
0
0
0
0
0
0
0
0
0
0
0
0
0
7560
0
0
0
0
0
0
0
0
0
0
38896
0
0
0
0
0
0
0
0
0
0
0
0
0
0
0
0
0
0
0
400
0
30
0
68640
0
0
0
0
0
0
0
0
0
739024
0
0
0
0
0
0
0
0
0
6
0
0
0
0
0
0
0
0
0
0
388080
0
0
128
0
0
0
0
0
0
0
0
0
0
0
24640
0
252
6006
0
0
0
0
0
50050
0
0
0
0
0
0
0
0
0
0
0
3360
8866
0
0
0
0
0
252
0
0
0
0
0
0
0
0
0
0
0
0
0
0
0
0
0
0
0
0
2
0
0
0
0
0
205920
0
0
0
0
0
2700
0
0
0
12144
0
0
0
0
0
0
2002
0
0
0
0
0
0
0
0
0
0
0
0
0
0
0
0
0
0
0
0
0
0
0
1560
0
63504
22
0
0
0
0
0
110880
0
2002
0
572
23100
0
19800
0
369512
1320
0
0
0
0
0
0
0
0
0
0
0
0
0
0
0
0
0
0
0
0
0
0
0
0
0
0
0
0
0
184756
0
0
0
0
0
26460
0
0
0
0
18
18
270
0
0
38896
0
3528
0
0
0
0
0
0
29400
0
30030
0
352
0
0
0
0
369512
0
0
0
0
0
0
0
0
0
0
0
0
0
0
0
0
6006
388960
0
0
60060
184756
0
0
0
0
0
15876
0
2
369512
0
0
0
2002
0
0
0
0
0
0
0
0
0
0
0
0
0
0
2002
0
0
0
0
0
0
0
0
0
0
0
0
0
0
0
0
0
184756
0
0
0
0
0
0
0
168
0
0
2640
0
0
0
0
0
0
0
0
0
0
0
0
0
2288
132
0
0
0
0
0
0
221760
0
8
0
2
0
3080
0
1980
0
3432
0
0
0
0
0
0
0
0
0
0
55440
0
0
0
0
0
352
0
0
6204
0
184756
0
0
0
0
0
184756
0
0
0
0
0
0
0
0
0
0
0
0
0
0
0
0
0
0
0
0
0
0
0
0
0
120
0
38896
0
100
0
0
0
48048
0
350064
2002
0
0
0
0
0
0
0
352
0
0
0
0
0
0
0
0
0
2002
0
0
0
0
0
0
0
0
0
0
0
0
0
0
0
0
0
0
870
0
0
680
0
48
0
0
0
0
0
0
0
900
0
13104
0
0
0
0
0
0
0
0
0
0
0
0
0
0
0
0
0
0
41756
0
0
0
18876
0
0
0
0
1620
0
0
0
0
0
0
0
16016
0
7560
0
0
0
0
0
0
0
0
0
8008
7168
0
177408
0
0
0
0
0
22
0
0
0
0
0
420
0
0
0
5720
0
0
0
0
0
0
0
0
0
8008
42
0
0
45760
0
0
0
0
0
0
0
0
0
0
0
0
0
0
0
0
0
0
0
0
0
0
0
0
0
0
0
0
0
0
0
0
0
0
0
0
0
2
132
0
12012
0
87516
0
0
0
0
0
0
0
369512
0
0
0
0
0
38896
0
0
0
0
0
0
0
572
0
0
0
0
0
0
0
0
0
0
0
0
0
0
576
0
0
0
144
0
0
0
0
0
0
0
0
0
0
0
0
0
0
0
0
0
0
0
0
0
0
0
0
0
0
0
0
0
5720
0
0
0
0
0
0
0
0
0
0
0
0
0
0
0
0
0
0
0
0
0
0
0
0
0
0
0
0
0
0
0
184756
0
0
0
0
0
2
0
0
38896
0
0
0
0
0
0
22
0
0
0
87516
0
0
0
0
672
0
0
0
38896
0
0
0
0
0
0
0
0
0
4950
0
0
0
0
0
0
0
572
0
0
0
0
0
0
56448
0
0
0
0
0
0
0
184756
0
0
0
0
0
0
0
0
0
0
0
0
0
0
0
0
0
0
0
0
0
0
0
0
0
0
0
3960
0
0
0
12
0
0
0
0
6600
16016
0
0
0
0
0
0
840
0
0
0
0
0
0
0
102960
0
0
0
0
0
369512
40
0
0
0
0
0
3920
0
369512
0
0
0
15840
0
0
0
0
0
0
0
3300
0
0
0
0
0
369512
0
12474
0
0
0
0
0
0
0
0
0
0
0
0
0
0
0
0
0
0
0
0
0
0
0
0
0
0
13200
0
0
0
2002
0
52920
0
0
0
0
0
0
0
0
0
0
0
0
0
0
38896
0
2790
1122
0
0
0
0
2002
252
0
0
0
0
0
0
0
0
0
0
0
0
0
0
0
0
11880
0
0
0
0
176400
0
0
0
0
880
8096
0
6696
0
0
0
0
132
0
38896
0
43472
0
0
0
0
0
0
0
0
0
0
0
0
0
0
0
0
0
0
0
0
0
0
0
0
0
72
222
0
0
0
0
0
924
0
0
0
0
0
0
0
184756
0
0
0
0
0
0
0
0
9240
0
0
0
0
0
0
0
0
0
0
0
184756
0
264
0
132
0
0
0
0
0
0
0
0
0
38896
8624
24024
0
0
0
0
14
739024
0
0
0
0
0
0
0
0
0
0
0
572
0
0
0
42
0
0
40040
0
0
0
0
0
0
0
0
0
0
42
2002
0
0
0
0
0
27720
0
0
0
0
0
0
0
0
0
0
0
0
0
0
40
0
0
0
0
0
0
0
572
0
0
0
0
0
0
0
0
0
0
0
0
0
0
0
0
0
18876
0
0
0
36
0
0
0
0
0
0
0
0
0
0
0
0
0
0
0
0
0
0
0
112
0
8640
0
0
0
0
0
0
0
0
0
22
0
0
0
0
0
70
0
0
0
132
0
0
0
0
0
0
0
0
0
0
0
0
0
0
0
0
60
0
0
38896
0
0
0
0
0
0
0
0
0
0
0
0
0
0
0
0
0
0
0
0
0
0
16016
0
0
0
0
0
0
0
0
0
0
0
0
0
0
0
0
0
0
0
0
0
0
0
0
0
0
0
0
0
0
0
0
7168
0
0
369512
0
0
0
0
0
0
0
0
0
0
0
0
0
0
0
0
0
0
0
0
0
0
0
90090
0
132
0
0
0
0
0
0
0
0
0
0
0
16
0
1040
0
0
0
0
0
0
0
0
0
0
0
0
0
0
0
0
0
0
369512
0
0
0
0
0
110880
0
0
0
0
0
0
0
0
6
0
480
0
0
0
0
0
0
0
0
0
0
0
0
0
16016
0
0
0
0
87516
0
0
92
0
0
0
0
0
0
0
0
0
0
0
0
0
0
0
0
0
0
0
0
0
10780
0
0
0
0
0
0
0
0
0
0
0
0
0
0
0
0
739024
0
0
0
0
0
0
0
0
0
22
2
0
0
0
0
0
0
0
0
0
0
0
0
0
0
572
0
0
0
0
0
0
369512
0
18
0
0
0
0
2002
0
2002
0
0
0
0
0
0
0
0
0
0
0
0
0
0
0
0
0
0
0
0
369512
52920
0
369512
0
0
0
22
0
0
16016
0
0
0
0
0
660
0
0
0
0
0
0
0
0
0
0
0
0
0
0
0
0
0
0
66000
2002
90
0
0
0
0
0
0
0
0
0
0
0
0
0
0
0
0
0
0
0
0
38896
0
0
0
0
0
0
0
0
0
0
0
0
0
0
0
0
0
0
0
4104
260
0
0
97020
0
0
0
0
0
0
0
0
0
0
0
0
175032
0
24
72
0
0
0
0
0
0
0
0
0
0
0
0
0
0
0
0
0
0
0
0
38896
0
0
12
0
0
0
0
0
0
0
400
0
38896
0
0
0
0
11880
0
0
0
184756
0
0
0
0
0
0
0
0
0
0
0
369512
0
0
0
0
0
132
4800
0
0
0
0
0
0
0
0
0
0
0
0
0
0
0
0
0
87516
0
0
0
0
0
0
0
0
0
0
0
0
0
0
0
0
0
0
0
572
0
0
22
0
184756
0
0
0
0
0
0
0
38896
0
0
0
0
0
0
0
0
0
0
92
0
0
0
739024
0
0
8
0
0
0
0
0
0
0
0
0
0
0
0
132
0
0
0
0
0
0
0
0
0
0
0
0
0
0
0
0
0
0
0
0
0
0
0
0
0
0
0
0
0
0
0
222
990
0
0
0
465696
0
6048
0
0
572
572
0
0
0
0
0
0
0
0
0
0
0
0
0
0
320
0
0
0
0
0
0
2860
0
0
0
0
0
48576
0
1040
682
0
882
369512
0
0
0
0
0
0
4320
0
0
0
0
0
0
0
0
0
0
18144
38896
0
0
100
0
0
0
0
0
0
0
0
0
0
0
0
0
0
0
0
0
0
0
0
369512
0
0
0
0
0
0
0
0
22
0
0
0
0
0
0
0
70
0
0
0
0
0
0
0
0
0
110880
0
0
0
0
0
0
0
0
0
0
0
0
0
0
0
0
0
0
0
0
0
0
0
0
0
0
0
0
0
0
116424
184756
0
18018
0
0
0
0
0
0
0
0
0
16016
0
0
0
0
1176
0
0
0
0
0
0
0
0
0
0
0
184756
0
0
0
0
0
0
583440
0
5170
0
0
0
0
0
0
0
0
0
264
132
0
0
0
0
0
0
0
0
0
0
739024
0
0
0
160
0
0
0
0
0
0
0
0
0
0
108
2002
0
0
0
0
0
0
0
0
0
0
0
0
4
0
0
0
0
0
0
369512
291720
572
0
0
0
0
0
0
0
0
9900
0
0
0
512
0
0
2002
0
0
0
2002
572
0
0
960
0
0
0
0
0
0
0
0
0
0
0
0
0
0
38896
0
55440
0
0
0
0
2
0
0
0
0
0
12012
0
0
4950
0
0
0
0
0
0
0
0
0
0
0
0
0
102960
6006
0
0
0
0
0
0
0
0
0
0
38896
0
0
0
0
0
0
0
0
0
0
1040
0
0
0
0
0
0
0
0
0
0
0
0
0
0
0
0
739024
0
0
0
0
0
0
0
0
0
0
0
0
0
0
129360
0
0
0
0
0
0
0
768
0
0
0
0
0
0
0
10010
0
0
0
0
0
369512
296
17424
0
0
0
184756
0
0
0
0
0
0
0
0
0
0
4
0
0
0
0
0
0
0
0
0
0
0
0
0
0
0
0
4620
0
0
0
0
0
0
0
0
0
0
0
0
0
0
14
43472
184756
0
0
0
0
369512
2002
0
2002
0
0
0
0
0
0
0
38896
0
22176
0
0
100100
0
0
0
0
0
0
0
0
0
0
0
0
0
0
0
0
0
0
0
0
0
0
44
0
2
14
0
68640
0
0
0
0
87516
183040
4004
0
0
0
0
0
2
0
0
0
0
0
0
0
30
0
0
0
0
0
0
0
0
0
0
0
0
0
0
184756
0
739024
0
0
0
0
0
0
0
0
38896
0
0
0
0
0
0
0
30
0
0
0
739024
23760
0
0
0
14
0
0
0
0
180
0
0
0
0
0
183040
0
2002
0
12144
0
0
0
0
0
0
0
184756
0
0
0
0
0
23520
0
0
0
0
0
0
17856
0
0
0
8008
0
0
0
0
0
0
0
0
0
0
0
0
0
0
0
0
0
0
0
0
0
0
0
0
0
30240
132
0
0
440
0
0
184756
0
0
0
0
0
0
0
18480
0
420
0
0
0
0
0
0
1040
0
0
0
0
0
330
0
0
0
0
0
0
3300
0
0
0
0
0
0
0
0
0
0
0
0
0
0
240
0
0
2
0
0
0
0
2096
0
0
0
0
97240
0
0
0
0
0
0
0
0
0
0
0
0
0
0
16016
0
0
16016
0
0
0
0
0
0
0
0
0
0
0
0
0
0
0
0
0
0
2
0
0
0
0
0
0
0
572
0
0
0
0
0
0
0
0
0
0
0
53760
0
0
0
0
0
0
0
980
0
0
0
0
0
0
0
0
0
0
0
0
0
132
0
0
10
0
0
0
0
0
0
38896
0
0
18
0
0
0
0
0
0
0
0
0
0
0
0
0
0
0
0
0
4536
0
0
0
0
0
0
0
0
0
572
0
0
7040
0
0
0
4950
0
0
0
0
0
0
0
0
0
1144
0
0
0
0
0
0
0
0
0
0
0
0
128700
0
0
0
0
0
0
739024
8
0
0
739024
369512
0
2
0
0
0
0
0
132
0
0
0
0
0
1116
0
0
0
0
51744
0
0
0
12012
0
0
0
0
0
16016
0
184756
0
0
0
0
0
0
0
0
0
0
0
0
0
0
120120
0
0
0
0
0
0
0
0
0
0
0
0
0
0
0
0
0
0
8640
0
0
0
14080
0
0
0
0
0
0
0
0
2464
0
0
0
3144
0
240240
0
0
0
0
20
0
0
0
0
369512
0
0
0
0
0
512
0
0
0
0
0
0
0
572
0
0
0
0
0
0
0
0
0
0
0
0
0
0
0
0
0
369512
0
0
0
183040
0
0
0
0
0
0
0
0
0
0
0
0
0
0
0
0
0
0
0
0
0
0
0
0
0
0
0
0
0
0
0
0
0
0
0
0
0
0
22
0
0
0
258720
0
0
1040
6006
0
0
0
0
0
0
0
0
0
0
0
0
0
16016
0
0
38896
0
0
0
0
0
0
840
0
0
0
252
0
0
0
0
0
0
572
0
0
0
0
0
0
0
0
0
0
0
0
0
0
640
0
0
0
0
0
0
0
0
0
0
155584
0
506
0
0
0
0
0
0
0
0
369512
0
2
20
0
0
0
0
0
739024
0
291720
22
0
0
0
0
0
0
0
0
0
0
0
0
0
0
0
0
0
12012
0
0
0
22
0
14
0
0
0
0
0
0
0
0
0
0
0
0
0
352
0
0
0
0
0
52920
0
0
0
0
0
0
0
0
0
0
0
0
0
0
0
0
0
0
0
0
0
0
0
0
38896
0
0
0
0
0
0
0
0
0
0
0
2002
0
0
0
0
0
0
0
0
0
0
0
0
27720
0
0
0
0
0
1716
0
2
0
22
0
2002
0
0
0
0
168
3520
0
0
0
0
0
0
0
0
0
0
0
0
0
0
0
0
70560
0
0
0
0
0
0
0
0
16016
0
0
0
0
0
0
0
0
0
0
0
0
0
0
0
0
0
0
0
0
0
0
0
0
0
0
0
0
0
0
0
12
20020
0
0
0
0
0
0
0
0
0
0
0
0
0
0
0
280
0
0
0
0
0
572
0
0
0
0
0
0
0
0
0
0
0
0
0
0
0
0
0
0
0
0
0
0
0
0
0
0
0
0
0
0
0
0
0
0
0
0
0
0
0
0
0
7560
0
0
0
0
0
0
0
0
0
0
184756
0
0
0
0
0
0
0
0
0
0
0
0
0
0
0
0
0
0
0
0
0
0
0
0
0
9900
0
0
0
0
0
0
0
0
0
0
0
0
0
0
3960
0
6006
0
0
0
0
0
0
0
0
0
0
0
0
0
572
0
0
0
0
0
0
0
17028
0
0
0
0
0
0
0
0
0
0
2790
0
0
0
0
0
0
0
0
0
0
0
0
0
0
1400
6600
0
0
0
0
0
0
0
0
16016
0
0
0
0
0
0
6006
0
2520
0
0
0
88704
0
0
0
0
0
0
0
0
0
0
0
0
0
0
0
0
0
0
0
0
0
0
0
0
0
0
0
0
0
0
0
132
0
0
0
0
3146
0
0
0
87516
0
0
0
0
0
0
0
0
0
0
41756
0
0
0
0
0
11880
0
0
0
0
0
0
0
0
184756
0
0
0
0
0
0
0
0
0
0
0
0
0
0
0
0
0
38896
0
0
11880
0
0
0
0
480480
0
0
0
0
0
0
0
0
42
0
0
0
0
7650
0
0
0
0
18
0
0
0
0
274560
0
2
0
23760
0
0
0
420
10010
0
0
0
0
77220
0
0
0
0
0
0
0
16016
0
0
0
0
572
80
0
0
0
0
0
0
0
0
0
0
0
0
0
0
38896
0
0
0
0
0
0
0
0
0
0
0
0
0
0
0
0
0
0
2
0
0
0
0
0
0
42
0
0
0
0
0
0
0
0
0
0
0
0
0
0
280
0
0
0
0
0
0
0
0
0
0
0
0
0
0
0
369512
0
24
0
155584
0
0
0
0
6006
0
0
0
0
0
10
0
1440
0
0
0
0
0
0
422
0
0
0
0
0
6006
0
0
0
0
0
0
0
0
0
0
0
1778
0
2
0
0
144
0
0
0
0
572
0
0
0
0
0
2002
0
0
0
0
0
0
0
0
0
240
0
572
0
0
0
540
0
0
0
0
0
0
0
0
0
0
0
0
0
0
0
0
0
0
0
0
0
0
0
0
0
0
0
0
0
0
184756
0
0
0
0
0
369512
0
0
0
0
0
0
0
0
0
0
0
0
0
0
560
0
0
0
0
16016
0
0
0
0
0
0
0
80
0
0
0
0
87516
0
0
0
0
0
0
175032
0
0
0
0
38896
0
0
38896
0
0
80
0
0
0
739024
0
0
8
0
0
0
0
0
0
0
0
0
320
0
120
0
0
0
0
14
0
0
0
0
0
108108
45760
0
145860
184756
0
0
0
0
0
0
0
0
0
0
0
0
0
0
0
42
0
0
0
0
0
0
0
0
0
0
0
0
0
0
0
0
0
0
0
0
0
0
990
0
0
0
0
0
0
0
184756
0
0
0
0
0
0
0
0
0
0
0
0
0
0
420
0
1430
14080
0
0
0
0
0
0
0
0
0
0
0
0
0
0
0
0
22
0
0
0
0
0
87516
0
0
0
0
0
2
0
0
20020
38896
0
12540
0
0
0
0
0
0
0
16016
22
0
0
0
0
0
68640
0
0
0
0
0
0
0
0
0
0
0
0
0
0
0
3080
0
0
0
1716
0
0
0
0
0
0
184756
366080
0
0
0
0
0
0
0
0
0
0
0
10560
0
0
0
0
0
0
0
0
0
0
0
0
0
0
0
0
12
0
16016
0
0
0
184756
0
0
0
132
0
0
0
0
16016
0
0
0
0
0
0
0
0
0
0
0
0
0
0
0
0
0
0
0
0
0
0
6006
0
0
0
0
0
0
0
739024
0
4800
0
968
0
0
720
0
0
308880
0
0
0
0
0
0
2200
0
0
0
0
0
0
0
0
0
0
0
0
1980
0
0
0
0
0
0
0
200
0
0
0
0
0
0
132
10
0
0
4752
0
0
0
0
0
739024
0
0
22
0
0
0
0
17820
0
0
0
0
0
0
0
0
0
0
0
7056
0
0
0
0
0
0
0
0
0
2
0
72
0
0
6006
0
0
0
0
3146
0
0
0
12012
0
0
0
0
0
0
0
0
0
0
0
0
0
0
2002
7560
0
8
0
27720
0
0
0
6006
0
0
0
50050
0
0
0
0
0
0
0
0
0
0
0
0
0
0
20020
0
0
0
0
9984
0
0
0
0
0
980
739024
0
0
0
205920
132
224
0
2002
0
0
0
132
0
0
0
184756
0
0
0
369512
77792
22
16640
0
116424
0
0
0
0
0
0
0
0
5670
0
0
0
0
0
252
0
180180
0
0
0
0
0
0
0
0
0
0
0
0
0
0
0
0
0
0
0
0
0
0
0
175032
0
0
184756
0
0
0
0
0
19440
0
0
0
0
0
0
0
0
0
0
0
0
0
0
0
0
0
116160
572
0
0
0
0
0
0
0
0
0
0
0
0
0
0
0
0
0
0
222
7056
40040
0
0
92
0
2
0
30
0
0
0
0
43472
0
0
0
0
0
0
0
0
0
0
0
0
0
0
0
369512
0
0
0
38896
0
0
38896
24024
0
0
0
0
0
0
0
0
0
0
0
0
8008
0
0
0
0
0
0
71280
0
0
0
0
2002
0
0
0
0
0
0
0
0
0
23100
0
440
0
0
0
0
0
0
0
0
0
0
0
0
0
0
0
184756
0
0
0
0
0
0
0
11880
0
0
0
0
0
0
0
0
0
369512
0
0
42570
0
0
0
0
0
0
0
0
2
0
0
0
2
0
0
0
0
0
0
0
0
0
0
0
0
0
0
882
0
0
6720
0
0
0
0
0
0
132
0
0
0
0
0
0
0
0
0
0
0
0
0
490
0
0
0
0
0
0
0
0
6006
0
0
0
0
0
60
0
504
184756
0
0
0
0
0
0
0
0
0
0
0
0
336
0
0
0
0
0
0
739024
43472
0
0
0
24310
0
0
0
0
0
0
0
0
0
0
0
0
0
0
0
0
0
0
0
0
0
0
0
0
0
0
0
0
0
0
0
0
0
0
0
0
0
0
0
0
0
0
16016
0
0
739024
2002
22
0
0
0
1764
0
0
0
2002
0
0
0
0
0
0
0
0
0
0
0
0
0
0
0
0
0
0
0
0
0
0
0
0
0
0
0
0
0
0
0
0
0
0
600
0
0
0
0
0
0
0
0
0
0
0
0
0
0
0
0
0
0
0
0
0
0
0
0
0
0
0
6
0
0
0
0
8820
0
0
572
0
0
2
0
0
0
0
0
0
0
0
0
0
0
0
6006
0
0
0
0
0
0
0
0
0
0
0
92
896
0
0
0
0
0
0
0
0
0
0
0
0
0
0
0
0
0
0
6006
0
0
2376
0
27216
0
0
0
0
0
0
0
0
0
0
6006
0
0
0
0
0
0
0
0
0
0
0
0
0
0
0
0
0
0
739024
0
0
2610
0
1980
0
0
0
0
0
0
6006
6006
0
0
0
0
2002
0
0
0
2002
0
0
0
87516
0
0
0
0
0
0
0
0
0
0
0
0
0
0
0
0
0
0
0
0
0
0
0
0
0
0
0
0
0
0
0
0
0
0
0
0
0
0
0
0
0
0
0
0
0
0
0
0
252
0
0
0
0
0
0
0
0
2002
0
0
2
0
0
490
16016
0
0
0
0
0
0
0
0
0
880
0
0
0
0
0
6006
0
0
0
0
0
56
0
0
0
572
0
0
0
0
0
0
0
0
0
0
38896
0
0
0
0
0
0
0
0
0
0
0
0
87516
0
0
0
0
0
0
0
0
0
0
0
0
0
0
0
0
0
0
0
0
0
0
0
0
0
0
0
0
0
0
0
0
0
0
0
0
0
0
0
0
0
4
0
0
18144
0
0
0
0
0
0
0
0
0
0
0
0
0
0
0
0
0
0
64
0
0
0
0
0
0
0
0
0
0
0
0
0
0
0
0
0
369512
0
0
0
38896
30030
0
0
0
41160
0
0
0
0
0
0
340
0
0
0
0
0
0
0
0
0
0
0
0
145860
0
0
0
0
0
0
70
160
0
0
0
0
0
0
0
0
0
0
51480
0
0
0
0
0
0
0
0
0
0
0
0
0
145860
0
0
0
0
0
0
0
0
0
0
0
0
0
0
0
0
58800
0
0
0
0
0
0
0
700
0
0
0
132
0
0
0
0
0
0
0
0
0
0
0
184756
0
0
0
0
0
0
0
0
0
0
13860
0
336
0
0
0
0
0
0
0
0
0
0
0
0
0
0
2
0
0
0
0
0
0
0
0
0
0
0
0
0
0
0
0
0
0
0
0
0
12348
0
0
0
0
0
52920
0
0
0
0
0
0
0
0
2
2
0
16016
0
129360
38896
0
0
0
0
38896
0
0
0
1980
0
0
0
0
490
0
0
0
0
0
0
0
0
0
3144
0
0
0
0
0
840
0
0
0
0
0
0
0
0
0
0
0
0
0
184756
0
0
0
0
0
0
0
0
0
0
369512
3360
0
0
0
0
0
0
0
0
0
0
0
0
0
0
0
0
0
0
0
0
0
0
0
0
0
0
0
0
0
0
0
0
0
5940
0
0
0
0
0
0
0
0
0
0
0
0
0
0
0
0
0
0
0
0
0
24024
0
0
0
0
0
8008
87516
0
0
0
0
0
0
0
0
0
0
0
0
0
0
0
0
0
108
0
0
0
0
739024
0
0
0
946
0
0
0
0
0
720
0
0
0
0
0
0
0
0
0
0
0
0
0
0
0
0
0
0
0
0
0
0
0
0
0
0
0
0
0
0
87516
0
0
0
0
0
0
0
0
0
0
34320
0
0
0
0
0
0
0
0
0
0
0
0
0
0
0
0
0
0
12672
20020
0
330
0
0
0
0
0
0
0
18
0
0
0
0
0
0
0
0
0
0
0
0
0
38896
0
0
0
0
0
96096
2
70
0
0
0
0
0
0
0
0
6006
946
0
0
0
13860
0
0
0
0
0
0
0
18480
97240
0
40
0
8640
0
0
0
0
0
0
0
2
38896
0
0
0
0
0
0
45760
184756
0
0
0
0
0
0
0
0
320
0
0
0
0
32032
0
880
0
0
0
0
0
0
0
0
0
0
0
0
0
0
0
0
0
0
0
0
0
0
0
0
0
0
0
0
0
960
0
0
0
0
0
0
0
0
0
0
0
0
0
0
0
0
0
0
200200
1016
0
16016
0
0
0
0
0
0
0
0
0
0
0
0
0
0
0
0
0
0
0
0
0
0
0
0
0
0
0
0
0
0
0
0
0
0
0
0
0
0
0
0
0
0
0
0
0
0
0
0
0
184756
0
0
0
0
0
0
0
0
0
0
0
0
0
0
0
0
0
0
369512
0
990
0
0
0
0
0
0
0
0
0
0
0
0
0
1320
0
0
0
192
0
0
0
20
440
6006
0
0
0
0
0
0
0
0
0
0
0
0
0
294
0
0
0
0
0
155584
132
132
0
0
0
0
0
0
0
0
51744
0
0
0
0
0
0
0
132
0
350064
2
0
0
0
0
0
0
0
0
0
0
0
0
0
0
184756
0
0
0
0
0
0
0
0
0
0
0
0
0
0
0
0
0
560
0
0
0
1920
0
0
0
0
0
0
24310
0
0
0
22
132
0
132
5376
572
0
0
0
0
0
8400
0
0
0
0
0
0
0
0
0
0
0
0
184756
0
0
0
0
0
47040
155584
54912
0
132
1680
0
0
0
87516
0
0
0
0
0
0
48048
12012
0
0
0
0
296
0
0
0
0
0
0
0
258720
0
52920
0
0
0
0
369512
0
0
8400
0
0
0
0
0
0
0
0
0
177408
0
3432
0
739024
0
0
0
0
0
0
0
0
0
0
0
0
0
0
0
0
4312
38896
739024
0
6006
0
0
0
0
0
0
0
0
0
0
0
0
0
0
0
0
0
0
16016
0
0
0
0
0
0
0
0
0
0
0
0
41184
0
0
0
0
0
0
0
3960
0
0
0
0
0
0
0
0
0
0
0
0
0
0
0
0
0
0
0
0
0
0
0
0
0
0
0
0
0
0
0
0
0
0
0
0
74
0
32
2002
0
0
0
0
0
0
0
0
0
0
0
0
16016
0
0
38896
0
0
540
0
87516
0
0
0
0
0
0
0
0
0
0
0
0
0
0
92
0
0
0
0
0
0
0
0
0
0
0
0
0
0
0
0
0
0
0
0
0
0
0
0
0
0
0
0
0
87516
0
0
0
0
0
0
0
0
0
0
0
0
0
0
0
0
0
0
0
0
0
0
87516
0
0
0
0
0
0
0
0
0
0
0
540
0
0
0
0
0
0
0
0
0
0
0
184756
0
0
0
0
0
0
0
560
0
0
0
0
0
0
0
0
0
0
0
0
0
0
352
0
0
0
0
0
0
0
38896
0
0
0
0
0
0
0
0
0
0
0
0
0
0
0
0
0
0
90090
0
0
0
352
0
0
0
0
0
0
0
0
0
0
0
0
0
0
0
0
0
0
0
0
0
0
0
0
0
0
0
0
0
0
0
0
0
0
0
0
0
15444
0
0
0
0
0
0
0
8866
0
0
0
0
0
0
0
0
0
0
0
0
0
280
762
0
0
444
0
0
0
0
0
0
16016
0
0
0
0
0
0
0
27720
0
0
739024
0
0
0
0
0
0
0
0
0
0
0
0
0
0
0
0
0
0
0
0
0
0
0
5390
0
47520
0
0
0
0
0
87516
0
0
0
0
350064
0
0
0
0
0
0
0
0
572
0
0
0
0
0
0
38896
0
0
0
0
0
0
0
0
0
0
0
232848
0
0
330
0
0
0
0
5760
0
0
0
280
0
0
0
0
0
0
0
0
0
0
0
0
0
0
0
0
0
0
0
0
0
0
0
0
105840
2002
0
0
0
0
2002
0
0
0
0
0
1218
0
0
0
0
0
0
0
0
0
0
0
0
0
0
0
0
0
572
0
0
0
0
16016
0
0
0
0
0
0
0
0
0
0
0
850
0
0
4004
0
2002
0
0
12
0
0
0
0
0
1792
0
27216
0
0
0
0
0
0
6006
0
0
0
0
0
0
132
38896
0
0
0
0
0
1716
38896
0
0
0
38896
10976
0
0
0
0
24
0
0
0
0
0
0
0
0
0
44
6006
0
0
0
0
0
0
0
0
0
0
0
0
0
0
0
0
0
0
369512
0
0
0
0
0
0
0
4800
0
0
0
0
0
0
0
0
0
0
184756
0
0
0
0
0
0
0
88704
0
0
0
0
0
0
0
22
0
68640
0
0
0
0
0
0
8866
0
0
0
17424
0
0
0
0
0
0
0
0
0
0
0
0
0
0
0
0
132
0
3520
0
0
0
87516
0
0
0
0
0
1122
20
0
0
0
0
0
0
0
0
0
0
0
72
0
0
0
0
0
0
0
0
0
0
0
0
0
0
0
0
0
0
572
0
0
48
0
0
0
0
0
0
0
0
0
0
0
0
0
0
0
6006
0
0
0
0
0
0
88
0
132
369512
22
0
0
0
0
0
0
184756
0
0
0
0
0
0
0
0
0
0
0
0
0
0
0
0
0
14080
0
0
0
0
0
0
0
0
0
0
0
0
0
0
184756
0
0
0
129360
0
0
0
0
291720
1980
0
2790
572
0
0
0
8008
0
0
0
0
0
0
0
0
16016
0
0
0
0
0
0
128
0
0
0
0
36036
0
0
0
0
0
0
0
0
0
0
0
0
0
352
0
0
0
0
0
0
0
0
2
0
42
0
0
0
0
0
0
0
0
0
0
0
0
0
0
8008
0
0
0
0
0
0
1980
0
0
0
0
0
0
0
0
0
0
0
0
0
0
0
504
0
0
0
0
0
0
70
184756
0
0
0
0
0
0
0
0
0
0
0
0
0
0
0
0
0
0
0
0
0
0
0
145860
0
27720
0
0
0
0
0
0
0
0
0
0
0
0
0
0
0
36036
0
0
0
2
0
132
0
0
0
0
0
0
0
132
0
0
572
0
0
0
0
0
0
0
0
0
0
0
0
0
0
0
0
0
0
0
0
0
0
0
0
0
0
2
0
0
0
0
0
0
0
0
0
0
0
0
0
0
0
0
0
0
0
0
0
0
0
739024
0
0
0
0
0
0
0
2880
0
0
0
0
16016
0
0
0
0
0
257400
0
0
0
87808
0
0
0
0
0
6006
0
0
0
0
0
0
0
128700
0
0
0
0
0
144
0
0
0
0
0
0
30030
0
369512
1890
0
0
0
0
0
0
1040
0
0
0
144
0
0
0
0
1980
0
0
0
0
0
0
0
0
0
0
97240
0
0
0
0
0
0
0
0
0
0
0
0
6006
0
0
0
0
572
0
480480
0
2002
0
0
0
0
0
0
0
0
0
0
0
0
0
0
0
0
0
0
0
0
0
0
0
10800
0
0
0
0
0
0
0
0
0
0
0
0
0
0
0
0
0
0
0
0
0
0
0
0
0
0
42
7056
0
739024
0
0
0
0
0
0
0
0
0
0
0
0
2002
0
0
0
0
0
0
0
0
0
0
0
0
0
0
369512
0
2
0
132
0
16016
0
0
0
8640
0
0
0
0
0
0
0
0
0
0
0
20020
0
0
0
0
0
0
0
0
0
0
0
0
0
184756
0
0
0
0
0
0
0
0
0
0
0
0
0
0
0
0
0
1760
0
2688
0
0
0
0
10584
0
0
0
0
0
0
630
0
0
0
6006
0
0
0
18144
0
0
0
0
0
0
0
0
0
0
0
0
0
0
0
572
0
0
0
0
0
0
0
0
0
0
0
20
0
0
0
0
0
2002
0
0
184756
0
0
6
2002
0
0
0
184756
0
0
0
0
0
0
0
0
0
0
0
0
0
0
0
0
0
0
0
0
0
0
0
4320
0
0
990
0
0
38896
0
0
0
0
0
16016
0
0
0
0
0
0
0
0
0
0
0
0
0
0
0
0
0
0
0
572
0
0
0
0
0
0
0
0
91520
0
0
0
0
55440
0
0
0
0
0
0
0
0
0
0
0
0
0
0
0
0
0
0
0
26880
0
369512
0
0
87516
0
0
0
0
0
0
0
0
0
0
0
0
0
0
0
132
0
0
0
6006
0
0
0
0
0
0
0
0
0
0
0
0
40
30
3360
0
0
0
0
0
0
0
0
74
0
0
0
0
0
0
0
0
0
0
0
0
0
0
0
0
0
0
0
0
0
990
0
0
0
0
0
0
0
0
0
0
74
0
0
0
0
0
0
0
90090
0
0
0
0
0
0
0
0
0
0
0
0
0
0
0
0
70
0
70
0
0
0
0
0
0
0
0
0
0
0
0
0
0
0
0
0
0
0
0
0
10584
0
0
0
0
0
0
0
0
0
0
0
132
0
120
0
583440
0
0
0
0
0
0
0
0
0
0
0
0
0
0
0
0
0
0
22
0
0
0
0
0
0
0
0
0
528
175032
4
0
4004
0
336
0
0
132
0
0
0
0
739024
0
0
0
0
0
0
0
369512
0
0
0
0
0
0
10010
0
0
0
0
0
0
0
56
0
0
0
0
0
0
0
0
0
0
2002
0
0
0
0
48048
0
0
0
1440
0
22
88704
0
0
0
0
0
0
0
0
0
0
0
0
0
558
0
0
0
0
0
0
0
0
0
0
0
0
0
0
9900
2
0
0
0
0
280
0
0
0
0
0
0
0
0
0
0
0
0
0
0
0
0
0
0
0
0
0
0
0
0
0
0
0
0
0
2002
0
0
0
0
0
40
0
0
672
1122
2
0
0
0
0
0
0
0
6204
0
0
0
0
0
0
38896
0
0
0
572
87516
0
0
0
0
0
0
0
0
0
0
0
0
4096
0
0
0
2
0
0
0
2
0
6006
0
0
0
0
0
0
10584
0
0
0
0
0
0
0
0
0
0
352
0
0
0
0
0
0
0
0
90090
0
91520
0
0
0
0
0
0
0
0
0
0
3146
1824
0
0
0
0
0
0
0
0
0
0
0
0
0
257400
0
0
0
240240
0
0
0
0
0
0
0
0
0
180180
0
0
0
0
0
0
0
0
0
0
87516
0
0
0
0
63360
0
0
116424
0
0
0
0
0
0
0
0
0
0
0
0
0
0
0
0
0
0
0
0
0
11760
0
0
0
0
0
0
0
0
0
0
0
0
0
4290
0
0
0
0
0
0
0
0
0
0
0
0
184756
0
0
0
0
0
0
0
0
0
0
0
0
0
0
0
0
0
0
0
0
0
0
0
0
0
90
0
0
16016
0
0
0
0
0
0
0
572
0
0
38896
0
0
0
128700
0
0
0
0
0
16016
0
0
0
0
0
0
0
0
0
184756
0
0
0
0
0
0
0
0
0
0
0
0
0
0
0
0
0
0
0
0
0
0
0
0
0
0
0
0
1760
0
0
0
0
0
0
0
0
0
0
0
0
0
0
0
0
0
0
0
0
242
0
0
0
0
739024
0
12
0
0
0
0
0
572
0
184756
0
0
0
0
0
0
0
0
0
0
0
0
0
0
0
0
0
0
0
0
0
0
0
0
0
0
2
0
0
0
22
0
30030
0
22
242
0
0
0
0
0
0
0
0
296
18876
0
0
0
0
0
0
0
0
0
0
0
0
0
0
0
0
0
0
6720
0
0
0
0
0
0
0
0
0
0
0
0
0
0
0
0
38896
0
0
0
0
0
0
0
0
0
0
0
0
0
0
0
0
0
0
0
0
0
0
0
0
0
23760
16016
0
0
0
0
22
369512
0
0
0
0
572
0
0
0
0
38896
38896
0
0
0
0
0
0
0
0
0
0
0
10
0
4004
0
0
0
0
2002
0
0
0
369512
38896
0
0
0
682
0
0
0
0
0
0
0
0
0
2464
0
0
0
0
100
0
0
0
2002
0
0
0
0
0
0
0
0
0
0
0
0
0
0
0
0
22
0
0
0
0
0
0
0
0
0
0
0
0
12
0
0
0
0
4080
0
87516
0
1716
0
0
0
0
0
0
70
0
0
120
0
0
0
0
0
6006
0
0
0
0
5720
17160
0
0
0
0
0
0
0
0
0
0
0
0
0
11440
0
0
0
0
91520
0
0
0
0
0
0
0
2002
0
0
0
0
2790
0
0
0
0
0
0
0
0
0
0
0
0
0
0
369512
0
0
2640
0
0
0
0
0
0
0
0
0
0
0
0
0
0
0
0
0
14
0
0
0
0
0
0
0
0
0
0
0
180
369512
0
0
0
0
0
0
0
0
0
0
0
0
0
0
0
0
0
0
0
0
0
116424
0
0
0
0
0
0
0
0
0
7040
0
0
572
0
16016
0
0
0
48620
0
739024
0
0
12012
0
0
0
0
16170
0
0
448
0
0
0
0
0
0
0
0
0
0
0
0
0
0
0
0
291720
0
0
16016
0
0
0
0
0
0
0
0
0
0
840
0
0
0
0
0
0
0
0
0
0
0
0
2610
0
0
0
0
0
0
0
0
0
0
0
0
0
0
0
0
0
0
0
0
0
0
0
0
0
0
0
0
5040
0
0
0
0
682
0
0
0
10296
0
0
24
2
0
0
0
0
0
0
0
0
0
0
0
0
0
0
0
0
0
0
129360
0
0
0
0
0
440
0
0
0
0
0
0
0
0
0
0
0
0
0
0
369512
0
0
510
0
0
2520
0
0
0
0
0
0
0
0
0
0
87516
0
0
0
0
16016
0
72
0
0
0
0
0
0
0
0
0
0
0
0
0
0
0
0
0
0
0
0
0
0
0
0
0
0
0
0
0
0
0
0
0
0
0
0
0
0
0
0
0
0
0
0
0
0
22
0
0
0
0
0
0
0
1344
0
0
0
194480
0
0
0
0
0
0
0
0
0
1144
0
0
0
0
0
14280
0
0
13720
0
0
0
0
739024
0
0
0
0
0
0
0
0
0
0
0
0
0
0
0
0
274560
0
0
0
369512
0
0
0
0
0
0
0
0
0
0
0
0
0
0
0
0
2002
0
0
0
0
0
0
0
0
0
0
0
38896
0
0
0
0
0
0
0
572
352
0
0
0
0
0
0
0
22
1980
0
0
0
0
0
0
22
0
0
0
0
0
0
8008
0
0
0
180180
0
0
0
0
0
0
0
0
0
0
0
0
0
110880
0
0
540
0
0
0
0
0
0
0
0
0
0
0
1040
72
0
0
92
28800
0
1600
3080
0
0
880
2610
4004
0
0
0
0
184756
0
0
0
0
2970
0
0
0
0
0
0
0
0
0
0
0
0
0
0
0
0
0
0
16016
0
0
0
0
0
0
0
0
0
0
0
87516
0
0
184756
0
0
0
0
0
0
0
0
0
0
0
0
0
0
0
0
0
0
0
0
0
0
0
116424
0
0
252
0
0
3146
0
0
0
0
0
0
0
0
1980
25740
0
0
0
0
0
0
572
0
0
0
0
0
0
51744
0
0
24024
87516
0
0
0
0
0
0
0
0
0
0
0
0
0
0
0
0
0
0
0
0
0
0
0
0
0
0
0
0
0
0
0
6006
0
0
30
0
0
0
880
0
0
0
0
0
24310
0
0
0
0
0
0
0
0
0
0
0
0
0
194480
0
0
0
0
0
0
0
0
4004
0
0
12012
0
19200
0
0
132
0
0
0
0
132
0
0
0
0
0
0
0
0
0
38896
0
0
0
0
0
0
0
0
0
0
0
0
0
0
0
0
0
0
0
0
2
42
0
132
0
0
0
572
0
0
352
0
0
0
0
0
0
0
0
0
0
0
572
0
0
0
22
0
0
0
87516
87516
0
0
0
0
0
0
0
77792
0
0
0
0
3120
0
0
0
0
0
0
0
0
87516
0
0
0
0
0
0
0
0
0
0
0
0
0
0
0
0
0
0
0
0
0
0
0
0
291720
0
2002
0
0
2002
640
22
0
0
0
0
0
0
0
0
0
2400
0
0
6006
0
0
0
0
0
0
0
0
87516
0
0
0
0
0
38896
0
0
0
0
0
0
0
0
0
6006
0
0
0
0
0
0
0
0
14586
0
0
2002
0
0
0
0
0
0
682
0
60
0
0
10010
0
0
0
0
0
0
16016
0
0
38896
0
0
0
0
0
184756
0
0
0
0
0
0
0
178560
0
0
0
0
0
0
0
0
0
0
0
980
16016
0
0
0
0
0
0
682
0
0
0
739024
2
16016
0
0
0
0
0
0
0
0
0
0
0
0
0
0
0
0
6600
0
0
0
0
0
0
0
0
0
0
16016
0
0
0
0
0
0
0
0
0
0
2002
0
90090
0
0
137280
0
9720
0
0
0
0
6006
13860
0
0
0
0
0
0
0
0
0
0
0
0
0
0
0
0
2002
0
0
0
0
0
0
0
0
0
0
0
0
0
0
0
0
0
0
0
0
0
0
0
0
0
0
0
0
0
32032
6006
0
0
0
0
0
0
0
6696
0
0
0
0
852
0
0
18876
0
0
184756
0
0
0
77220
0
0
242
0
6006
0
0
0
0
0
0
0
0
0
0
0
0
0
0
0
0
0
0
0
0
0
0
0
0
0
0
0
87516
0
2002
0
0
0
0
2002
17160
0
0
0
0
0
0
0
0
550
520
0
0
0
0
0
0
0
252
0
0
0
0
0
38896
0
0
0
0
0
0
0
0
0
0
0
0
0
0
0
0
0
0
0
0
0
0
0
0
0
0
6006
0
0
0
0
0
14586
0
0
0
0
0
0
0
6006
0
0
0
0
0
0
0
0
0
0
0
0
0
0
0
0
739024
0
0
0
0
0
0
0
1122
0
0
0
0
0
0
0
0
0
0
0
4
0
0
12012
0
0
0
900
0
0
0
22
0
0
0
0
0
2610
0
0
0
0
0
0
0
0
0
0
0
22
0
0
0
0
0
0
0
0
0
0
0
0
0
0
0
0
0
0
0
739024
2
0
0
0
0
0
0
184756
0
0
0
0
0
0
0
0
0
0
0
0
0
0
6272
0
0
0
0
0
0
0
0
0
0
0
0
0
0
0
0
0
0
0
0
0
0
0
0
0
0
0
87516
0
0
0
739024
0
0
0
0
0
0
0
0
0
0
0
0
0
0
3168
0
0
0
0
0
0
0
0
0
0
0
0
0
0
0
0
87516
0
0
0
0
0
22
0
110880
572
0
0
0
0
0
0
88
88
0
0
0
0
0
0
200200
22
0
0
0
0
0
0
0
0
0
0
0
0
0
0
0
0
0
0
0
0
0
0
0
0
0
0
0
0
739024
0
0
739024
682
0
0
48048
0
0
0
0
0
672
0
240240
0
0
0
0
0
184756
0
0
0
12012
6006
0
0
0
0
0
0
0
0
0
0
0
60
0
480480
0
0
0
0
0
0
0
0
572
20
0
0
0
0
22
0
0
0
0
22
0
0
6006
0
682
184756
0
0
0
0
0
0
0
0
0
0
0
0
0
0
0
0
0
0
0
0
0
0
0
0
0
0
0
0
440
366080
0
0
0
0
0
369512
0
0
8008
0
0
0
0
0
0
0
2
0
0
990
16016
0
0
0
0
0
0
0
0
2160
0
0
0
0
2
0
0
5940
0
0
0
0
0
0
0
0
0
0
0
0
0
7056
0
0
0
0
60
0
40
0
0
0
0
87516
0
0
0
0
0
2160
0
0
0
0
0
0
0
0
184756
0
0
0
0
0
0
0
0
0
0
0
0
0
0
0
0
0
0
560
0
132
0
0
280
0
840
0
1144
0
0
572
0
0
2574
0
9900
0
0
0
0
0
0
0
5940
0
0
0
0
0
0
184756
0
0
0
0
0
0
132
0
0
0
0
0
60060
0
0
0
0
2
0
9724
0
0
0
0
0
0
0
0
0
0
0
0
0
366080
56
0
0
0
0
0
0
0
8
0
0
0
40
0
0
0
0
0
0
0
0
0
0
0
0
0
0
0
0
0
2
0
0
0
0
0
0
16016
0
0
0
0
0
0
0
0
369512
0
6006
0
0
0
0
0
352
0
0
0
0
0
0
0
144
0
0
0
0
0
0
0
0
0
22
0
90090
0
0
0
0
0
132
0
0
0
0
0
0
0
0
0
0
572
0
0
22
0
0
0
1980
0
0
0
0
0
360360
0
232848
16
0
0
0
0
0
0
0
38896
0
0
0
0
0
0
0
0
0
0
132
0
0
0
0
0
0
140
0
0
0
0
184756
0
0
0
0
176400
0
42570
0
0
0
0
0
0
0
0
0
0
0
0
2002
0
0
0
0
64680
0
0
0
0
0
0
0
0
0
0
0
0
0
0
0
0
0
0
0
0
0
0
0
1176
0
0
0
0
0
0
0
0
0
0
0
0
0
3080
0
6006
0
0
0
0
16016
0
0
0
0
0
0
0
16016
0
0
0
0
0
0
0
0
23100
0
0
0
0
0
0
0
0
0
0
0
0
0
0
0
0
0
8008
0
0
186
0
680
0
0
0
0
0
0
0
0
22
0
0
0
369512
0
2002
0
0
0
0
0
0
0
0
0
0
22
0
0
0
0
0
0
0
0
184756
0
0
0
0
0
0
0
0
0
0
0
0
0
0
0
0
0
1980
0
0
0
0
0
2
0
0
0
132
0
0
0
0
0
0
0
369512
0
2002
0
0
0
0
0
0
0
0
0
0
2002
0
0
296
169344
0
0
572
6006
560
0
0
0
0
0
0
0
0
0
0
0
0
0
0
0
0
0
0
0
2664
0
0
0
0
0
0
8008
0
0
0
0
0
0
0
0
0
0
0
0
0
0
0
0
0
2002
0
0
739024
0
0
0
0
0
0
0
0
0
0
0
0
0
0
0
0
0
0
0
0
0
0
216216
0
0
0
0
0
0
0
0
0
0
0
0
0
0
7056
0
0
0
0
0
0
0
0
0
0
3144
348
0
0
0
0
0
0
0
0
0
0
0
0
280
0
0
0
0
0
0
0
0
0
0
0
0
0
0
50050
0
0
0
0
0
0
0
0
0
0
0
0
0
0
0
0
0
0
166320
0
0
0
0
3146
0
0
0
0
0
1980
0
0
0
0
0
0
0
0
0
0
0
369512
0
0
0
43472
0
0
0
0
0
0
0
0
0
0
18810
19440
0
0
0
0
0
0
2002
0
0
0
1296
0
0
0
0
0
0
6720
0
0
36036
0
0
0
0
0
0
0
0
0
0
0
0
0
0
0
0
0
0
0
0
6006
6006
0
0
0
0
0
0
240240
739024
0
0
0
48
0
0
0
0
110880
16016
0
0
0
0
0
0
0
0
0
0
0
0
0
0
0
0
0
0
0
0
0
0
0
0
0
0
0
0
0
0
0
0
0
0
0
0
0
0
0
0
0
0
369512
0
0
0
0
0
0
18
294
0
0
0
0
0
0
0
0
0
0
1122
0
0
0
0
0
0
0
0
0
0
0
0
0
0
2
0
0
0
0
48
0
572
0
0
0
0
64
0
0
0
0
0
24024
0
0
0
0
20160
0
0
0
0
0
0
0
0
41756
0
0
0
0
0
0
0
0
0
0
0
0
0
0
0
0
51744
0
0
0
0
221760
0
0
0
0
0
0
0
20
0
20020
0
0
132
200
0
0
0
0
0
0
0
0
0
369512
0
38896
0
0
0
0
0
0
0
0
0
0
0
0
0
0
0
0
15360
0
0
0
0
4
0
0
0
0
0
0
0
0
0
0
0
0
38896
0
0
19448
0
0
0
0
369512
0
0
0
0
0
0
0
0
0
18
184756
0
0
0
0
6720
0
0
0
0
0
0
28800
0
0
0
0
0
0
0
0
0
0
0
0
0
0
0
0
0
0
0
0
0
0
320
0
0
0
0
0
0
0
0
0
38896
0
0
0
0
0
0
0
0
0
0
0
0
0
0
0
0
0
0
0
0
0
0
0
0
0
0
0
0
2
30
0
0
0
0
0
0
0
0
0
0
0
0
0
0
4928
0
0
0
0
0
0
0
0
6006
0
0
0
0
0
14
0
0
0
0
3146
0
0
0
0
0
0
0
0
0
0
0
0
0
0
0
0
0
0
0
0
0
0
0
0
0
0
0
6006
0
0
0
0
0
16016
0
13860
0
0
0
0
0
0
0
0
0
0
0
0
47520
18876
0
0
0
0
8064
0
739024
0
0
0
0
0
0
0
0
0
0
0
0
0
13860
1122
16016
0
0
32032
0
0
0
2002
38896
0
0
0
0
132
0
0
0
0
100100
0
0
0
0
0
0
0
0
0
0
0
0
0
0
0
0
0
0
0
0
0
0
0
0
0
184756
0
0
0
0
0
0
0
0
0
0
0
0
0
0
0
0
0
0
0
0
0
0
0
0
0
0
0
0
0
336
291720
0
0
1344
0
0
0
0
0
0
0
0
0
184756
0
0
0
0
0
0
0
0
0
0
0
0
0
0
0
0
0
0
0
0
739024
0
0
0
0
0
1280
0
0
0
0
0
0
0
0
0
0
0
0
0
25344
0
0
0
0
0
0
0
0
0
0
0
0
0
0
17160
33264
0
2
4
0
16016
0
0
0
0
0
0
0
0
0
0
0
0
350064
0
0
0
0
0
0
0
0
0
0
30030
0
16016
0
0
0
0
6006
0
0
116424
0
0
0
16016
0
0
0
0
0
0
0
369512
0
0
0
0
0
0
0
0
0
0
0
0
0
0
0
0
0
0
0
0
0
0
0
0
0
0
0
0
0
0
0
0
369512
6006
0
0
0
0
0
2002
0
0
0
0
0
0
0
0
0
0
6930
0
0
0
0
0
0
0
0
0
0
0
0
0
0
0
0
0
0
22
0
0
0
0
0
0
0
0
0
0
0
270
0
16016
0
0
0
0
0
0
0
0
0
155584
0
132
0
14
0
0
0
4800
0
0
0
0
0
0
140
0
0
0
0
0
0
0
0
369512
11440
0
0
0
0
84
0
0
38896
0
0
2040
0
0
0
0
0
0
0
0
0
180180
0
22
0
87516
0
0
59400
2200
0
0
0
0
0
0
0
6006
0
0
0
0
0
0
0
0
0
0
0
0
0
60
0
0
0
0
0
0
0
0
0
0
0
0
0
0
0
0
0
0
28314
0
0
5280
0
0
0
4800
0
0
0
2520
38896
0
0
0
0
0
0
0
0
112
0
0
0
0
0
0
0
0
0
0
0
0
0
0
0
0
0
0
30030
739024
330
0
0
6006
0
0
0
0
0
0
0
0
0
0
0
0
0
0
0
0
0
0
0
0
0
0
0
0
0
0
0
0
0
87516
0
0
28224
40040
2
0
1572
0
0
0
0
0
0
0
388960
0
0
6006
0
0
0
2464
0
0
0
0
0
0
0
0
0
120
0
0
0
0
0
0
0
0
0
0
0
0
0
0
0
0
184756
0
0
0
0
0
366080
0
0
0
0
0
0
0
0
0
0
0
330
77792
0
0
0
0
0
52
0
0
2080
0
0
0
0
0
8160
0
0
0
0
0
0
0
0
0
0
0
352
184756
0
0
0
22
0
672
0
0
0
0
342
0
0
0
0
0
0
0
0
0
38720
0
0
0
0
0
7150
0
0
0
13860
0
68640
0
0
0
0
0
52920
0
2288
0
0
0
0
0
0
0
0
0
0
0
0
0
0
0
0
0
0
56
115830
0
0
12
0
0
880
0
0
0
0
0
0
0
0
0
0
0
0
0
0
0
0
0
0
16016
0
0
0
0
0
0
0
0
0
0
2
14080
87516
14256
0
0
12144
0
0
0
0
0
0
0
0
0
0
1040
0
0
0
0
0
0
0
0
0
369512
0
0
0
0
0
739024
0
739024
0
0
5170
0
0
0
0
0
0
0
0
0
0
0
0
0
0
0
0
0
0
0
2002
0
0
0
0
504
0
0
0
0
0
0
0
0
0
0
0
0
0
0
0
739024
0
0
0
0
0
0
0
0
0
0
0
0
0
0
0
0
0
0
0
0
0
0
0
0
0
0
0
0
0
0
0
0
2002
6006
0
0
0
0
0
0
0
0
0
132
0
0
0
0
0
0
0
0
0
0
20
0
0
2002
0
0
0
0
0
184756
0
0
0
0
0
0
0
0
0
32032
0
0
0
0
0
0
0
0
1620
0
242
252
0
0
0
0
0
132
388960
0
0
12
16016
0
0
0
0
0
0
0
0
369512
0
0
0
0
0
0
0
0
7722
0
0
0
0
0
0
2
70
0
0
0
0
0
0
0
0
83328
4
0
0
0
0
0
0
0
0
0
0
0
0
4104
0
0
0
2002
0
0
0
0
0
0
0
0
2002
0
0
0
0
0
0
0
0
17640
0
0
0
0
0
0
0
0
0
27720
0
0
0
0
0
0
0
0
0
0
0
0
0
0
0
560
0
0
128
0
0
0
0
0
0
18876
0
0
0
0
0
0
0
0
0
0
0
0
0
0
0
38896
0
0
0
0
108108
0
0
0
0
0
0
0
0
0
0
0
0
0
572
0
0
0
0
0
0
0
0
0
1764
0
0
739024
0
0
0
184756
0
0
0
369512
0
0
0
0
0
252
0
0
0
0
0
0
0
0
1400
184756
0
72
0
0
0
0
22
0
0
0
0
0
0
0
19404
0
0
0
0
0
0
0
0
0
177408
1760
132
0
739024
0
0
0
0
0
0
0
0
0
0
0
0
23760
0
110880
0
10
0
0
0
0
0
0
0
0
0
422
360360
0
0
0
0
0
0
0
0
0
369512
0
42
0
16016
0
0
0
0
0
0
0
0
0
0
0
0
0
4
0
22
0
72
0
0
0
0
0
0
0
0
0
25200
0
0
0
0
0
0
0
0
0
90090
0
0
0
0
0
0
0
0
0
0
0
0
6006
0
0
0
0
0
0
0
0
0
0
0
4004
0
0
15444
0
0
0
0
0
0
232848
0
0
0
0
0
0
0
0
0
0
0
0
739024
0
0
0
0
0
0
0
0
0
0
0
0
0
0
0
4
0
0
240
0
0
0
0
0
0
184756
0
0
0
0
0
0
0
0
0
0
0
0
0
2002
0
0
0
8096
0
0
0
0
18
0
0
0
739024
0
0
0
0
0
0
0
0
0
0
0
0
0
0
184756
0
0
0
0
0
0
0
2002
0
184756
0
0
0
739024
0
0
0
0
0
0
0
0
0
0
0
0
0
0
0
0
1320
0
27720
0
0
0
0
4004
0
0
0
0
0
0
0
422
1122
0
572
0
0
0
0
2
128700
0
0
0
0
0
0
0
739024
45760
0
0
0
0
0
0
0
0
0
38896
0
0
0
0
0
0
0
0
0
0
0
0
0
0
0
0
0
0
0
22
0
0
0
0
0
0
0
0
0
0
0
112
6006
8008
0
0
0
0
0
0
0
0
0
0
0
0
0
0
0
0
0
0
87516
0
0
2508
0
0
0
0
0
0
0
0
0
0
0
0
0
0
0
0
0
0
0
0
0
0
16016
0
132
0
0
0
0
0
0
22
0
56
0
0
4004
0
0
0
0
0
0
0
0
0
0
0
0
0
0
6006
0
0
0
0
0
0
0
0
0
0
0
0
0
0
87516
0
0
0
0
0
0
0
0
252
0
0
0
0
0
38896
0
0
0
0
0
0
558
0
0
0
0
0
0
91520
0
0
0
0
0
0
0
0
0
0
0
0
0
0
2002
0
0
0
0
0
0
0
0
0
13200
0
0
0
0
0
0
0
0
0
0
0
0
0
0
0
0
0
0
0
242
0
0
0
0
0
0
0
0
0
0
0
0
0
1296
87516
0
0
0
0
91520
0
0
0
0
0
0
0
0
0
0
40040
0
0
0
0
0
0
0
54054
0
0
0
0
0
0
0
0
22
0
132
0
0
0
0
23760
0
0
0
0
4
880
0
8008
155584
0
0
0
572
0
0
0
3146
0
0
0
0
0
0
30
0
0
0
0
0
168
0
369512
0
0
0
0
74088
0
0
0
0
0
0
0
0
924
0
184756
0
0
0
0
0
0
10
0
0
0
0
0
0
45760
0
0
0
0
0
0
0
0
0
68640
0
52920
0
0
0
0
0
0
0
0
0
0
0
0
38896
0
0
0
0
0
0
0
0
0
0
8208
4620
0
0
0
0
0
0
0
0
0
0
0
0
0
0
0
0
0
0
0
19344
0
0
2
0
0
739024
0
0
60
0
0
0
0
0
0
0
0
0
0
3762
0
0
0
0
739024
0
0
184756
0
0
0
0
0
0
0
0
32032
0
0
4
0
0
0
0
0
12
0
0
0
0
0
0
0
0
87516
0
0
0
0
0
739024
0
0
0
0
0
16016
0
0
0
0
3080
0
0
0
0
0
0
0
0
0
0
0
0
2
12012
0
0
0
0
0
0
38896
0
0
0
0
0
0
0
0
0
0
0
0
0
0
0
0
6480
0
2280
850
184756
0
0
0
924
0
0
704
0
0
0
0
0
0
0
0
0
0
0
0
0
0
0
0
0
0
0
0
0
0
0
354816
54
0
0
0
0
0
739024
0
0
0
0
132
0
0
0
0
0
0
0
0
0
0
0
0
194480
0
0
0
87516
0
0
0
0
0
0
0
0
0
0
1980
896
0
0
0
0
0
2
0
0
0
1320
0
0
0
0
0
0
0
0
0
0
132
0
0
0
0
0
0
0
38896
0
0
0
0
184756
0
739024
0
0
0
0
0
132
0
0
0
0
0
2288
0
0
0
0
0
0
0
0
0
0
0
0
168
0
0
6006
0
132
0
0
0
0
0
0
160
0
0
0
369512
330
0
0
0
0
0
0
0
0
0
0
0
0
0
0
0
184756
0
0
0
0
0
0
60
0
0
0
0
0
0
0
0
0
0
8
0
0
0
0
0
0
0
0
0
572
0
132
0
0
0
0
38896
0
0
0
0
0
0
0
0
0
0
0
0
0
0
0
0
0
0
0
0
0
0
0
0
0
0
0
0
0
0
0
0
0
0
0
0
0
0
280
210
0
0
0
224
0
0
0
0
0
0
0
0
0
0
0
0
0
0
0
42
0
0
0
0
0
0
0
0
0
0
0
0
0
0
0
0
0
432
0
0
0
0
0
0
0
0
0
0
0
0
0
0
0
0
396
0
0
0
184756
0
0
0
0
0
0
480480
0
0
0
0
0
0
0
0
0
0
0
0
22
87516
0
0
0
0
0
0
0
0
0
0
0
0
0
0
0
0
0
0
0
132
0
0
0
0
0
0
5544
0
0
2002
0
0
0
0
0
0
0
0
0
0
0
0
0
0
0
0
0
0
0
0
0
0
32
0
0
0
0
0
0
0
0
0
0
1764
0
0
0
4950
0
0
0
0
56
0
900
0
0
0
0
0
0
0
0
0
0
132
0
0
0
0
0
0
0
0
0
0
0
0
0
0
0
0
0
0
0
0
0
87516
0
0
0
0
0
0
55440
0
0
0
0
0
0
0
0
0
87516
0
0
0
0
0
0
0
0
0
0
0
0
0
0
0
64064
0
0
60
132
490
0
0
0
0
0
15840
0
0
0
0
0
0
0
0
0
0
0
0
0
0
0
4004
0
0
38896
0
0
0
0
0
0
0
0
0
0
739024
0
0
0
4004
1344
0
0
0
12600
0
0
0
0
6006
116424
0
0
0
0
0
0
0
0
0
0
0
0
60
0
0
0
4
0
0
0
0
0
0
0
0
0
0
0
145860
0
0
0
0
0
0
0
0
0
0
0
0
40040
0
0
369512
0
3146
0
6006
0
252
0
0
0
132
0
369512
3060
0
0
0
0
0
0
0
0
0
0
0
0
0
0
0
0
0
0
0
0
0
0
0
0
0
0
0
0
0
0
0
0
0
0
0
0
0
0
0
0
0
0
0
0
0
0
0
0
0
0
0
369512
0
0
6006
0
0
0
0
0
0
0
2
0
0
16016
0
0
0
0
0
0
0
0
0
2160
0
0
0
14
0
0
0
0
0
0
0
0
0
0
0
0
0
0
0
0
0
0
0
20
0
0
0
0
0
0
0
0
0
0
0
0
0
0
0
0
0
0
0
129360
0
0
184756
0
0
0
16
0
0
0
0
38896
0
0
572
0
0
0
0
0
0
0
0
0
0
0
0
0
0
0
0
0
17160
0
0
0
0
0
0
0
0
0
0
108108
0
0
0
0
0
280
0
3146
0
0
0
0
0
0
18876
0
0
0
0
0
0
0
0
0
0
0
0
0
0
0
0
0
0
0
0
0
0
510
0
0
0
0
0
0
0
572
0
0
0
0
0
0
0
184756
0
0
0
0
0
1280
0
87516
0
77792
3146
27720
0
0
0
0
0
0
0
22
38896
0
0
3920
3520
0
0
0
0
0
0
0
0
16016
0
0
0
0
0
0
0
0
145860
0
0
0
116424
0
0
0
0
0
0
0
0
0
0
0
0
0
4004
0
0
0
0
0
2002
16
0
0
0
0
23760
0
2002
38896
0
0
145860
5040
0
0
0
0
0
0
0
0
0
0
0
0
0
0
0
22
0
0
0
0
0
0
0
0
0
0
0
0
0
0
0
0
0
0
0
0
0
6006
0
0
0
0
38896
0
0
0
54
0
87516
0
0
0
0
0
0
0
350064
0
0
2002
0
0
20020
0
0
2
0
0
0
0
0
0
0
0
0
0
0
0
0
0
0
0
0
0
0
0
0
0
0
0
0
0
0
0
0
0
0
0
369512
0
132
0
0
0
0
0
0
0
0
0
0
0
0
0
0
0
0
5170
0
0
0
0
0
0
132
0
2100
850
0
0
0
0
0
0
0
0
0
0
0
0
0
40040
0
45760
0
0
0
0
168
0
0
0
0
0
22
0
0
0
0
2520
0
0
0
1320
0
0
0
0
0
0
0
6006
0
0
154440
2
0
22
0
2002
0
0
0
0
0
0
0
0
0
0
0
0
0
0
0
0
739024
0
2640
0
0
0
0
0
0
14586
0
0
0
0
0
0
0
0
92
0
0
0
0
0
0
0
0
0
0
0
0
0
0
0
22
0
38896
0
0
0
0
0
0
0
1764
0
0
0
0
0
0
0
0
132
0
0
4004
0
0
0
0
0
0
0
0
0
0
0
242
0
0
0
0
0
0
0
0
0
0
0
0
0
1040
0
0
0
0
0
2
0
0
0
40
0
0
312
0
369512
2394
0
140
0
330
0
0
0
0
0
0
0
739024
0
0
55440
0
0
0
0
0
0
0
0
0
0
0
0
560
0
0
0
0
0
16016
0
0
0
0
0
0
0
0
0
0
0
0
0
0
0
0
0
0
0
0
27216
0
0
0
0
0
739024
440
0
0
0
0
0
4050
0
0
0
24310
0
0
0
572
0
0
0
0
0
123552
0
0
0
0
0
0
0
0
0
572
0
0
0
672
0
0
0
0
0
0
0
0
0
0
0
0
0
0
0
0
0
1144
0
0
0
4104
0
0
0
0
0
0
0
0
0
0
0
0
12
0
0
0
0
0
0
0
0
0
1140
0
0
0
0
132
47520
0
0
0
0
0
0
0
0
13104
0
0
0
0
82368
2
0
572
0
0
0
0
0
0
0
0
0
0
0
0
0
0
0
0
0
0
0
0
0
0
0
0
0
0
0
0
0
0
0
0
0
0
0
0
0
0
0
0
0
0
0
0
0
0
0
180
0
0
0
11880
0
0
0
0
0
0
0
0
0
0
0
0
0
0
0
0
0
0
0
42
6006
0
0
369512
0
0
0
0
0
0
0
0
0
0
0
0
0
0
0
0
222
0
0
739024
0
0
0
0
0
560
0
0
0
0
0
0
0
0
0
0
0
132
0
0
0
2002
0
0
0
0
0
0
0
0
0
1890
0
132
50050
0
0
184756
0
0
0
0
0
0
0
0
0
0
87516
0
0
0
0
0
18876
0
0
0
0
352
0
0
13728
132
0
0
2002
0
0
0
0
0
0
0
0
0
0
0
0
3080
0
0
0
0
0
20
0
0
0
0
0
0
0
0
0
0
0
572
0
0
0
0
0
0
0
0
0
0
0
0
0
0
0
0
2002
87516
0
0
41580
0
0
0
0
0
0
0
0
0
0
0
0
0
0
0
0
0
0
0
0
0
0
0
0
0
0
0
38896
42
0
0
0
24024
0
0
0
0
0
0
0
0
0
0
0
10
0
0
0
0
0
0
0
0
0
0
0
0
0
0
0
0
0
0
0
0
0
0
183040
0
0
0
0
369512
0
0
11880
0
0
0
0
0
0
0
0
0
0
369512
2002
739024
2
72
0
0
0
0
2
0
0
0
0
680
0
0
0
0
0
0
0
0
0
0
0
0
2002
18810
0
0
0
0
56448
0
137280
572
0
0
0
0
0
0
184756
0
0
0
0
0
0
0
0
0
0
0
0
572
0
0
0
0
0
572
0
0
0
0
0
0
0
0
0
0
0
0
0
0
0
0
0
0
0
0
0
0
0
880
87516
0
0
0
0
0
4004
0
0
0
0
0
0
572
6006
2464
0
0
0
0
0
0
0
0
0
0
0
0
0
0
0
0
0
160
184756
0
0
0
0
0
0
0
0
0
0
0
0
0
0
0
0
0
0
0
0
0
0
0
252
0
0
0
0
946
0
184756
0
0
0
0
0
0
0
0
0
0
0
0
0
0
0
0
0
0
0
369512
0
2002
0
70560
12012
0
0
0
0
0
0
0
0
0
0
0
0
0
0
0
0
0
0
0
0
0
0
0
0
0
0
0
0
0
0
0
0
0
0
0
0
0
0
0
0
0
0
0
0
0
0
0
572
68640
0
0
0
0
0
0
0
0
0
0
0
369512
0
0
0
0
0
38896
0
0
0
0
0
0
0
0
2002
0
0
0
0
0
0
0
0
0
0
12012
0
108
0
0
0
0
0
8910
0
0
0
132
0
54912
330
0
0
0
0
0
0
0
0
0
0
151200
0
0
0
0
0
0
0
0
0
0
0
0
0
0
0
0
0
38896
0
572
0
0
0
0
0
0
0
0
0
0
739024
0
2002
0
0
0
0
0
0
0
0
0
0
0
0
0
0
0
0
176
0
0
0
0
0
0
0
0
0
0
0
0
0
1584
0
16016
87516
0
0
0
19448
0
0
0
0
0
739024
25740
0
0
0
0
0
0
0
0
0
0
0
0
0
132
16016
0
0
0
0
0
0
0
0
0
572
0
0
0
0
0
0
0
0
0
0
0
0
0
0
0
0
0
0
0
18144
0
0
0
0
40
10
0
0
87516
0
54432
0
0
0
0
0
0
0
0
0
0
8008
0
0
0
0
0
0
0
18876
0
0
0
0
0
0
0
3080
0
0
0
0
0
17424
0
0
0
0
0
41160
0
0
0
0
0
0
6006
0
0
0
0
0
0
120120
0
0
0
0
0
0
0
572
0
0
184756
0
0
0
142560
0
87516
0
184756
0
0
0
0
0
0
0
0
0
0
465696
210
0
0
0
0
0
0
0
0
0
0
0
0
0
0
0
0
0
0
60480
0
0
0
0
168
5040
0
0
0
0
0
0
0
0
0
0
0
0
0
0
73920
0
0
22
0
132
0
0
0
0
0
0
540
8008
0
0
0
924
0
0
0
0
0
0
0
0
0
0
0
0
0
0
184756
0
0
0
0
0
87516
0
0
0
0
0
0
0
0
0
0
0
0
0
0
0
0
572
0
0
0
0
0
0
0
0
0
0
0
0
0
0
0
0
0
0
0
0
270
0
0
0
26334
0
0
7040
0
22
0
0
0
0
0
0
40320
2002
0
0
0
22
0
0
0
0
0
2
572
0
0
6006
0
0
0
0
0
0
0
0
0
0
0
0
0
0
0
0
6006
0
0
0
0
38896
0
369512
0
0
0
0
0
0
0
0
0
0
0
0
10
0
0
0
0
0
0
0
0
0
0
0
0
0
0
0
0
87516
0
0
10010
0
0
0
0
0
0
0
0
1350
0
0
0
0
0
0
0
0
0
0
0
0
0
0
0
0
16016
0
0
0
0
0
0
0
0
0
0
0
0
0
0
0
0
0
0
0
0
38896
0
0
0
0
0
0
0
0
0
0
0
0
0
8
0
12870
0
0
0
0
0
0
0
0
0
0
0
0
0
0
0
0
990
0
0
0
0
0
0
0
0
0
0
0
5544
0
0
0
0
0
0
0
0
22
420
0
0
0
16016
0
0
0
16016
0
0
0
0
0
0
0
0
0
0
0
0
0
0
0
0
0
0
0
184756
0
0
0
0
0
0
0
0
0
0
0
0
0
155584
0
0
1152
0
0
572
0
0
0
0
0
0
1320
0
0
0
0
0
0
0
0
0
352
0
0
0
0
0
0
0
0
0
0
0
0
0
0
0
0
0
0
0
0
0
8866
0
55440
0
0
0
0
0
0
0
184756
0
0
1856
0
0
0
0
0
0
6006
0
0
0
0
0
0
0
0
0
0
0
0
0
0
648
0
0
2002
0
0
0
0
0
0
7150
0
0
8400
0
0
0
0
0
0
0
0
0
0
0
0
0
0
0
0
0
0
0
0
0
0
0
0
0
0
0
0
0
0
0
0
0
0
0
0
0
0
0
0
0
0
2
0
2
0
0
0
31680
0
0
0
0
0
0
0
2002
0
300
0
0
0
0
0
0
0
0
0
0
0
0
369512
0
0
16016
0
0
0
0
0
0
0
0
0
0
0
0
2640
0
0
16016
0
0
0
132
0
0
0
0
0
132
0
0
1200
0
0
0
16016
0
0
0
0
0
0
0
0
0
0
0
0
0
6006
0
0
0
0
0
0
0
0
0
0
0
0
0
0
0
0
0
0
0
0
369512
0
0
0
0
0
38896
0
0
0
0
0
0
0
20020
0
30720
0
0
0
0
0
0
0
0
0
572
16016
0
0
0
0
0
0
0
0
87516
0
1016
184756
0
0
0
0
0
0
0
0
0
0
0
0
0
0
0
0
0
0
0
0
0
0
38896
0
3564
0
0
528
132
0
184756
0
0
0
10868
0
0
0
0
0
0
0
0
0
0
0
0
0
0
0
0
0
0
0
0
0
0
0
0
0
0
0
0
0
0
184756
0
0
0
0
0
0
0
0
0
0
0
0
0
0
20
0
0
0
0
0
2002
0
0
0
0
0
0
64
0
0
0
0
184756
0
0
0
0
0
0
22
0
0
0
0
0
0
38896
0
0
0
2
0
0
0
1760
0
0
480480
0
0
0
0
0
0
0
2
0
0
1440
0
0
0
0
0
0
0
0
27456
0
0
0
0
0
0
0
0
1440
0
0
0
0
0
0
0
0
0
87516
0
0
0
0
0
0
2
0
0
0
6
0
0
0
0
0
0
896
0
0
0
0
0
0
0
0
0
0
0
0
0
0
0
4
0
0
0
0
20
0
0
0
0
0
0
0
0
2
0
0
0
0
120
0
0
0
0
0
0
0
0
0
0
0
2
0
0
0
572
0
0
0
0
0
0
92
280
77792
0
0
6006
0
0
0
0
0
0
0
0
0
48
0
0
87516
0
0
0
0
0
0
0
0
0
0
0
0
0
0
