120
8400
720
72
3840
480
16
168
180
320
896
180
420
48
48
112
3600
160
480
6
32
48
280
240
120
240
192
576
12
48
1440
384
160
18
192
480
32
176
1536
80
22680
360
2688
3888
60
3840
10
1600
5600
1728
216
384
256
210
176
5400
144
3360
108
0
4
72
48
768
6912
24
96
48
10368
30
2880
0
576
360
48
1440
480
0
1800
120
4224
672
126
13440
20
288
0
180
576
48
1944
128
640
144
560
36
540
576
0
12
240
576
1120
48
10
48
224
48
48
108
1728
288
2688
8400
360
2304
480
288
18000
240
384
72
1680
880
0
32
32
4800
1152
2592
720
480
24
60
120
80
180
810
480
864
432
2376
720
48
60
720
32
20
0
12
96
48
40
13824
6
880
2400
60
3360
8
420
24
0
0
36
420
280
48
0
144
2520
216
1536
540
34560
720
560
8064
6480
38880
12
12
360
1440
4
36
3120
1152
2
1620
42
30
3456
96
72
192
0
8
108
960
6
240
128
1152
144
192
31104
0
960
24
9072
120
56
14
1920
24
14400
17280
43200
48
0
144
288
480
384
216
440
624
2160
0
960
64
2592
176
54
1260
1080
672
24
1764
9504
2304
16
960
96
64
6
576
168
4032
1680
640
40
32
0
84
240
2160
16
8
0
672
512
1792
84
192
72
840
1440
288
20160
288
180
360
288
12
40320
4
1024
2304
3120
96
2880
1080
480
72
3240
512
288
3600
1296
1440
960
40
96
8400
600
960
2400
14256
864
3456
768
0
480
16
192
56
20736
48
720
48
8
12
23328
256
312
252
1920
12
2160
576
12
2
96
480
96
144
216
480
32
600
1008
360
768
896
4608
1296
12
72
3360
48
6
24
6480
24
2688
1440
144
8640
3840
324
864
144
224
432
192
4
144
2688
192
48
1152
0
6
4480
60
24
0
54
96
324
64
576
64800
7776
80
336
128
2700
96
60
28
1440
0
4536
216
5040
360
24
60
720
6480
80
1470
8
112
2100
0
16
2016
72
25920
32
16
768
216
24
40
112
96
100
180
40
900
324
0
96
288
200
12
72
270
144
2520
240
896
320
320
0
2376
48
4608
0
288
7776
6
2592
384
560
3584
5040
1152
24
144
4320
16
64
8
4
0
900
1152
1536
450
42
48
16
60
3240
48
1512
11200
1680
80
108
4
5040
384
2560
108
19440
192
32
2592
18
528
60
2560
144
12600
72
160
192
756
5760
320
576
360
60
1260
8
64
240
72
288
252
1600
432
24
168
96
720
840
432
56
16
144
2304
40320
120
3456
528
16
18
60
616
280
192
48
264
72
48
216
72
7680
54
240
96
1344
90
96
3840
320
0
28
24
4
48
6048
360
1536
88
192
84
1200
540
352
320
48
96
100
1536
2
80
4290
96
0
192
4
32
2400
144
12
12960
128
1920
120
8
60
128
768
120
0
2
48
30240
3136
1728
432
512
96
0
8
4608
216
48
42
96
4480
252
432
216
288
1920
5760
432
32
384
1920
640
360
96
6
60
0
288
6720
240
840
12
320
1080
1728
48
0
2
420
120
1440
7680
12
144
10080
840
160
0
8
3840
336
0
24
576
8
64
1728
400
384
432
7680
96
336
5400
2592
24
840
1008
4200
864
400
224
576
120
10080
40
30
540
384
1400
48
36
160
24
15120
1120
144
6300
2
1260
40
2016
192
21000
12
2
96
12
16
896
0
22
384
144
40
252
72
24
270
896
432
24
3780
0
1280
1440
16
5400
48
2880
12800
1008
864
216
588
14
4
18
72
1152
576
576
11664
0
216
24
64
540
144
6
4
1728
72
64
8
624
3780
24
480
504
120
12
60
2016
132
160
36
288
4
0
192
1872
160
12
18
40
432
128
16
216
648
48
64
1440
48
1024
216
13440
12000
132
192
216
1440
8
288
3960
320
24
3456
560
0
80
120
12
24
36
2
64
5400
300
24
20
6
192
840
648
288
24
672
10
80
96
192
660
840
180
2160
324
108
6
288
960
2800
64
576
1200
768
1440
14
48
1280
240
0
40
336
24
72
12
80
456
30
576
5760
36
1944
20
2
12
19200
648
360
48
312
96
336
1920
16
900
480
42
480
32
256
160
270
16
1296
1152
1920
144
270
160
3360
60
0
240
0
320
72
60
14400
180
28800
12
36
1536
1260
240
96
144
96
4536
144
8
19440
144
384
1620
864
8
240
8
256
96
560
80
864
60
1152
196
540
96
2688
36
320
144
12960
192
280
1440
240
80
192
8
600
2880
288
3888
2592
1920
1152
180
0
36
32
8
576
72
13824
8
16
22176
56
720
4
72
24
80
15120
128
43008
168
16
1680
1584
84
4752
864
40
704
0
1920
180
720
352
720
192
900
288
64
8
42
1280
1008
24192
720
32
576
168
2880
48
4
648
216
2592
96
216
144
14400
378
3888
960
1650
168
360
256
3600
0
120
72
24
36
33264
4800
20592
240
48
5376
168
1944
96
96
36
64
120
2016
720
64
96
480
56
576
8
72
18
320
2880
288
12
48
672
1408
360
160
280
2400
960
1260
256
180
1344
504
28
16
240
288
576
2560
56
5760
10976
64
90
3200
192
1152
864
40
0
384
168
36
8
972
144
24
3072
528
90
3240
8640
36
28672
600
1512
8
0
4800
12
2880
216
36
5400
48
8
144
3360
540
20736
168
1152
7488
2160
1728
12
480
192
10
4320
3696
4
20736
0
80
1008
768
672
504
5400
42
180
576
48
18
36
6
2160
144
48
5184
72
480
128
6912
16
312
800
5280
60
20
432
44
1728
64
360
288
5760
16
96
2520
528
128
128
96
2592
432
462
32
1728
5760
42
14400
480
840
128
5376
16
48
180
8
840
440
960
2880
720
8
72
1512
108
168
360
2880
216
64
1536
480
72
336
72
768
960
240
336
8640
210
60
432
216
64
1080
144
660
18
1152
30
72
3744
2304
120
12
18
48
7560
24
560
5184
96
36
64
384
144
12
2592
144
4032
416
240
24
5760
24
0
144
30
72
16
96
288
9072
32
1008
572
120
96
64
36
432
882
108
972
64
960
378
132
1536
128
288
384
54
192
54
40
42
8
0
4608
8
252
216
24
400
720
104
1680
432
12
840
112
120
11664
16
8
24
12960
96
72
19440
108
48
120
7776
420
2688
160
576
8
0
2240
216
0
160
80
288
12
640
360
3360
1440
2304
200
96
192
288
240
864
720
576
48
640
1440
528
32
192
144
1120
372
480
1440
10080
5040
8400
1080
1536
90
36
24
792
12
720
1152
768
4480
64
48
2880
600
720
0
480
17280
0
324
192
72
10800
128
288
360
3840
540
4
160
0
144
28800
1008
60
220
32
576
80
48
84
60
12
16200
36
240
8
28512
48
144
192
5184
128
96
160
20
2
8
1512
864
120
32
12960
240
64
1200
0
960
240
240
96
2
80
576
240
288
0
2
288
3360
4
96
416
4
32
48
16
64
2160
144
2
108
3360
1800
0
16
22
720
3200
128
112
60
48
24
1800
176
864
960
72
432
200
256
24
1344
144
672
5760
672
35280
40
1536
1120
1728
480
1120
24
5040
120
192
0
4
144
12
120
1080
672
28
864
72
72
648
2016
0
96
12
240
1512
1008
240
4
20
128
432
1440
24
576
36
2160
784
216
36
13104
648
108
896
4
48
128
1152
48
1960
16200
3456
80
48
1344
5040
108
84
2304
2880
480
2
108
960
192
6
24
512
2304
16
6144
72
8
72
180
36
60
60
288
5376
48
480
72
4
108
280
14400
2880
180
1080
240
54
80
2520
192
144
504
384
16
48
8
12
8
480
96
192
540
36
5376
972
8
24
648
120
84
72
1344
144
0
11520
216
576
440
0
1296
768
5760
8
1440
12
2
288
36
96
24
36
336
66
16
400
160
864
256
216
336
3600
1512
320
1200
8
1344
128
24
840
768
960
6
2592
288
1344
12
10368
120
2400
1008
216
1536
2160
96
24
432
12
20
320
1080
1008
224
90
3456
20
144
2496
1440
96
336
24
200
5760
720
128
320
256
144
3840
60
7776
1800
24
720
32
156
160
384
336
2640
540
3888
720
48
20
1260
5760
2688
6
20
270
8
512
1440
80
150
192
240
440
80
20
3600
128
16
384
64
1122
8
24
1024
12960
48
96
2400
5760
8
1458
1536
16
144
90
0
1728
11232
4320
160
120
192
264
60
0
960
4800
48
12
80
960
5760
800
80
30
6
560
3456
18
84
144
216
1440
36
1344
720
784
378
360
480
576
864
28
448
36
660
60
28
90
162
600
400
24
1728
5760
288
5760
25200
336
8
2520
288
12
128
240
168
144
2
180
0
144
36
4
1584
24
320
480
240
18
8064
120
72
120
484
60
20
96
160
1680
80
360
108
60
90
1344
1152
96
0
224
6912
80
480
24
15360
4480
12
2
1024
6912
720
240
0
36
576
16
160
480
48
8
9072
288
144
288
432
8
432
36
360
8
540
3840
192
648
72
1440
60
32
216
640
2592
648
384
9000
12
16
1152
9216
4536
28
480
30240
48
160
672
96
1920
0
20
1152
1152
5760
1728
480
384
1920
480
1440
24
16
96
432
2016
1920
0
2520
192
8064
192
720
12
256
540
432
46080
7560
15120
1440
5760
7680
16
2304
4608
96
100800
320
18
12
12
6400
12
18
48
864
48
200
3456
2
4
24
288
800
72
60
12
8
3072
16
144
288
4
640
1560
9216
144
1440
1152
17280
3360
720
1200
12
576
7776
720
16
160
144
160
40
3584
480
0
192
32
2304
1152
1600
180
416
576
280
360
5120
240
64
4536
96
240
7168
3528
48
24000
1440
0
1600
2400
132
72
4608
80
840
1800
288
192
240
2688
384
2880
72
600
24
96
288
720
1152
192
960
4
0
840
12960
720
240
96
90
30
896
20160
5760
504
440
704
0
0
792
16
80
3072
352
16
0
2304
56
576
160
8400
12
40
126
480
3840
12
960
72
432
36
432
5040
3360
6
300
8
480
12
480
6
72
240
960
3240
24
16
0
192
8
20
0
1440
144
4800
2592
1920
90
192
56
1152
8
24
1728
0
16200
1280
288
0
144
72
79380
480
1536
0
576
108
192
16
96
56
768
576
9000
96
80
128
32
20160
160
384
64
4
36
96
96
4
32
72
288
1080
432
360
1008
48
288
360
8640
60
1728
168
40
2160
960
4608
144
80
144
3360
1920
896
8
4
540
600
11520
1248
160
8640
3456
240
1728
96
18
8
240
80
192
320
300
432
280
4
960
96
12
192
120
0
1008
480
128
240
360
6
10800
160
0
252
1080
768
48
1008
8064
360
40
67200
216
11664
160
6
648
720
84
144
16
18
18
14400
630
3840
1920
36
16
88
1200
768
1152
24
240
216
480
10368
40
1280
4
960
40
210
100
0
128
336
96
2400
6720
32
8
864
40
96
8
288
160
24
1386
2160
2160
84
400
32
576
270
300
1008
324
96
56
720
896
20
360
2400
1440
144
600
1456
12
1440
48
2880
120
8
48
15120
84
194040
2520
120
480
384
2800
8960
33600
3456
16
8640
24
20
36
64
6048
1024
10368
4608
1056
2
4
48
312
64
128
4
1440
20
400
120
0
96
480
360
72
40
30
128
4
4992
6
432
36000
82368
0
2592
960
720
180
3240
0
126
5040
64
24
60
528
144
24
1008
4320
128
48
56
44
24
96
1536
6480
384
4320
432
1728
96
720
24
144
64
24
54
6
64
48
384
112
288
5280
1440
144
360
32
0
1568
4320
0
240
2688
672
576
3456
96
48
2880
588
48
72
384
96
432
960
240
720
960
576
3072
60
64
288
1920
120
288
12
192
720
504
192
192
864
768
0
48
864
24
700
11200
2
1920
240
4320
60
96
24
112
24
192
3360
1440
1800
252
3456
108
960
336
480
48
972
24
40
120
3456
144
432
0
144
1440
9720
24
24
256
504
0
24
9600
756
2304
48
48
96
72
1120
64
128
4320
0
48
180
144
672
16
4800
0
2880
84
4
24
4
96
384
240
36
14400
432
720
24
320
216
540
36
0
54
0
630
6720
160
7200
256
960
192
48
360
180
48
32
1800
384
5760
5376
36
1512
3888
1296
160
24
32
648
12
192
56
2160
16000
0
480
1152
7920
96
1092
32
288
8
64
2160
6
24
6480
24
36
24
64
96
240
1080
192
330
0
4
1728
2
0
72
1200
1920
3200
40
2304
660
90
80
13440
240
960
54
1080
36
16
256
640
4608
120
11520
640
18000
160
100
12
7200
96
176
80
6480
24
8640
6
120
504
1152
896
784
12
432
96
196
180
640
120
864
6048
8
3024
3072
16
120
90
960
180
96
12
36
768
1260
7776
48
832
720
30
36
5376
12
200
40
360
0
0
1440
576
96
72
48
3456
0
64
24
48
264
6
480
24
7680
288
1152
2240
1440
144
5120
2016
1600
8
432
288
360
12
144
6480
270
896
360
2160
24
96
384
192
288
3240
144
192
2080
576
256
1152
36
64
144
4608
48
4032
0
48
1920
120
12
0
128
360
6
2592
360
576
16
0
10080
48
24
1152
160
36
108
960
1728
448
96
98
360
12
1620
48
24
18
80
30
24
9600
7200
48
27456
1728
4480
672
40
270
1728
56
360
90
4
288
48
14400
28800
288
756
16
624
288
60
24
12096
60
96
4
24
528
36
432
88
896
2304
1440
3240
480
2496
36
0
3456
32
72
3600
108
5376
144
180
120
0
0
252
360
120
48
120
2016
480
800
120
1440
12
1440
0
576
192
4096
216
576
168
60
36
9600
48
168
80
160
960
4
280
256
1056
224
60
180
384
896
20
512
2880
960
80
96
1800
160
960
42
3840
54
40
672
2880
1344
240
7200
80
1320
2400
36288
1536
80
20
5760
3060
112
336
4
1280
972
180
832
32
36
8000
240
1728
0
252
320
0
96
24
960
224
48
24
10080
11760
24
40
8400
3600
1890
1440
10080
240
38016
20
1152
80
252
192
2880
1680
72
400
0
0
12
3200
32
2916
1920
2304
0
4480
51840
672
36
900
72
2880
0
22176
38880
3780
1440
2002
168
180
90
24000
4
48
2
8400
48
80
96
6048
1920
240
900
4800
432
64
896
36
2880
200
384
1248
4
48
40
576
12
1296
72
24
1152
4320
2400
2
480
1152
8640
24
576
72
144
2160
0
12
1080
480
216
192
432
5184
504
4320
72
2700
216
576
192
384
0
48
720
48
96
1440
12
144
96
12
2394
256
20
1728
18816
3024
3600
4608
28
192
7560
480
300
80
448
12
192
36
7776
192
96
64
2160
12
54
756
480
864
48
8640
48
120
60
252
2592
288
24
432
72
48
0
12
288
384
396
256
4320
448
18
12
2880
196
480
576
33600
20
8
150
24
4
1008
24
720
252
112
1200
1152
2520
240
144
12
192
32
640
48
1056
72
3240
960
240
28
64
40
144
128
1728
504
11340
2520
4
132
572
432
480
2304
192
32
256
40
396
180
84
420
1320
3840
0
32
0
180
12960
2400
1008
768
4608
360
512
48
192
0
672
1920
32
5760
192
1680
4
1296
7560
10
128
16
24
432
2304
144
5760
1600
88
96
56
6
576
8
400
3456
24
720
48
6804
72
280
3120
180
2592
64
60
0
1920
2520
1008
13440
6720
80
48
576
0
6048
120
1664
84
0
12
720
96
456
120
12
432
432
2880
14400
8064
2160
48
1728
32
48
36
36
8
2688
72
0
0
540
192
648
672
14
15552
896
32
160
24
576
1440
48
96
12
0
24
4800
96
48
192
20160
56
480
640
30
72
2
24
1080
3456
144
32
168
216
720
192
1080
360
216
630
48
2520
6
24
80
16
1728
2400
48
96
1512
1440
0
2592
0
480
2700
480
2640
256
480
24
4
27648
24
8
384
2592
36
6480
64
48
864
1080
1280
4704
0
0
24
324
120
16
4
0
240
10368
30
840
3960
864
126
0
12
24
5760
648
64
0
480
12
144
84
144
72
18
16
144
9072
3360
384
288
16
8
480
80
864
72
20
1728
480
240
1728
24
960
2
64
48
8
20
432
4032
180
0
360
108
30
192
768
48
36
48
144
64
440
0
19200
0
24
360
13312
6
1920
100
96
720
32
84
2304
1152
288
2304
1600
48
1008
36
720
0
144
12
288
240
288
72
2520
48
288
672
160
7200
8
96
48
384
22
2400
1008
12
96
0
192
1050
12960
5184
19800
20
5760
64
120
72
36
360
140
48
0
240
48
56
64
128
1080
12
1728
48
384
0
1080
1188
12
144
288
1080
2430
8
6
140
8
72
192
60
420
120
64
3640
20
144
96
1080
36
36
3744
192
240
8400
216
96
324
480
1408
240
1320
540
120
6
104
120
2880
416
20
1440
288
192
1728
352
128
36
480
216
96
336
2464
1944
400
108
30
768
180
1458
36
24
96
8
560
0
3696
72
1296
1080
120
396
51840
480
6
16
120
120
3360
648
0
240
576
1440
5040
80
324
780
240
576
576
1344
192
288
1080
10080
24
1440
35840
384
1056
360
360
540
3696
448
5040
64
3360
168
80
240
1152
540
60
480
384
11520
480
36
72
48
160
4
864
144
80
5040
144
0
900
2
16128
80
0
40
40
4
720
6
2700
1056
256
3840
4032
1728
448
8
24
24
168
576
144
240
0
36
3600
96
108
90720
320
8
360
2304
576
2520
3240
12
1040
1440
120
720
720
96
360
1056
1152
48
480
48
720
40
2160
1536
0
320
192
40
12
2016
180
384
256
1440
432
384
6
240
24
1344
120
0
2
48
72
3024
120
4800
240
4
32
64
2160
12
160
288
120
288
3600
720
1260
576
96
162
6720
108
64
1152
24
600
16
3200
48
0
120
3024
2880
4480
96
2
72
120
4320
240
288
0
144
80
1440
2880
2880
280
6
2304
0
1152
88
4992
160
32
6048
112
32
144
144
0
1440
16
1296
756
60
8
2160
256
4800
80
48
8
288
24
1728
36
3840
168
2880
224
216
360
12960
5400
576
720
480
216
8640
378
896
72
7722
9360
192
16
12
15120
1536
216
288
4
72
960
1280
864
160
1440
5760
144
720
360
1440
0
1280
1512
192
8
120
24
16
8
512
4032
120
576
600
600
8
288
0
1536
540
384
9600
576
576
120
1120
48
2592
256
96
18
168
40
1176
24
12480
7200
2880
1008
2880
40
1800
8064
144
12
1728
8
12096
96
336
4032
288
640
128
8
5040
12
660
672
24
16128
72
1080
288
64
128
96
8
864
2688
12
20
48
84
1440
16
288
200
4200
24
72
48
1440
36
1296
48
336
768
1440
9600
1728
16128
3360
12
16
120
3456
5760
924
840
15120
990
168
1080
1512
1760
5670
264
240
2352
288
19440
288
240
16
960
16
2304
120
24
48
0
24
56
756
16
42
4
504
12
900
192
8820
12
28
192
3360
0
16
720
0
48
128
192
1440
48
420
1440
48
2
420
3072
3300
40
48
144
252
1000
24
192
24
576
448
240
896
1792
1440
0
180
6400
36
36
0
1650
40
240
4200
50
96
384
12
2
1920
10296
108
162
8
784
216
2
768
24
1680
24
1920
2016
1536
630
132
960
12
0
56
1440
12960
180
672
144
32
480
24
126
108
0
48
144
480
1440
4
1248
36
288
48
36
1400
12600
192
7776
6
48
7488
150
288
16
792
8640
216
896
18144
378
36
168
1008
768
256
18
133056
160
864
16
960
216
20
480
10800
0
36
72
0
4
480
6
648
48
192
6
192
320
120
720
48
440
18
0
3120
360
24
150
256
16
2048
8
0
120
462
0
160
48
17280
140
144
1920
756
96
1440
48
168
810
70
672
0
16
8
5760
0
1620
480
0
1440
162
8
0
32
132
384
96
20736
2160
4
528
96
480
12
160
54
360
32
6048
4
768
16
4320
16
4320
432
3360
128
324
12
8
8
2772
2560
80
8
240
1152
1008
144
1440
144
144
1944
28800
4
0
168
48
16
6048
42
40
144
3120
126
48
288
384
96
3600
108
288
216
5760
768
5040
40
24
128
720
7680
36
20
60
384
24
48
72
504
18
16
24
216
42
2
576
7350
288
128
11664
240
96
64
80
768
66
148
240
384
576
288
800
192
72
288
48
4320
0
224
4
3072
128
2016
48
30
360
80
672
360
144
16
1200
4032
128
0
4
40
480
1960
36
40
240
2970
7200
216
1024
144
2
768
20
24192
48
96
2304
1440
4
972
16
12
72
312
96
96
126
1200
576
240
60
36
240
720
24
12600
56
180
0
576
4
80
480
480
0
0
0
16
60
288
96
4032
528
20
72
1600
36000
24
5040
14400
8
624
176
0
360
720
72
450
5832
384
144
24
384
6720
2400
24
0
512
1008
576
168
48
128
8
4200
256
1024
0
64
192
96
8
448
0
672
5760
96
16
48
576
96
1008
1152
24
384
720
32
160
24
288
100
1152
2200
128
1920
384
192
7200
120
8
48
4
288
576
48
48
324
104
256
16
2
40
240
216
144
768
252
720
160
864
6912
8640
1800
80
4320
42
240
648
352
72
448
0
12960
360
17280
48
3780
4
23040
1728
864
1920
1680
24
160
36
288
384
48
2160
48
40
672
40
4320
24
1080
10
90
16
36
11520
16
32
3360
8
112
320
60
28
0
1620
7200
2160
12
96
80
1664
1152
48
1728
432
1152
768
216
40
1152
432
6400
0
2304
48
24
720
288
2592
72
21600
768
3600
64
1920
44
12
864
576
288
2520
960
2592
24
20
720
384
48
864
1260
540
144
120
144
840
192
960
768
80
1440
640
512
576
864
144
32
960
7056
1440
360
480
1440
4032
180
1944
24
32
1920
5760
31104
36
960
256
32
24
288
864
32
48
480
660
576
36
576
24
896
2800
1056
42
768
72
432
48
288
7560
60
12
96
32
1008
64
8640
144
96
1728
14400
640
7168
10240
12
1152
24
128
12
40
320
672
432
168
576
108
54
2880
180
216
1728
6
288
432
24
5400
0
720
8
24
48
72
168
48
1008
104
936
0
432
1512
224
24
120
1728
0
3150
12
588
3024
26880
36
1296
180
2688
700
0
0
96
480
96
72
126
36
180
6
216
600
240
480
384
2304
2016
32
2880
36
320
17920
36
648
4608
504
2592
264
16
96
336
0
2520
112
1920
252
160
1600
0
40
4320
12600
36
180
7560
192
48
1260
1152
12672
24
12096
4320
68640
96
90
512
216
36
144
10800
192
3456
72
2
48
96
600
192
6
120
32
17280
56
16800
1680
36
288
144
24
768
120
432
8
12
6
42
70560
648
24
24
480
4
7776
64
48
216
120
132
1280
96
576
24
80
1008
48
2304
84
288
480
90
144
4320
25200
21600
38880
8064
288
256
192
0
120
1008
972
144
168
3840
48
4
32
128
540
40
2048
768
8640
864
16
3888
12
840
80
36
2160
64
1440
96
27720
6300
0
24
960
1144
160
210
576
72
24
84
24
224
168
0
0
240
1600
6
36
8640
2288
1920
160
896
24
6336
960
288
96
80
4800
23040
720
896
864
288
288
336
2688
2160
24
108
2400
420
24
90
80
60
16
0
1296
80
6
1080
512
37800
160
0
200
96
44
3360
16800
36
48
240
180
56
8
120
72
12
120
48
3500
1260
4
32
2304
864
8640
1792
60
48
768
160
864
40
144
72
2304
240
420
144
0
384
64
1792
960
1200
416
3888
24
240
7680
7560
72
0
480
2592
96
60
0
4
10
2880
840
2592
96
12
24
64
3360
9216
32
144
352
720
80
192
48
8
192
96
2240
6
2
600
576
48
48
0
256
58
3360
192
36
12
24
12
3584
180
1728
24
180
3072
1008
60
10800
7200
0
640
48
6048
144
900
8064
24
336
144
168
12
60
3888
288
44
288
336
576
3840
120
40
1056
0
120
40
288
384
7560
700
1536
264
1512
1620
1440
96
48
240
48
108
192
0
4320
42
12
84
384
480
320
1120
864
144
768
144
64
1280
13440
80
32
168
48
5376
48
480
32
240
24
4
60
864
12
4
756
0
960
2400
2016
56
32
12096
8
32
256
450
360
0
0
36
12
720
8
12
840
4320
19200
24
80
768
3600
640
0
360
288
4
2
3024
0
80
480
54
360
24
1296
7200
72
2520
21000
168
360
3600
19200
16
12
576
576
3780
720
1440
0
0
4320
0
48
14400
8
2640
720
120
320
37800
840
4
24
108
48
192
36
396
30
330
4
240
300
1008
8960
576
7200
32
6912
1536
704
126
560
32
40
432
5040
16
1440
0
48
8400
2592
560
40
426
1344
36
48
2016
192
588
720
54
4
11520
144
0
20
8
3564
112
12
6400
10080
48
160
192
64
192
48
2560
192
216
3456
1120
16
560
3840
208
720
480
144
480
324
48
72
440
96
0
16
10080
1344
4200
336
20
192
24
160
48
540
2592
1200
504
192
12
1440
36
300
96
8
1944
12
4032
96
3600
384
864
10
96
100
288
2160
224
32
1728
140
30
5040
88
40
8
2700
1920
560
8640
17280
8960
1512
144
32
768
480
8
80
1152
24960
288
48
480
264
360
900
16
3072
24
16
8
360
32
2304
384
672
1920
72
800
120
3456
448
30
96
36
360
120
96
3240
2592
192
24
384
18
1760
48
15840
8
7680
14000
1440
64
10
4608
144
288
64
156
640
1280
16
2
80
32
1200
8
32
10296
5120
8
12096
216
8
192
144
1008
2400
7680
110
12
1440
960
360
512
128
3024
16
600
60
960
3300
10368
24
864
2400
3360
2700
120
396
864
0
5880
24
0
0
288
3024
420
120
16800
12
32
480
432
1680
80
8
540
2
1728
16
34020
10
360
2352
640
80
3200
336
240
2560
1400
7560
672
84
96
16
2688
720
3600
756
1296
360
288
384
96
80
336
484
18
4320
24
96
864
240
12
1920
32
0
24
96
6480
24
36
432
96
288
20
72
2160
96
512
60
1152
10080
1728
8
672
0
324
60
2016
672
28
120
16
2400
288
8
540
1200
28512
120
6
224
3840
36
0
0
270
160
0
20
396
4480
2880
420
270
180
3600
192
1536
264
12096
1728
140
288
48
5760
2184
2160
640
3840
480
162
704
2
2304
72
144
48
1728
1152
80
6
3240
1296
5400
480
288
24
96
32
5760
20
1200
960
26880
30240
120
5400
1080
1680
12
40
32
16
768
8
720
1980
3564
6400
6480
84
512
144
576
32
144
180
1920
144
24
18
3240
1248
180
112
864
160
160
24
378
2880
24
2
2304
4320
0
1152
32
60
72
120
256
6720
28
4
60
96
624
960
0
432
160
2688
504
24
24
480
2880
240
16
96
1008
168
40
216
32
896
1080
240
32
22176
864
864
216
10080
3600
4
240
3240
64
240
54
384
8
36
48
16
2
480
200
1008
144
360
36
360
1024
192
144
12
120
5040
880
864
4320
216
72
504
24
168
432
4536
480
5040
5184
144
128
48
12
4320
36
48
2160
288
5040
1200
2
8
24
120
600
5760
4320
768
1080
8
512
144
24
60
1560
24
72
48
144
288
0
2400
324
480
60
672
384
216
132
96
360
240
12
4200
0
288
8
144
360
960
720
2400
432
40
240
1248
24
144
0
0
96
5880
7680
72
72
6
480
300
48
56
0
8
0
3456
0
48
1008
8064
0
24
1728
26880
72
640
768
168
360
24
160
3456
24
300
1296
3840
28
27216
5184
15120
2048
48384
1600
4320
20
0
16
880
1584
33600
36
840
112
1620
8
1728
660
1008
1680
40
4032
1280
72
80
128
0
1080
864
1152
1800
672
4032
14400
0
120
96
832
8
480
144
128
12
10
0
6
640
16
384
48
432
108
2800
96
160
1440
240
90
72
16
6804
72
12960
113400
2880
96
12
5376
144
12
10800
2880
12
540
36
10
576
108
43200
20
1008
32
96
720
1344
5760
1920
648
648
144
264
5040
1344
1944
88
4320
0
1080
16
5120
60
960
12
186
72
6
144
120
120
3780
3780
0
0
2880
18
120
24
360
120
2200
4
1680
3150
3240
192
16
36
40
3456
16
4032
20
8
12
640
288
576
24
648
4480
280
12
504
33600
96
12
24
840
288
1200
0
480
192
72
0
32
96
180
0
24
1120
90
36
1920
384
180
216
40
320
192
72
240
700
32
0
560
80
480
1800
128
432
4
24
384
2304
648
24
768
5184
120
0
96
960
3072
160
0
1152
192
3780
12
3960
6
72
3600
12
4
240
30240
6
240
6
60
4
480
0
1920
1440
768
6720
12
1536
8
8064
24
336
864
36
640
0
24
960
720
96
600
2160
1296
192
96
480
2240
192
960
24
648
12
144
160
10560
32
32
280
6
768
320
64
504
32
1536
6720
144
1296
2880
192
360
48
4320
6912
64
2000
360
32
8
252
0
48
0
32
576
38880
4
2880
360
1440
576
1728
44
1350
576
12
36
4
4608
660
3240
1152
10080
12960
150
480
180
96
864
1800
4320
16
160
0
128
240
24
240
32
24
504
6
32
240
520
0
64
5760
12
21600
10080
2016
800
2560
5760
96
756
60
12
96
1080
12
384
432
720
864
3960
2520
1536
150
7840
48
0
120
13440
2304
224
30
72
120
128
192
384
1008
1920
224
2112
8640
864
120
720
64
160
576
192
960
1920
6912
1408
576
1260
0
1600
16
88
70
168
28
1728
210
72
16
6
216
2520
480
5760
48
15552
240
160
1920
72
32
360
216
0
16
288
432
128
0
216
4800
20160
44
17280
36
48
3456
20
8100
6
462
960
576
512
240
176
0
12
12
96
32
8
3150
2304
36000
6048
1280
1440
320
128
320
12800
48
36
560
96
360
5040
24
4
0
18
36
0
288
960
4608
96
108
48
5184
1536
480
8
640
32
720
384
1248
4200
504
36
48
128
144
432
1152
6
360
0
110
0
480
432
40
40
216
432
72
256
60
1512
120
180
990
10
1152
11088
576
0
2016
3840
4
12
3240
144
7200
378
0
144
3696
21600
48
3888
432
420
96
30
4320
4
32
126
144
36
20
2016
32256
6048
36
2592
1440
288
0
48
648
300
32
128
5184
0
0
5016
720
64
5376
32
384
960
80
432
108
432
2268
216
16
480
360
32
1536
12
16
24
8
1440
3072
1728
16
0
18
288
3840
48
960
12960
8
32
672
5184
32
23040
768
12
540
8960
352
144
60
360
12
30
1080
6
6
1680
320
384
0
1120
66
96
128
480
192
24
16
96
24
8
144
12
168
2880
4032
360
60
448
1152
192
144
528
336
960
144
11520
240
144
24
2100
24000
1920
2304
160
1280
0
8
160
480
32
30240
2880
64
1024
240
352
75600
240
480
60480
0
540
48
216
40
1280
1728
72
432
6
1080
16
180
8640
6
120
720
16
144
120
4032
25920
280
1280
80
144
720
270
144
1080
8
504
1344
24
24
96
192
240
90
420
48
12
360
10080
252
12
160
0
2
160
288
72
480
16
240
126
360
60
288
384
12
120
0
2880
384
432
3840
2688
120
16
40
720
3888
3072
0
16
72
3072
24
120
864
2688
16
288
8
24
2592
32
3000
1536
144
360
196
32
160
0
3600
16
288
768
54
14
440
16
1280
30
36
10368
2304
256
200
16
300
4480
96
90
1248
1152
480
1080
180
1600
40
840
8
96
64
48
8
8960
384
480
2700
1728
2240
36
640
36
2592
192
288
8640
34560
4800
24
48
540
4
24
416
960
8
2880
216
960
720
25920
1440
240
1960
8928
8
480
1152
12
144
288
32
576
48
216
34560
12
240
96
36
288
2592
96
4
480
17280
6912
8640
64
432
180
64
1200
6120
96
12
864
288
640
72
360
540
200
336
400
1080
0
30240
24
84
480
400
32
1440
720
0
32
6
1728
360
90
24
540
32
960
168
12
77760
24
96
2592
0
6048
80
0
1440
48
288
18
336
128
168
132
4608
180
144
1008
128
288
2160
1080
7200
648
432
192
12
132
160
162
32
24
640
720
1584
240
0
840
1920
30
1200
1440
0
180
252
20
64
9600
0
72
192
504
90
336
24
288
2
4704
972
768
3840
416
24
48
1176
768
144
24
672
432
192
640
1152
36
4320
20
128
384
144
2592
384
4032
192
288
12
48
288
256
128
1152
13440
144
1248
1200
144
1620
80
24
480
480
5760
240
48
210
20
768
960
10560
0
1280
10368
60
0
2880
40
144
8
24
4320
840
7680
28
840
288
30
960
0
16
12
576
1320
18
0
32
72
144
60
2240
8640
864
16
384
60
90
64
240
3120
40
96
40
70
256
6480
288
378
3240
96
72
512
40
84
30
224
64
360
240
420
36
48
144
2400
33600
192
864
480
840
8
1296
168
40
18
308
16
672
18
40
8
144
48
640
1440
4
448
432
1512
1680
576
80
17280
48
96
48
3072
144
192
1728
12
360
360
1120
80
8
0
8748
0
24
7560
4200
120
32
1296
800
4800
0
0
240
4
2160
2
1440
2880
6
240
240
216
864
630
576
80
294
3360
24
2
4320
128
4320
264
420
96
132
2400
720
2520
240
48
6048
1664
1404
3072
4
4212
48
256
48
504
8
24
3360
2304
6912
0
336
2560
12
8
1280
96
8
288
48
3360
1440
1008
90
660
1080
80
16
1920
96
170
3072
30
64
72
156
57600
216
6
32
1260
4
224
288
384
6720
12
800
8
8
0
48
384
9216
54
8
10368
40
1120
72
720
36
120
72
2400
120
704
270
96
672
960
216
256
4
5832
48
72
90
672
324
12
120
324
2688
8
252
432
2304
4
720
180
2700
64
432
120
24
48
144
144
8
96
1080
16800
2464
56
2160
288
192
9072
3072
0
192
3240
240
0
26880
8
864
64
12
25920
16
72
6912
40
156
0
120
8
11520
2160
24
504
16
96
588
288
176
12
432
20
48
72
432
24
144
2016
432
72
528
16
48
4
0
72
4320
504
48
24
144
384
96
96
1050
32
12
2688
24
40
16
216
0
4
24
2880
64
48
128
420
16
576
16
2304
2240
144
42
0
640
8
9600
24
72
288
4608
770
120
1200
0
1152
108
24
2880
0
80
240
24024
120
60
720
48
840
288
8
48
360
504
24
96
64
240
72
24
1344
176
24
12
18
4928
56
192
34560
216
30
0
240
1200
32
1512
960
108
0
4
1296
420
288
0
240
1152
96
3888
10800
4320
288
0
20
24
256
4992
160
24
108
1260
80
20736
34992
216
20
240
1920
36
224
48
96
1100
240
5184
144
1440
120
432
0
400
576
216
0
176
128
1728
504
54
162
4608
24000
1152
7200
5184
48
800
4800
224
864
12960
120
672
240
128
2400
288
0
576
1536
6
96
5120
540
0
12
216
2400
240
32
1056
144
12
36
12
4032
6
28
72
192
24
192
24
12
120
0
1440
560
3240
96
1232
64
1200
144
768
96
240
6144
3456
192
224
144
864
32
4608
2688
576
6720
32
28
1680
24
6
216
96
3780
51840
4320
144
8
960
24
0
64
2
504
288
80
72
96
168
48
2304
8960
756
32
396
72
90
3600
48
12
48
160
24
4
192
24
192
720
1440
640
216
1600
240
64
288
18
96
2
540
1536
12
0
320
40
320
360
240
252
144
240
48
2880
72
1980
432
360
960
40
18144
32
640
18
96
5184
5184
432
336
360
12
120
72
80
0
4536
13824
568
144
32
96
1120
192
10800
32
6048
1728
468
8400
32
1440
1008
36
72
2160
0
576
432
12
12
1152
192
216
864
1536
48
2
0
16
72
120
13440
192
160
5040
160
80
2304
1584
16
14
900
0
40
16200
2160
72
12
432
252
0
72
0
180
168
384
144
1280
840
480
384
1800
60
768
144
3840
23040
1680
7560
324
1344
1188
3920
12
2400
4800
576
36
640
2160
128
1620
384
60
32
216
32
72
8
320
6912
5760
66
144
300
270
512
42
0
0
51840
14
6
32
144
720
384
240
576
256
480
256
42
144
8
1664
900
6720
64
43200
42
45360
392
2880
144
12
240
24
24
48
4800
48000
3072
0
0
96
17280
32
2880
16
90
336
144
5292
144
720
4320
120
20
432
1260
12
512
5760
432
110
36
3072
0
1792
8
576
288
48
154
4
0
120
1920
3024
240
1512
16
4800
480
1280
192
96
320
24
36
2160
0
0
1920
192
216
8
1728
1512
288
9072
126
10296
0
12960
24
1440
240
180
72
48
144
53760
384
240
36
24
192
48
64
960
432
120
216
1536
768
864
720
160
96
0
1620
432
96
8
64
1080
108
4
2160
288
960
12600
54
4480
2160
672
72
48
336
6
288
60
32
504
60
288
1152
384
8
48
576
480
960
1800
96
16
432
144
18
40
12
4536
1680
2592
168
252
1200
1200
32
252
96
7200
1600
32
1440
4032
24
252
840
72
240
432
864
6480
18
44
96
144
144
12
72
240
0
144
12
480
224
288
15552
960
180
280
288
16
96
150
15552
4
720
40
216
216
3240
432
30
16
240
6048
2400
17280
704
432
480
12960
4
13440
8
1536
432
30
432
112
3780
10
48
72
30240
6
1008
192
720
16
160
8640
192
25200
30
23040
432
864
864
16
32
384
648
4608
720
144
4608
8
14400
540
18
180
128
1352
1152
48
48
6300
0
2688
4200
12
32
12
3840
744
6480
7488
2880
2520
54
640
288
192
13440
4032
4
672
1680
5376
0
24
108
2
64
1536
672
84
40
360
0
240
640
33600
1248
66
54
0
0
240
20
0
5184
216
0
672
33600
864
120
42336
48
128
72
2688
108
288
48
1008
240
0
1920
4480
24
5760
360
8
840
24
3780
128
24
64
56
12800
3360
270
384
360
960
1680
640
1350
3888
64
800
0
40
96
16
8
6
156
96
324
40
1152
12
4320
360
18
1920
4320
1600
900
960
1680
216
720
0
0
6
40
32
2400
108
48
40
384
1260
168
48
37800
48
240
96
14400
12
72
36
312
2100
160
2
288
0
240
2
1120
4
1728
60
144
1152
1728
672
42
240
1800
6
48
32
288
264
13440
1600
1152
48
96
57600
300
396
12
0
240
576
48
8
360
0
96
0
12
24
120
48
48
0
16
90
12
132
384
360
18
48
8
450
1536
672
5184
0
160
280
2
42
6912
54
2880
1152
1080
336
90
256
6
2
96
56
3960
72
10
720
144
6720
40
288
16
6720
486
648
6
24
108
144
36
2592
0
3840
384
0
16
72
0
3456
1512
6
8
144
0
168
480
60
720
192
336
100
192
1728
1728
864
4
3200
1280
72
1440
96
660
20
192
24
112
192
288
54
0
36
0
8064
1120
64
240
192
648
192
120
56
192
1536
120
360
6
12
720
4800
480
576
864
0
3888
60
192
2592
3240
1344
12
432
120
24
144
32
84
80
48
420
0
32
132
36
11664
1152
288
120
1920
224
2160
896
288
6
1440
1296
2880
1120
72
144
6912
432
48
240
480
4320
1536
3456
18
24
1152
8
80
1800
672
5760
768
96
1120
128
120
616
2880
196
480
0
72
252
24
320
144
144
960
144
24
300
1152
490
8640
12
648
480
16
2940
64
80
540
432
396
1792
12
96
6
1120
1152
4
21600
40
324
0
3600
19200
6
960
1080
576
3888
4320
72
1800
48
4320
48
1188
18
0
0
32
8
6720
36
36
320
240
12
120
160
1080
13440
72
352
144
2400
0
9720
5760
128
24
48
1280
8
48
24
84
432
0
192
0
192
96
80
2304
216
300
144
1152
96
0
8
512
216
25920
1728
448
54
840
4320
2160
48
48
480
3744
168
9600
140
72
96
1152
10800
168
0
54
24
1728
10368
726
2688
24
16
0
16
6
90
4200
320
720
432
576
48
1120
144
17280
5400
24
64
127008
48
288
24
48
0
216
360
48
80
48
144
8960
16
480
7280
48
56
12672
36
3600
864
95040
1728
216
72
1920
24300
10080
144
1296
90
216
1800
120
48
960
48
1296
120
48
0
48
25200
1920
720
96
24
336
2560
160
128
16
72
1440
3762
360
576
5760
2160
1120
432
0
2304
300
23040
15360
72
8
120
96
2160
1728
72
192
48
3200
1008
16
216
2
24
48
576
1584
54
1152
40
0
240
2880
480
48
8
756
4
144
12
24000
0
1296
12
2304
288
36
4
1320
8
40
24
36
15552
128
180
216
36
48
480
2016
0
5760
1200
96
384
12
36
5760
24
96
120
4
864
1680
540
1200
24
672
168
18
1728
16
5544
2016
16
12
31104
24
3360
320
39200
2880
384
100
16
162
48
384
80
4800
6
8
288
120
192
0
16800
2520
110
36
0
1260
96
126
7776
40
720
1152
160
144
32
3600
96
12
48
2880
4160
360
12
320
64
12
0
240
192
96
54
672
64
160
18
4200
320
384
8
24
72
144
720
4
0
216
1728
8
192
540
1200
192
960
12
13440
216
720
54
800
400
192
972
360
1960
40
25200
96
6
600
32
120
84
960
48
384
240
1280
12
24
216
1600
110
2880
720
600
192
720
12
1512
70
4032
60
120
504
48
32
768
1344
480
24
36
1080
0
1320
160
72
48
360
1680
4320
120
6480
378
1440
11520
112
12
588
648
0
108
192
2160
8
252
1296
12
252
12
432
3240
336
40
32
1536
6
6
96
0
72
20
198
6400
672
20
864
0
40
384
360
576
144
384
504
384
156
2520
24
960
630
2160
240
0
528
72
576
0
108
1440
1728
6
320
2880
1536
24
504
108
160
2560
1512
528
80
840
880
16000
12
64
288
144
180
288
1080
768
80
4800
432
1536
9984
576
336
1008
1008
960
48
210
24
504
144
576
144
480
0
48
960
12960
36
240
5400
128
512
6
576
18
72
0
8640
90
256
7168
36
192
144
7840
1792
720
560
600
180
96
16
48
768
4480
8820
18
288
756
6300
560
252
24
280
270
12
8
88
180
3168
12600
96
6
4320
20
32400
240
144
0
18
1920
1980
768
192
72
144
1080
120
1440
120
72
18144
24
24
3840
640
16
528
12
84
576
288
48
0
2304
128
2880
12
252
240
0
768
840
48
10080
72
1008
144
9504
720
360
576
48
20
352
288
960
1080
5040
800
864
19440
1944
72
240
1872
4800
12
4
13440
24
3456
120
34992
0
5376
864
432
24
384
1440
4000
120
2
2520
8
864
5120
0
6
2
512
24
40
48
672
16
720
960
576
0
480
720
432
12
6912
96
8
12000
4800
18
630
24
360
288
132
0
504
12
192
48
32
28
640
2880
1584
4
12
2304
40
168
400
288
6912
5280
24
48
2640
2160
96
384
40
21600
24
8
0
288
384
2160
1296
24
12
720
126
252
216
96
630
126
216
8
180
24
96
128
0
48
12
10752
720
5376
3360
1680
2
120
504
960
300
14700
3584
96
120
288
16
1890
3360
72
144
5040
4320
8640
528
1920
2
192
96
1536
22
864
840
18
32
24
576
4
2400
240
1536
288
144
320
15750
320
432
24
576
12
1056
2
192
432
432
1344
360
64
224
5760
432
264
540
1120
108
144
960
0
2
480
800
6048
6400
576
2592
336
792
8
320
128
48
192
320
160
108
192
0
768
1560
6
144
1440
900
11200
96
24
24
210
2640
2160
5184
5760
60
12
1800
1188
96
5040
3136
8820
6
64
2880
160
3840
288
1280
1134
3360
40
4
60
384
48
1280
8
0
264
1152
120
216
768
192
1280
108
12
140
1440
48
96
36
48
2304
2160
24
256
48
108
112
512
64
22
2304
20
960
168
12096
22400
0
810
36
252
28224
128
512
576
56
8
48
160
1600
36
3024
378
240
144
216
192
240
396
384
288
24
60
17920
120
72
8640
60
768
1800
2430
5184
360
128
1152
360
72
0
0
36
256
20
48
288
12
10560
96
9600
1152
108
210
36
4608
540
0
72
48
240
3840
32
768
10080
4
24
432
96
80
24
20736
480
192
36
64
400
144
3840
96
240
24
100
144
1920
5292
24
24
2688
12
360
80
540
25088
64
120
168
0
36
800
800
640
20
216
1320
960
0
180
336
672
12
64
2
128
48
192
1200
48
96
210
1728
132
128
1260
36
168
384
3360
36
480
144
8064
480
288
432
80
1728
240
768
180
768
60
8
4800
1296
360
192
384
288
1512
240
216
320
180
1296
640
3360
12
770
16
4
672
576
256
880
420
120
540
1152
160
1680
120
5376
288
1512
4
8
8
480
16
144
15120
176
660
1296
7680
2688
256
640
3168
192
4536
108
320
108
4
288
288
2560
288
36
54
288
720
4
384
54
540
960
2560
80
18
288
960
384
64
142
2400
1024
576
1584
28800
180
144
8
3024
1008
96
5184
6048
36
1512
256
1344
108
800
120
2100
48
64
288
1200
2688
192
170
144
1680
4680
96
144
48
180
24
0
13200
480
168
480
192
48
160
64
448
0
8
60
252
576
5376
240
432
48
216
24
26400
44
1296
24
72
4500
10080
2808
8
36
768
2000
36
132
48
1440
32
768
18
28
80
1512
216
0
24
48
4800
5760
384
60
2880
144
140
504
1440
576
396
96
480
8
60
5760
36
0
1440
64
32
108
20
2400
96
12
384
288
480
144
4200
192
924
96
648
4
600
504
288
40
24
12
48
10
96
720
10800
48
864
240
12
360
144
3360
512
48
3240
2646
42
48
24
1280
216
144
40
1152
192
512
96
960
960
5184
480
216
800
112
6
48
3360
4
540
10
16
48
720
660
2560
96
12
168
48
33264
576
32
32
24
480
24
1152
36
19440
144
15552
64
28
224
210
576
110
200
216
112
4320
3240
576
16
240
4
224
4
46656
126
2304
144
800
4
192
1920
264
80
0
5040
30
144
48
8
40
16
576
80
18
216
2016
26880
448
80
4
384
160
2016
144
4200
1008
48
320
8
192
25200
16
1080
160
192
864
0
480
96
12
2
12
6
96
96
6
384
128
72
336
16
528
864
720
2880
2160
1728
5760
480
576
252
216
2160
24
180
300
24
224
8064
576
480
120
160
336
1152
16
4
384
14400
20
4
360
36
32
864
360
80
96
90
168
18
0
5040
48
23040
720
1728
72
2160
80
2160
180
9600
176
96
1728
0
432
3840
192
432
3072
2160
5760
128
64
7920
4608
512
1080
480
32
16
1536
240
1440
2592
8960
10
0
3840
48
96
20
880
120
18816
288
480
0
480
5760
864
5040
12600
1080
384
96
192
64
9408
48
560
64
360
384
1800
84
432
3136
32
2
6
16
2240
0
24
10080
0
4
17280
0
320
54
160
112
5184
13440
12
36
0
4
224
300
4
4536
36
640
1920
160
108
108
180
1680
288
20
0
800
8640
864
12
8
96
240
120
24
504
630
4320
210
37800
24
8
48
240
10800
384
144
28800
128
216
32
72
2688
1260
320
896
12
16
0
96
1080
960
0
48
288
0
672
64
704
840
768
640
216
112
8
864
8
16
8
240
3456
576
128
1680
640
8320
1440
240
6
960
224
2016
216
128
1960
48
24
336
864
2304
18
8928
432
640
6480
420
48
648
504
1152
96
480
960
96
324
8
288
240
4032
108
240
720
48
64
72
384
864
20
80
422
80
7200
2880
24
24
160
4608
0
8
1080
0
600
1296
160
168
288
864
224
216
6
288
0
24
90
180
16
12
576
72
3360
384
720
0
240
720
2400
180
6160
24
60
12960
12
720
256
60
12
24
32
7560
24
720
8
32
0
768
24
5376
432
336
12
480
540
120
192
32
88
1344
672
5760
2520
36
2156
0
25344
15120
16
720
24
480
0
60
18
24
3024
48
1280
1728
32
15120
18
5760
720
36
252
2048
168
5040
96
2880
96
504
11520
1728
4
72
80
32
1344
72
1152
5632
1960
3456
48
3024
1040
3072
48
72
32
448
288
6
1152
720
1152
12
6
21600
44
144
3024
0
72
672
30
288
2940
2700
36
0
108
64
1440
6912
144
140
24
144
180
700
216
576
15552
60
768
41184
80
1260
120
16
25920
16
4
64
24
208
432
1200
16128
120
210
288
17280
360
0
32
648
8
42
2304
0
192
2160
0
96
156
192
64
14784
3840
1944
12600
24
120
120
120
12600
320
252
2688
144
112
960
1344
0
160
60
186
2160
392
72
60
42000
144
1440
8
22
16
64
210
0
768
144
66
720
540
48
14580
320
24
144
12600
120
1728
1080
160
1920
1080
240
144
288
80
4
2016
4
96
384
576
360
36
1152
288
96
60
252
8
144
1260
144
640
6048
720
5760
72
480
88
1440
32
0
144
40
24
4536
240
120
40
1248
576
6912
6
132
48
120
1728
384
120
7680
2160
1024
60
3840
120
2240
4
112
1680
2880
1792
320
2016
1080
132
960
1260
1008
5040
30240
144
24
24
5040
4320
40
144
5400
140
18
96
12
288
6
1536
9216
132
800
192
432
576
2
240
144
18
0
96
7200
144
96
208
2592
88
160
9216
48
624
864
96
32
1800
2880
1176
960
19440
192
7776
24
6480
0
80
3888
600
18
72
1024
252
864
30240
48
0
1200
192
960
1440
2880
2304
1152
10
4800
2304
432
24
768
12
240
36
0
512
192
3360
24
1728
1920
18
24
360
3584
0
160
144
48
20
168
40
3456
792
672
792
128
80
288
32
24
8064
8
432
48
2520
3072
120
5184
24
800
768
8
784
0
8064
1728
784
1872
144
144
16
2592
96
360
1080
648
7680
108
72
3456
224
960
14400
192
192
15360
12
540
1056
96
72
24
384
128
1344
720
1440
192
240
432
160
864
200
40
360
4
192
320
120
11520
1008
7680
36
24
7560
144
96
640
0
5760
96
720
0
15120
672
36
64
48
30240
1536
320
288
72
80
576
48
192
144
96
192
56
480
120
144
18
4536
108
1200
48
132
5184
96
64
36
80
16
432
3840
216
18
4320
128
192
960
448
216
72
1680
48
96
8
96
120
8
432
144
384
360
96
144
20
168
96
12
32
480
216
480
96
1440
192
1152
1728
1008
2520
2400
864
8
960
480
144
6300
32
6720
72
336
72
35280
1008
900
8316
216
120
32
0
8
12
24
576
120
336
12600
2520
15360
384
160
24
96
0
288
12
16
2880
128
48
24
48
7200
16
20
48
4
72
32
0
288
30
144
540
20
288
480
400
36
480
100
6480
11340
12
72
3240
40
960
198
640
48
72
864
0
40
192
128
1200
1120
560
384
54
3456
144
720
128
24
36
108
216
8960
0
90
96
84
6480
24
1620
384
3360
16
7840
480
48
4
2160
72
90
1080
1440
1080
36
768
10080
36
12
720
576
16128
576
60
48
1728
10080
336
330
2160
0
5760
30
96
128
1800
4480
128
2240
864
6
0
96
1620
12
240
240
1680
70
18
0
24
3456
1440
70
144
4608
32
2
1344
192
2160
108
4200
576
96
36
0
252
2880
704
108
432
96
12
1680
256
216
28
560
8
28512
1080
288
1260
144
28
0
240
936
2
68040
480
324
64
4032
8
18
0
216
0
1800
13824
120
5040
256
672
180
240
14
72
33600
900
16
1728
48
5184
312
4800
360
648
4608
2520
2200
5760
2240
16
0
10800
512
588
8640
96
10
40
24
1800
6300
4480
24
210
120
0
0
160
1120
330
936
6048
24
6912
64
3960
80
864
54
108
3168
11880
120
600
720
144
0
144
1344
72
192
16
48
320
720
0
24
180
32
4368
16
112
2400
0
0
140
224
720
1024
384
896
8640
1050
144
30888
48
720
864
96
220
0
1680
320
8640
36
192
1944
2880
84
72
4320
192
3960
1728
2688
960
864
288
1152
2880
0
128
48
24
2016
1536
216
24
2880
504
1680
1920
48
1280
56
396
24
1080
24
19440
20160
144
192
720
72
96
528
8
432
2304
240
72
240
48
84
288
210
24
48
48
6
3600
5760
216
480
48
128
144
216
84
3168
1440
3360
1080
2160
5760
672
48
10240
48
528
600
288
48
256
360
2970
1440
1152
480
0
9504
1200
2
80
96
24
20
24
5760
144
96
1920
2100
72
168
0
160
1024
168
3360
1536
160
2
252
768
256
96
504
120
360
1152
1920
18
6
72
960
48
1536
60
480
48
4608
384
576
16
648
0
432
6048
1080
48
2016
13440
216
90
32400
80
42
160
60
420
48
168
168
3888
8640
192
800
192
8
19440
144
1320
288
8
648
32
144
12
5760
0
2304
384
192
1200
48
864
60
252
48
576
40
96
432
12000
56
96
5760
512
288
36
40
16
24
4
210
6720
128
48
360
840
5184
6912
144
128
960
1152
240
54
18
672
1680
8640
1728
48
96
36
0
1344
6
480
336
20
240
8
60
72
12096
432
1680
1008
36
864
648
96
1320
24
240
144
8064
144
40
360
2880
72
6000
0
54
16
432
288
0
40
384
192
2240
1512
108
32
672
72
1620
25200
2160
672
672
15120
7056
120
140
312
6
4
0
40
12
720
144
360
896
240
120
16
72
264
3024
75600
32
672
3240
240
784
252
32
96
48
24
360
96
24
384
5040
720
18
10368
3888
16
88
7280
24
0
168
0
864
1248
3240
6912
60
768
252
180
8
40
24
144
1680
480
864
216
20736
48
144
432
12
1800
840
2880
48
96
24
4032
32
12
2880
288
48
16
36
5040
1920
112
720
300
48
576
8
320
720
864
8
48
180
240
1728
12
5184
12
1260
1792
1344
240
48
768
1008
12
0
384
4752
144
140
36
432
4
24
960
4320
12096
0
324
864
24
4200
720
1600
864
0
108864
48
144
96
48
48
2880
254
32
96
480
3528
224
480
3456
3360
8640
8
1680
144
30
12
24
120
4752
16
4
72
3024
8
0
144
1440
1536
600
48
624
1080
672
672
36
4
1152
8
384
1344
168
24
2
288
0
768
576
1980
1728
72
360
18
64
0
144
336
576
22
96
560
0
14700
56
4
4800
180
384
60
168
216
1728
6
48
6
6
120
324
1536
240
120
216
288
128
72
48
3780
800
600
896
16
84
8
18
42
12
64
40
336
2
36
144
60
5760
192
12
96
16
64
32
192
2
960
32
720
288
0
4
720
4
192
384
40
2
64
128
0
240
8064
10368
72
4
540
4
12
384
28
360
36
5292
6
288
40
144
96
9072
312
960
288
480
2592
1260
720
264
0
28
12
512
96
360
2240
720
40
432
192
432
48
1152
288
1728
16
96
240
216
24
8640
1728
384
432
1080
336
160
324
10
48
540
1680
16800
2880
700
2880
10800
352
672
216
50
576
18
12096
112
96
64
700
12
2800
24
3840
1280
108
192
24
2400
80
1080
3072
576
288
96
384
0
1920
630
1440
360
144
12
240
240
1152
108
36
2160
288
3456
3360
0
2304
36
144
240
72
2688
5040
96
900
4
5760
432
12
648
360
180
432
144
5184
448
6480
2160
20
57600
4608
72
8000
12
192
32
240
80
8640
336
864
0
9600
1296
72
144
126
32
24
6
3456
504
120
840
144
4
120
7680
480
288
12
11520
48
72
960
432
5760
8
5760
480
288
144
168
1008
72
2304
384
3136
2880
3360
40
352
180
9720
2880
1620
2880
108
432
1728
44
24
180
40
48
432
36
3456
20160
144
360
1080
216
1152
16
12
1152
168
12
1152
800
128
8736
288
1152
420
112
36
0
560
96
120
32
210
15680
96
1680
960
864
384
144
2520
120
30
48
48
720
8
1260
280
252
6
1280
8
64
0
7840
96
60
112
8
1296
8
320
48
0
384
20
0
12
36
2688
576
36
144
432
1944
0
0
0
4
144
7200
240
720
864
864
168
60
288
320
4032
6048
440
160
60
3456
120
180
3024
72
192
3456
24
352
1512
168
30
60
5600
1152
64
12960
384
36
8
128
600
108
3456
1728
28
1296
648
208
24
108
80
216
48
720
33600
1152
216
5040
1620
16
576
160
512
84
5040
1920
1800
128
1344
64
120
360
256
192
48
1440
72
4320
320
504
72
192
16800
576
8
24
72
216
96
180
12
36
432
128
108
192
3840
20
864
1200
1800
160
13608
2304
2880
24
6480
16
378
22176
7680
192
128
72
2880
360
0
108
1620
144
2160
144
864
30
60
6144
24
162
0
0
3168
16
20
0
7680
96
64
1728
384
1584
36
72
48
20
1728
200
40
2160
384
14000
0
2700
80
216
24
144
1176
864
6912
5760
0
48
2520
300
2376
384
600
240
6000
24
48
180
120
36
60
432
24
48
192
720
21600
432
216
0
48
240
32400
1152
12960
16
72
2592
576
480
80
720
432
96
324
120
1600
12
28
2880
4320
24
120
0
180
200
384
96
80
2800
288
1024
160
12
1440
288
5832
2016
192
37800
360
384
84
1440
432
4032
108
504
0
40
2400
288
720
5760
4
1920
0
120
144
144
1792
0
0
54
16128
72
18
10368
720
384
2700
7200
13824
40
648
0
120
384
80
8400
128
12096
384
1400
288
0
960
1456
24
1260
96
1920
576
1792
25200
288
96
640
288
140
104
32
140
240
0
120
224
840
3456
720
288
432
384
288
1792
1680
5760
432
168
72
24
24
128
72
96
16
720
80
77760
20
384
96
80
2304
4
42
32
32
2304
432
28800
90
88
288
48
3456
96
960
1440
280
672
360
420
24
24
640
9240
16800
19440
6480
80
144
16
1440
0
96
84
16
2560
720
384
672
3840
256
144
0
36
576
0
320
40
48
2880
504
32
3360
72
6
168
80
1800
72
960
0
64
0
50
2160
1920
12
84
0
54
96
32
180
576
16
120
64
48
168
1680
384
5376
288
48
960
66
112
2160
69984
336
2520
960
18144
420
16
384
20
12
40
40
6912
672
1152
13440
0
240
120
288
768
540
0
1728
8400
32
24
48
32
0
0
0
7168
140
12
240
90
1680
2880
9408
0
1536
24
8
144
936
30
120
176
440
360
0
756
240
20
1536
16
48
8
112
96
480
5040
6
2688
252
28672
360
96
432
24
720
18
288
1920
24
21952
1008
24
270
8
576
48
1920
72
72
2
480
508
432
288
160
40
12
1728
6400
896
288
1056
72
72
2112
120
0
360
54
144
40
20
288
8
120
12960
10080
0
9600
6
48
192
8640
4032
168
120
0
192
660
120
1440
64
12
2592
96
1344
12
0
576
1116
336
140
2016
320
40
12
2880
1152
400
12
24
24
280
2
24
36
432
1296
288
2160
2376
6
396
2304
10
1512
1728
2880
32
160
24
1440
4
120
180
144
1728
36
12
48
1152
30
36
5832
36
96
24
378
400
432
288
192
12
864
1920
1440
36
2
400
1920
180
5760
32
3840
8640
360
2016
32
168
3072
1152
48
48
12
24
288
192
100
0
120
180
1920
2880
6
432
240
240
216
336
16
120
720
2160
16
48
30
5760
0
540
1152
288
3456
36
24
144
72
576
16
96
2
4
192
72000
2268
448
8
7840
16
512
4
2592
30
23520
960
22680
72
0
24
256
10080
48
38400
13440
64800
240
3888
0
2520
96
960
18
128
4576
960
60
576
128
144
576
3456
4
20
16
6912
72
2160
2520
30
42
44
72
1584
288
960
288
12
216
4704
864
37800
60
64
8400
432
36
128
80
768
192
11520
168
10080
72
1728
864
1200
24
160
12
300
8
864
288
432
16
20
352
16
180
2016
1080
1280
228
540
0
18
24
8
192
96
2400
280
0
450
8
28224
8
120
2
2592
48
2
864
192
8
192
120
240
8640
0
108
60
336
2592
20
640
16
648
8
32
960
192
2
520
84
120
432
120
288
32
60
288
3456
288
48
360
1008
96
288
6
648
32
0
30
12096
24000
120
640
12800
640
48
960
176
0
36
1008
2304
144
640
560
3080
800
288
504
104
360
600
16
36
3168
8
24
120
14520
36
1260
192
240
880
16
468
720
72
1536
1080
12
512
80
1782
2520
120
240
960
2160
270
192
360
960
2880
84
2916
288
720
960
480
32
180
10752
672
60
960
16
2160
108
560
704
88
3456
32
40
72
144
32
896
192
288
32
576
432
6480
3888
224
8
16
80
24
20
0
32
1120
2016
0
160
64
140
360
120
4
768
3780
432
24
448
48
17280
18000
24
24
0
240
240
2304
3840
6
0
8400
1296
3840
1920
40
576
36
8640
4320
2592
240
3168
42
36
2016
70
1248
80
576
6912
24
16
210
20
16
1680
60
8
252
3888
9408
1152
6
960
288
288
320
1296
2400
1152
1536
320
504
960
210
2880
16
6300
12960
4320
3456
90
0
6
96
144
360
3780
24
264
1008
224
720
48
1728
6
480
9600
160
2
96
24
198
36
112
9600
4
378
252
3456
2304
648
176
4800
240
480
540
1920
648
160
108
128
48
352
64
24
32
12672
378
432
144
0
96
96
3840
2304
144
144
21600
216
256
0
1080
864
0
12
1488
12
240
720
192
240
80
12
432
2744
54
2640
192
64
384
20160
640
24
7776
120
576
12
900
10080
8820
96
864
2160
54054
28
240
18144
2592
576
4860
8640
1728
1152
16
12
384
12960
18
8
512
112
0
192
4
36
96
1080
336
96
768
6912
32
3150
288
168
864
0
840
1792
144
75600
640
36
2160
120
2912
0
720
24
432
840
128
288
96
744
432
720
270
96
120
600
40
8
8
54
72
144
1280
9072
416
2640
72
15552
216
840
960
14336
144
96
320
1440
2
8
5880
528
360
256
32
160
5184
1152
672
48
1200
56
24
288
21600
1120
504
280
1296
288
48
72
12
80
48
0
0
37800
48
756
4320
32
6
1872
256
800
64
4
352
0
72
18
6048
80
3888
4536
160
432
8
16
18
648
432
240
4320
9216
208
64
3456
256
1440
4
6
180
72
2520
336
1920
576
24
160
192
32
48
12
48
4
168
180
2520
160
36
96
1152
144
60
1152
72
1920
510
16
160
48
96
192
0
24
3780
1728
2304
3600
1200
18
840
16
120
3456
192
8
4
180
8
7200
72
112
48
768
40
990
12
3600
90
1512
192
3360
0
960
560
5040
42
960
90
288
128
144
20
5184
24
6
128
48
8
360
48
840
20
84
2016
35280
16
1728
128
5280
144
48
252
2560
144
60
384
176
64
440
4032
180
13440
32
700
160
1200
24
1728
4320
576
48
14400
72
864
1728
240
180
22176
216
216
30720
3360
2880
48
480
12
384
288
300
864
1152
288
4224
1008
0
96
330
96
288
0
2160
720
28
4200
30
2520
144
3600
384
2520
144
3584
1440
96
384
24
288
1260
6912
1440
640
3456
5400
140
160
128
12
480
576
32
600
192
224
256
756
112
880
3360
12
6912
8
5760
1152
864
144
48
80
48
224
864
288
90
384
128
16
24
432
16
192
6048
256
180
840
42
180
48
0
1152
24
288
480
864
240
144
3360
504
0
1800
336
30
7200
40
960
720
1056
60
72
32
24
180
24
168
2592
4320
1760
24
126
12096
15552
648
1152
4800
6
8
96
0
12600
392
1248
7560
4320
5760
160
120
6912
32
2
96
6
432
360
8640
240
3360
36
72
3120
0
180
3840
832
504
24
144
480
0
10368
2940
24
2880
0
720
300
108
672
192
720
18
14400
48
768
18
0
0
288
720
504
6
60
480
10240
216
48
3456
240
16
128
36
96
384
96
72
5760
896
20
132
324
60
840
0
3840
1120
0
336
128
128
1800
504
8
3072
160
24
420
12
1440
288
128
144
360
216
40
288
2240
64
24
3840
128
13824
12
0
6
720
288
6
24
4320
6912
5760
960
6
64
1620
16
32
0
450
504
216
32
480
24
640
21600
12
7200
24
66
128
208
64
3024
14580
60
12
1440
8640
11520
336
96
288
1200
16
8
64
480
400
60
180
24
288
8
19008
2160
36
54
54
360
160
32
6
15120
960
960
6400
132
80
6912
720
6
240
96
288
18480
640
432
288
5184
2200
1620
1008
288
24
480
24
112
96
12
432
96
24
140
60
960
120
162
96
1680
80
2160
384
2160
24
0
432
1232
16
144
5760
20
48
3840
2304
1280
576
0
720
384
11520
144
48
2
896
1280
756
120
540
240
1920
0
96
40
1260
192
192
432
48
480
112
4032
6720
180
1440
960
2688
1920
0
12
4608
630
8
168
720
576
1248
13440
2688
216
2880
2016
1664
72
4
144
6
18
24
576
1680
32
2880
48
12
160
288
288
144
88
1344
38400
0
64
8
96
2304
5760
6
36
24
432
160
2688
48
36
2240
2880
384
80
12
384
24
64
160
70
704
24
6720
2304
24
400
216
0
360
16
8400
192
432
120
12
144
2
324
720
11340
12
5040
4320
0
96
480
0
24
128
64
336
2400
720
144
360
6480
5760
192
0
21504
288
3456
288
144
144
864
6480
280
320
48
756
32
1320
1680
0
576
8
120
288
240
128
12
1026
64
80
1620
48
12
240
4608
512
3600
96
48
144
5544
800
7200
64
216
4
990
11200
6
6048
2304
160
240
32
64
60
16200
4
36
504
4
576
80
4320
3000
144
64
0
24
1680
0
32
0
1024
1200
1728
60
0
1664
3456
1536
32
648
640
96
2160
1800
44
384
72
4620
5184
108
640
64
288
24
240
16
1568
160
192
840
96
2016
96
6912
720
924
4
112
768
1440
160
3888
24
180
0
288
624
3780
4
2520
960
12
120
84
12
1008
2400
240
144
864
432
24
64
1440
216
40
2160
96
24
480
48
168
960
672
26460
1008
264
144
3024
22680
11520
4
1920
144
36
48
576
32
60
1232
540
5760
64
80
648
24
240
168
480
1120
48
12
440
0
2400
80
2000
36
72
12
576
288
16
768
60
48
882
480
96
2688
34560
32
240
32
13824
108
2560
8640
6480
5616
864
240
32
7680
1260
24
480
144
80
576
24
216
7056
128
270
5760
8
7560
1152
16
20
144
432
12600
2916
0
36
5184
240
21600
320
24
24
96
48
60
1344
864
16800
180
6
270
144
864
180
336
48
120
36
144
672
1792
1296
2048
128
32
72
960
5760
1792
3840
2304
96
20
192
64
0
360
9984
144
960
120
640
600
18
288
144
10
432
2880
252
4
4
432
36
360
1344
1920
72
864
80
1120
0
192
0
0
2240
16
624
288
28800
18
0
4032
192
12960
120
19440
576
1920
144
144
12
864
198
960
216
6
60
168
240
24
0
720
1296
24
2640
1440
24
4320
18
1024
32
384
1800
2304
448
18
0
64
400
432
128
0
320
200
960
216
48
1440
32
336
36
768
1920
120
288
12
448
576
60
48
24
864
128
192
1920
0
2592
0
1560
288
384
1536
648
90
768
756
120
480
450
48
12
1080
2240
6
80
1620
576
24
324
1920
38400
3240
4
32
4
720
128
66
192
0
512
432
682
160
192
12
144
6
32
352
36
1152
12
1280
560
864
20736
96
80
432
216
96
320
36
2352
240
60
20
27216
96
15876
25200
720
112
6720
120
576
18
72
32
0
12
288
5184
144
384
216
72
320
1080
96
126
1152
0
120
96
3780
64
96
512
312
168
8
360
5940
1680
280
1080
12
108
12
504
72
4
30
144
36960
1080
0
0
216
36
8
960
1728
1440
108
96
1620
3456
48
18
12
10
0
18
180
4320
400
3840
24
72
320
480
2304
0
144
2016
8
432
7168
12
0
5760
256
6480
8960
336
1440
10752
448
960
1728
528
12
120
96
240
6
44
768
180
0
8064
96
60
192
0
320
96
8
36
1344
24
576
6
384
840
1920
12
40
84
80
432
96
2
640
49000
12
1296
240
1680
216
40
56
2592
96
48
768
36
36
32
0
32
216
16
5760
3360
108
24
1680
384
720
48
0
960
324
180
96
1080
2700
96
0
6000
96
616
252
24
16
90
1408
4032
144
12
16
23040
2
24
792
936
768
144
128
12
4
320
528
144
252
1008
2592
216
80
2
0
7280
3600
0
32
144
128
1680
384
360
64
11520
280
180
1344
2880
144
32
432
360
264
960
5500
25920
216
57600
432
90720
5940
37800
12
768
720
24
48
20
48
288
24
72
300
252
180
1280
0
640
288
120
96
180
8
1620
576
4704
192
0
18
36000
240
120
960
60
432
1344
114
16
180
864
0
1728
216
3456
24
1056
192
72
768
12960
40
192
432
288
2700
432
90
24
2880
24
2880
1440
432
15360
10080
24
864
4
240
1440
16
400
90
560
0
216
8
864
1440
1200
320
72
18
72
20
560
16
1200
360
48
30
1152
8
0
216
432
12
768
1152
84
840
24
32
3456
8640
1728
330
96
2
2688
288
0
24
360
4608
24
2880
600
7056
24
128
4704
10
60
144
24
510
360
8
2304
96
72
416
0
56
2700
0
240
192
96
24
3024
120
24
20
8
0
96
0
144
13440
300
240
360
30240
240
80
8
16
40
2016
0
4
12
8640
336
6720
8
48
1344
2
0
10
16
240
1680
20
384
144
1080
15120
840
0
8
21600
432
72
108
16
192
3168
288
2880
2016
30
16
28800
432
2880
72
648
4
96
288
1200
72
432
2016
1280
12
5760
4320
24
7680
48
784
36
176
468
336
4
12
72
336
360
38880
0
18144
800
144
72
96
36
4
2816
5376
60
32
40
8
420
0
144
1152
144
864
480
72
168
90
1800
144
24
180
1200
24
7680
0
32
2016
880
240
240
144
0
0
1440
32
96
1512
3072
672
2016
216
90
432
64
1344
120
126
576
972
24
180
700
5376
192
270
3200
192
53760
624
1536
4
588
2160
512
576
0
6
56
256
96
0
24
432
144
540
21600
12
96
1152
200
384
1920
2100
4
96
576
108
1200
3888
24
48
12096
7560
1920
54
960
3600
36
0
1440
12
0
1188
576
1764
8
576
240
648
160
216
140
60
480
80
540
4320
240
4032
648
128
1848
5760
144
192
480
0
432
72
19200
32
100
1620
720
96
24
480
252
96
36
480
160
8
30
1080
0
6
72
4
12
4320
48
6300
360
192
42
36
640
48
120
84
48
1920
1792
504
108
504
120
196
280
0
448
16
792
240
216
144
240
0
13440
32
96
48
4
640
504
360
3456
8
720
16
48
288
5184
2880
36
17280
2400
1920
72
72
1080
144
448
576
6912
1152
48
360
144
64
96
96
72
576
0
192
108
144
5184
3600
288
640
360
24
6
0
1008
128
864
4860
224
0
192
13824
3600
480
720
80
6048
32
0
480
0
48
192
810
32
0
192
18
0
720
12
576
72
24
1024
48
600
4
224
420
48
200
2400
6720
1152
288
4200
1728
360
1080
1152
32
4
80
54
40
192
48
1080
200
180
8640
12
144
168
1728
5040
616
0
0
64
512
960
648
384
1600
0
288
5400
4
120
192
288
12096
48
24
96
480
8
8
16
11664
64
576
120
43200
270
2880
48048
6720
280
36
2304
900
10560
80
2304
16800
1620
1152
4608
0
240
480
2592
36
48
560
16
0
16
128
4
0
288
12
96
24
120
16
624
16
120
42
240
23520
16
792
20
48
2016
360
12096
0
2160
6
29952
6
60
144
2
288
24
96
36288
1344
48
32
1728
864
1680
8
160
128
3456
0
12
58
1680
0
672
720
1680
0
4608
144
1764
8
1024
2592
16
128
40
72
0
3600
6912
10080
8
3780
1000
40
144
48
0
576
10080
864
360
1024
252
160
192
8
5184
432
33600
672
12
1920
24
4800
512
48
768
144
32
128
140
96
108
320
1280
8
144
108
56
960
2048
2240
384
756
1680
840
12
1728
60
1080
96
64
64
42
72
360
300
1296
120
1800
252
8640
42
384
48
0
12
0
24
1056
420
32
288
200
108
0
120960
520
0
16
600
4400
16
120
240
24
864
2880
18
48
1152
32
84
4608
216
144
240
4
160
12
320
240
360
128
0
320
12
720
6
800
48
24
2
5184
2688
300
512
2
0
360
1728
160
504
12000
30240
10368
320
720
240
12
192
168
288
560
72
81648
6300
160
48
7200
2816
9408
4320
48
12960
5760
4320
216
192
240
9216
256
1260
40
16
360
384
432
384
1296
210
144
288
240
8064
112
1260
1344
40
64
8
16
560
192
1728
16200
1680
42
360
960
360
1296
12
80
1280
192
17640
48
2880
72
1440
288
180
900
3840
2016
72
36
160
288
2880
420
1440
1152
32
8
2560
60
432
648
140
192
1440
1080
50400
240
640
108
4
240
560
2880
1344
80
432
1440
108
84
960
768
0
0
3456
0
120
0
42
120
800
34560
36
1980
24
5940
126
1728
108
1536
192
1344
144
640
24
1152
36
144
224
3456
1728
3024
14400
4
64
20
144
0
192
240
24
96
312
3024
0
30
288
72
240
960
720
96
6
30
27000
6
3024
4608
36
4320
60
216
48
8
2304
384
450
1080
12
240
1152
6
324
1920
512
144
240
24
18
30
400
168000
1280
240
1152
1008
168
5184
560
8
12
240
960
720
864
120
168
480
192
96
256
336
576
2240
24
108
1008
32
10
42
80
24
4800
960
24
1728
6480
72
0
240
2592
64
96
120
32400
8640
60
216
1152
24
4
30
2880
648
160
3456
60
504
504
60
144
8
216
528
72
9720
31104
576
16
72
480
512
2048
224
0
3360
768
792
0
72
240
24
2240
23040
432
20
32
12
1600
4320
7200
6
35840
16
20
6
108
8
864
6240
144
96
2592
1008
8
400
960
288
16
8
32
36
3840
864
480
180
4200
224
240
64
20
132
576
160
3456
2700
8
1122
1296
480
384
3456
18
0
2880
5280
120
36
180
12
576
288
232
168
40
72
6
24
24
8640
176
1296
0
192
256
112
72
8640
8
42
288
2160
1280
18144
8
448
1512
12
480
0
192
216
5600
48
192
0
10080
96
3240
48
1440
4
36
1232
576
384
16
72
192
144
960
2016
2160
0
648
144
36
144
12
160
4608
864
0
1152
896
19440
18000
0
288
2112
36
288
48
0
0
40
576
2304
72
240
192
96
40320
36
60
96
48
5400
2160
32
480
0
1152
512
32
432
6272
5376
3360
72
160
672
144
1080
864
192
48
360
48
1008
240
0
96
1800
48
72
5760
288
4
72
24
8
15120
24
320
36
5670
48
16
3456
6
48
40
4032
768
324
24
0
32
12096
1296
16
128
12600
10368
17280
384
2304
120
1344
960
8
6
768
64
512
2160
144
2
576
192
40
256
1080
432
12
120
728
6912
384
720
6
270
7776
0
2240
72
9408
3920
560
3102
8
720
16
360
8
12
20
2800
1440
128
4
64
2520
10800
56
32
210
12
6048
72
16
180
192
432
270
720
0
0
192
420
0
384
0
560
576
1152
144
128
16
192
1728
0
2
60
13608
96
360
24
20160
72
32
4
1920
5760
4704
12
128
32
0
384
2016
1440
4464
10
2520
36
576
384
648
9600
480
48
4
0
288
1344
72
72
588
8400
36
0
23040
10800
120
12
1344
432
0
48
1800
336
12
3696
128
128
192
0
9000
240
144
120
60
84
4480
108
7776
100800
108
176
12
24
320
576
432
864
72
1296
0
96
3840
160
60
64
12960
2400
1320
18
2048
1280
6272
48
2016
60
24
2240
4
240
12
144
7776
1728
960
240
8
1620
216
20
960
1120
324
1536
96
720
4800
1920
256
1440
24
54
1024
1344
384
24
1728
3600
300
96
80
24
24
0
120
8
1440
144
144
12
112
40
8
360
4
72
84
336
72
8640
36
360
378
0
16
192
384
5760
6
384
48
336
12
704
4
672
1024
96
1080
480
352
864
128
6
24
72
336
2304
2592
12
1728
144
176
16
32
6
1200
192
8
252
12
96
24
576
1680
2268
10080
480
1792
4
1536
32
72
24
1728
100
12
768
20
17280
180
5760
0
10080
15120
12
336
72
64
12
0
24
0
12
768
576
64
1800
512
10368
252
120
744
8640
960
0
6912
864
336
128
280
84
2112
720
540
96
960
96
44
0
72
864
1760
640
4
256
192
432
320
24
84
128
18
18
16200
1120
560
256
0
32
128
43200
36
3360
16
640
0
240
24
120
110
384
300
108
5376
0
112
288
24
288
240
288
60
192
24
2880
280
20
4
168
2304
192
288
3456
0
2
32
144
192
10800
30
560
1152
1728
5760
432
160
1152
54
360
216
72
96
240
336
6000
720
12
1008
320
4480
2880
720
6
192
1344
4320
8
84
720
432
480
24
80
80
24
432
216
96
24
432
56
3456
72
480
288
480
112
24
72
864
720
140
8
512
960
64
280
360
4320
20160
18
6480
2592
96
224
6
192
3780
36
864
12
36
144
36
7056
8
256
1152
60
64
48
0
384
84
5760
48
0
20
4
864
12
360
2160
144
16
40
440
24
80
144
6048
120
96
400
900
42
5544
480
432
5760
1008
512
3072
396
468
20
5760
9600
448
120
128
198
64
24
12
1152
4320
12
48
336
2592
432
672
1920
64
96
36
72
72
2016
240
176
8
144
384
216
30240
24
160
2700
24
320
256
1920
1200
24
8
90
6912
6
1200
1728
324
4800
16
36
6480
72
96
756
900
4
270
360
64
2268
540
2880
36
48
72
180
8
12096
120
40
4
0
2160
484
288
1344
108
4320
2
1008
0
88
384
48
144
14400
48
10800
185328
1080
864
128
180
576
32
32
504
1008
36
3960
720
180
768
0
11520
336
288
480
1536
1008
14400
2240
1152
192
56
57600
324
48
528
1056
3024
4320
960
36
1080
80
1440
360
240
96
24
1440
864
128
40
60
60
4480
96
768
72
336
5280
4320
192
40
864
90
210
1680
420
72
960
72
6
660
60
48
336
8640
1188
192
120
192
36036
480
240
60480
256
96
280
480
672
144
2520
8640
480
18900
24
1792
240
7680
240
148
28
672
12
0
23400
360
1152
640
576
0
300
16
12
1260
1440
8
2016
512
1344
288
0
224
672
3072
6
1728
32
45360
108
648
288
256
4608
672
3240
24
64
180
36
2400
720
144
72
432
24
6
12
8
1728
8064
32
1008
96
34560
144
2160
3360
48
1920
48
960
1280
128
12
48
80
432
0
720
0
60
64
864
176
16
288
216
2240
240
720
8
240
5600
1440
768
0
3744
24
48
12
16
1008
320
560
5040
5760
90
784
16
0
180
1152
216
360
16
1248
144
432
1440
112
2
192
24
0
960
48
32
3240
48
96
144
2048
36
24
60
2016
16
2240
1800
960
864
7560
6480
84
1800
420
176
1440
18
16
48
416
60
10
108
96
12
240
616
288
128
60
3456
128
768
6
1440
16
12960
5040
8400
32
432
64
0
360
64
0
36
180
864
96
252
576
1344
1620
1152
1260
16
180
24
576
15120
168
4536
480
28
18
1080
8
96
1440
16
256
2880
90
6144
1440
9216
384
72
48
8
72
80
960
720
120
2376
480
32
120
40
9072
96
144
144
10080
0
52
3456
6400
74
42
1056
3200
32256
2520
1920
216
32
0
512
30
396
72
384
208
720
30
384
576
8
512
1400
960
80
1296
2016
960
320
66
64
1440
2880
96
21600
192
16
1024
1344
720
144
48
9216
48
8
48
672
7776
128
4608
6
2016
144
36
48
192
0
56
1470
576
800
60
168
24
64
14400
288
36
16
288
36960
144
6
16
432
288
144
2592
72
44352
0
256
12
192
480
160
48
24
648
1728
0
1620
192
480
192
3528
0
288
4608
96
6
256
0
5376
112
4320
96
8
1344
16
96
720
360
192
14400
2520
6804
24
2592
42
128
1456
132
2592
504
4800
56
162
200
0
90
1080
12
192
540
480
12
54
32
96
6048
192
140
196
72
4
240
1200
48
120
0
8320
3840
54
576
6
1280
540
240
192
480
3528
4620
72
13440
8640
756
528
7776
720
1248
64
216
48
19200
144
120
540
32
672
128
288
336
108
896
144
2592
56
432
240
96
384
0
1440
630
128
384
576
21000
192
3960
112
2800
1296
64
42
18720
256
8
1440
23520
8640
0
4480
2160
594
960
0
105840
4032
2304
3360
256
32
320
280
2160
280
5376
384
38400
72
18900
880
4032
144
12
5400
240
1872
720
32
24
24
2
12
0
320
16
252
132
0
8
576
176
768
1260
1920
192
48
1320
352
336
2592
108
5184
0
0
40
84
1280
24
4680
1728
4
2880
40
256
108
2880
0
840
1440
240
30240
0
10080
1800
224
48
1152
13824
1650
2304
1008
16
0
720
24
192
240
480
384
1920
16
576
12
6400
80
480
192
48
25200
1280
720
56
252
6
864
648
32
192
288
288
10080
33600
2592
8
4608
120
0
24
660
576
480
360
33600
96
288
4800
504
2880
72
288
96
144
144
336
3456
8
32
756
720
144
216
198
1120
960
144
8000
640
48
16
144
16
48
1664
288
8
384
12
960
15552
64
5760
48
288
720
1008
360
288
8
7776
12
30
6
72
1800
24
8
1008
80
112
12
768
288
40
60
576
0
210
840
372
960
64
360
576
280
16
1728
288
64
28800
32
160
256
80
240
8064
192
672
12
288
4
576
240
720
864
720
12
32
288
160
192
432
1728
15120
84
96
2400
108
120
11520
1536
8
0
576
3360
12096
480
240
384
24
2376
320
24192
24
64
72
108
1440
32
1024
30
1620
4
5600
0
47040
6720
2160
120
30
96
14700
96
132
1920
8
768
40
64
480
48
6
240
0
72
20160
640
648
10
6
720
30
144
168
36
1152
192
64
34560
48
4862
960
960
864
2400
432
1008
0
216
40
3150
54
8
32
108
352
1920
384
1536
1728
1296
1040
16
144
7200
96
12960
2304
2240
2880
2160
24
320
1152
192
54
144
8
1008
384
720
1440
720
144
32
504
72
192
224
720
4800
288
20
80
80
10080
0
48
288
8640
672
768
9216
20
240
48
15552
0
336
174
2592
32
160
72
288
64
128
46080
440
160
4
24
3456
8
5760
1920
36
6480
960
448
480
12
300
3024
12
256
216
24
600
420
30
7560
72
1728
2160
1080
576
1728
60
576
1152
1728
288
576
4608
192
1792
1152
8640
30
288
24
42
432
3360
192
0
24
6
72
16
180
64
1536
112
480
0
384
0
96
64
2688
72
720
24
168
18
770
160
16
96
32
1600
640
8
168
432
96
704
96
504
24
4320
40
320
5184
24
756
240
7200
96
720
360
120
40
1296
0
6720
216
4320
960
960
576
48
96
90
80
756
120
90
3072
32
24
24
2304
30
264
120
1296
0
40
480
0
12
208
48
252
12
840
60
1728
288
1280
288
756
12600
4608
1456
1400
5544
5184
5376
280
96
2688
2
1600
12
576
768
768
1600
504
24
20
378
560
320
96
1728
72
960
288
252
18
16
6048
672
252
840
36
12
576
0
12960
384
144
24
90
96
2160
80
12
280
2
448
0
8
2160
5760
80
384
240
240
416
462
144
32
11520
216
6048
3072
864
12096
2160
192
144
8
96
144
224
24
240
2160
12
360
18
1800
0
16
0
360
3024
512
8
1152
200
60
120
384
1680
504
2160
432
24
896
8
60480
192
192
56
192
80
2688
6
40
480
4800
480
6048
0
20
24
72
36
576
480
72
144
80
240
5760
216
48
4
3072
24
1152
180
224
2
2592
15360
50
8
8
360
12
600
72
48
2880
288
1536
242
64
96
420
4320
4536
16
108
2700
10560
0
360
12096
1728
1296
1176
0
3328
60
832
5760
6480
0
0
10560
60
240
8
2688
256
0
300
1728
24
12
96
24
48
72
5040
2592
384
2880
0
288
960
1008
64
576
480
1512
28800
72
144
108
0
144
2
336
80
192
26880
24
144
6048
396
0
432
144
128
720
216
0
208
2112
192
90
3840
8
18
8
6
108
64
810
16
120
96
480
96
2400
10080
960
30
1512
504
360
576
360
64
2160
108
48
4
12960
72
64
45408
112
288
0
720
80
1152
3920
28
2520
160
3360
176
480
360
32
96
44
132
2160
336
6
12
0
288
4200
6
56
1152
0
192
3200
1080
0
192
450
72
2520
192
8928
96
2400
360
1152
1200
72
64
192
448
960
192
13440
32
480
18
48
8400
24
2880
960
12
720
144
640
1080
12
144
8960
47040
30
12
384
1296
12
0
990
1728
40
32
540
80
4032
252
80
252
5760
360
96
72
960
80
64
8640
4
36
16
720
384
6048
6300
432
16
60
100
1176
28800
576
8
480
448
64
32
60
72
96
16
2304
480
270
720
240
2304
96
1440
240
1260
48
96
480
0
0
480
72
11520
64
4
1536
1664
48
288
18
40
576
504
300
576
1728
4320
8
1280
36
1944
6
128
990
64
3456
96
48
24
2240
48
1008
1620
2940
360
192
144
3360
840
24
936
360
12
48
48
96
2688
12
5376
0
180
32
960
20
24
24
6600
0
8400
378
2880
160
48
3840
40
2400
48
24
448
0
768
7056
960
48
648
108
1848
1120
72
4
12
6
8640
1152
72
80
192
36
32
4
72
96
100
28000
0
2304
2016
2100
5184
16
448
288
5040
12
144
32
960
128
24
192
4
6
11648
144
42
288
4320
64
360
1920
48
48
4
12
720
80
720
384
144
720
40
336
5292
18
2646
540
672
126
2304
4320
44
12
32
4320
25920
3456
16
360
32
864
384
960
8
672
3696
960
144
3600
30
448
640
512
8
72
1980
36
96
60
12
64
180
640
384
2304
72
64
240
64
256
672
1320
252
10080
7680
24
120
72
448
192
12600
80
168
216
2520
72
288
1560
160
0
864
180
768
1440
336
360
160
7680
0
12
672
0
480
48
384
48
240
129600
432
1440
64
16
0
2016
240
2016
12
72
324
1056
240
8
256
3456
720
32
96
16
720
96
600
32
12
256
4032
40
192
180
324
540
576
160
60
960
504
4032
128
1440
12
5760
624
12
288
21780
1584
330
96
1680
2700
36
100
72
12
2016
504
180
108
144
40
144
120
24
84
108
1296
360
72
176
7200
24
2520
2880
972
192
40
12
256
64800
6912
2520
960
5760
576
128
11520
2560
4
0
1280
32
48
12
616
1080
24
896
120
48
144
396
16
72
11520
576
60
0
2352
240
36
0
36
72
756
1440
640
64
384
24
8
72
9216
80
48
0
360
400
1008
400
192
640
360
360
96
4800
576
180
18
12
24
384
384
0
120
1920
224
360
48
378
288
2240
60
256
256
72
216
7200
224
12
96
480
120
2880
2304
256
48
0
144
512
240
1728
1944
3600
120
32
20
192
1440
960
2688
13824
72
96
5760
64
264
48
168
64
108
1008
432
240
192
540
40
33600
32
8820
432
128
1600
96
9600
25200
2304
2
144
24
24
1620
490
14400
224
216
112
48
5184
3456
180
8960
640
480
24
324
144
6804
1512
24
60
0
256
8640
576
12
4608
120
6
128
120
72
1440
2592
240
36
80
10080
3360
720
8
240
16
4
80
648
8640
3200
72
832
240
192
1296
108
720
1200
2880
1536
144
1080
48
13440
300
3360
360
40
60
2160
42
0
42
72
4800
384
3600
36
88
1440
84
14
24192
1080
1280
12
3200
1344
512
64
640
40
648
2520
2520
36
504
0
1728
80
384
8
560
576
48
0
21504
160
270
96
32
384
24
12
16
192
448
8
12960
160
64
16
576
6
0
120
144
19440
4
4
720
864
6912
0
80
240
16
540
2160
90
4320
60
4
192
4608
10080
28
768
132
72
2304
360
576
128
600
1512
960
60
72
32
48
36
672
480
768
288
40
6
756
1728
5760
44
126
24
576
144
360
768
11520
30
144
64
1024
128
5760
336
96
3960
864
4
3240
96
640
864
1080
7560
10
16
168
108
21000
72
0
2100
3456
48
112
640
2160
3360
2400
384
16
64
5760
1296
576
3840
60
32
48
756
400
384
1800
54
576
1092
24
1152
25920
1440
520
960
2160
10080
320
48
24
21600
4
96
16
1080
2304
192
240
1728
2880
0
12
896
2592
60
4320
768
288
2304
128
0
15680
432
360
2592
180
168
3240
16
2
4
72
432
3888
120
216
320
72
48
8400
960
90
512
48
240
800
2160
24
160
72
48
216
36
384
96
8640
176
4800
48
84
72
96
96
120
624
36
4320
384
40
36
480
8
36
0
384
144
1890
5600
6480
8064
192
240
5760
4368
180
160
288
0
12
168
480
72
896
36000
880
18
4608
432
0
1024
64
36
288
8640
50400
176
8
24
1152
16128
1920
1440
2592
96
480
60
1920
30
0
576
0
180
36
80
312
420
24
896
0
10
576
192
30
60
2880
1920
144
40
2592
3456
96
160
30
1296
210
240
432
4
240
144
576
48
324
144
288
160
336
1008
192
0
288
10800
12
1512
1152
12096
360
1296
420
768
20160
0
210
240
288
160
144
28
0
1134
1152
64
2592
896
384
960
40
288
1440
120
720
2880
384
80
192
192
4320
168
120
1260
480
0
16
168
72
216
280
5760
160
10368
4536
768
6
960
864
336
72
32
18
0
48
320
2880
0
64
672
144
810
72
336
1344
0
24
90
5184
960
224
16
960
320
144
0
24
12
2880
24
48
12960
120
8
60
24
36
448
90
6400
48
288
7680
20160
576
112
400
128
6
0
2016
576
1200
11340
9408
32
36288
0
24
4
128
3000
8
108
480
36
36
372
720
72
7200
320
40
1728
3840
5760
336
720
32
1008
2880
144
80
48
4
160
640
240
2232
2304
768
480
144
72
224
16
896
28
72
288
0
3360
48
48
18
4
528
480
96
132
2592
1296
0
576
5376
96
0
14400
48
24
0
384
12
504
576
864
420
792
24
96
84
240
80
12096
960
240
72
1944
288
96
384
10
0
144
36
10
0
0
864
1960
72
40
36000
512
96
48
0
288
3780
144
20
48
23520
2160
2592
7560
720
100
14400
384
10800
1920
832
144
2160
32
6480
2
5120
2160
24
56
12
6048
126
1440
12
120
48
17280
240
216
240
3080
432
40
48
96
32
4320
4000
2400
648
720
24
448
540
3456
30
20160
240
320
24
55440
1620
896
2160
44
480
594
24
64
288
2520
384
20
256
420
4200
224
104
16
25920
128
2160
864
2560
160
400
96
8
540
96
20
24
2304
240
32
72
210
960
720
72
60480
15552
480
48
396
2880
48
864
24
384
144
960
1260
72
128
640
960
48
1080
17280
4
11520
64
96
3840
40
11520
864
1152
3168
48
0
384
48
360
352
10080
32
24
960
108
80
8
4
8
12
320
56
64
34560
2
24
0
504
7040
96
88
432
36
4
12
12
120
512
6480
576
8640
560
32
216
1152
16
10
1080
36
360
384
960
0
5544
128
144
72
288
16
3072
864
900
42
896
12
288
16
960
2268
2
600
1056
36
1440
432
5292
1152
280
1200
20
32
320
64
32
1728
3024
2430
480
8
144
156
1152
480
420
480
8
0
10800
1152
0
192
6
96
24
4
32
12
72
10080
64
240
8
96
256
288
16
4704
56
176
20
2400
168
1728
0
768
144
96
96
216
7776
150
192
18
96
0
12
24
720
64
576
0
0
0
3744
1152
1296
2304
60
1728
72
2016
640
7200
864
280
6912
1080
8
10
36
72
432
16
420
840
24
5184
1008
768
8
144
144
144
2304
96
96
216
48
24
36
2
512
23040
108
10920
576
384
160
720
216
30
384
288
6
180
18
3600
480
240
432
336
360
2
840
60
896
1440
1728
192
3456
20736
72
840
96
756
288
162
2880
5292
13440
0
12
1728
7560
72
312
216
216
336
0
8
224
288
12
30
3840
588
320
30
48
24
1680
24192
144
64
1440
5400
1440
200
336
768
64
432
54
156
1512
60
72
16
384
24
72
540
1152
8400
128
240
288
720
0
432
1620
2880
12
4
36
80
20
72
900
0
320
288
720
80
8820
13824
16
180
96
128
160
0
108
80
576
96
64
594
0
8
3136
48
24
704
360
144
576
24
17280
5400
540
96
0
360
0
48
6
192
3456
6300
8
80
12
960
240
96
16800
3328
8064
1536
224
48
1296
192
96
3360
72
2160
756
4032
10080
384
96
1760
308
216
468
40
90
48
10368
0
360
43200
32
8
9072
576
1440
12
96
96
12
336
80
1890
24
90
0
5040
176
0
5184
8960
48
7560
11340
384
80
48
840
2520
48
1296
1920
2
960
72
432
0
320
512
30
216
32
8
22
18
1344
9072
12
7350
0
12
12
80
80
3072
16
160
4992
960
5760
8
80
24
180
40
576
6400
8
72
672
2400
1344
8
192
1872
60
24
432
1152
36
7776
192
90
120
0
120
800
12
120
72
64
900
5040
576
1120
8960
2880
6912
512
1800
0
420
36
648
2560
2592
36
2
1440
128
832
960
2520
960
32
640
336
3168
216
96
40
240
12
24
448
70
5376
120
288
24
24
800
2160
480
84
432
144
4
72
624
128
5040
2
144
1280
40
144
756
168
3840
480
2816
288
12
160
1152
960
144
12
5760
288
1848
504
13824
800
24
504
2352
120
224
32
72
2160
40
288
120
1200
96
5600
32
1008
216
18
540
48
192
36
2240
8928
6
96
372
360
48
16
96
33600
2304
60
14
10080
648
192
120
540
1260
0
24
0
5600
2880
144
42
8
0
2160
432
720
960
4800
72
72
24
3072
96
480
15120
2520
1848
600
192
720
480
1440
48
168
1440
32
80
6480
3240
9216
288
16
66
1512
96
360
1080
2016
0
3840
8064
37800
48
17280
2700
640
48
144
48
1920
144
7680
960
2160
18
72
360
13824
38400
48
330
960
1440
16
144
216
432
320
24
240
480
3456
16
8
1944
32
720
360
108
384
24
192
384
1000
576
64
17920
160
128
24
3072
648
576
2160
36
80
1344
240
64
12
144
16
168
48
72
4032
960
420
56
12
180
216
1728
288
24
504
16
22050
162
126
960
120
11520
792
1440
48
4320
672
20
1944
144
8
144
252
132
240
216
720
720
48
16
1728
1440
216
288
216
1536
96
1440
48
64
192
60
24
576
216
144
1536
1280
180
1080
12960
72
288
20736
14400
1440
14400
48
24
5600
36
2592
12
16
216
48
270
576
48
288
80
30
1080
192
432
12
792
36
16
720
42
192
240
4
672
768
8
1080
288
80
288
12
560
6
60
20
10368
48
576
132
720
2240
600
1728
128
0
1944
18
320
378
640
288
5184
144
1200
192
96
24
20160
432
432
4320
288
1344
840
30
3456
864
1890
320
288
1080
426
6480
0
960
648
360
432
0
48
96
72
12096
1440
896
18
1200
768
1296
12
1344
2880
288
180
120
160
256
20
16
10
1008
1620
5760
80
2700
5760
0
168
2160
48
2772
12
180
1600
0
4320
0
896
84
8
240
288
4200
5040
20
0
84
288
2880
960
160
2496
180
48
48
448
6
192
40
80
288
864
224
18
420
352
40
96
72
0
960
1080
384
2880
24
1176
768
132
48
0
1440
0
6
360
1344
72
96
320
14400
5880
960
8
24
5376
22680
2048
14400
144
1728
378
2880
1152
648
64
1920
36
4032
144
108
216
240
576
1680
864
2
1440
16
192
80
240
72000
7560
12
320
2160
2160
7200
320
120
96
120
2240
720
1344
1050
8
120
720
58
96
1920
32
504
1120
128
3600
4
1008
112
72
6
1320
20
640
0
44
144
1440
720
72
504
24
150
192
19440
240
18
576
80
72
720
768
54
96
120
720
40
3456
4
148
144
72
216
0
480
2
14400
1280
2
144
4
72
416
10080
96
1008
120
600
640
960
0
1920
40
960
0
192
8
480
480
360
960
180
72
36
6
3840
36
24
16
576
480
120
21600
840
48
3432
2304
576
256
72
240
168
18
16
120
12
140
2520
0
5040
720
432
288
864
96
864
6
144
13824
120
160
864
648
0
108
3240
1008
144
4
12
64
3024
504
396
80
384
4320
288
2560
288
0
48
16
320
3840
0
832
12600
36
48
80
12
768
384
1536
6912
512
80
96
36
3840
2160
2592
2
1536
288
10080
11200
96
480
40
0
8
24
1440
88
96
216
504
36
768
256
640
504
256
12
18
1440
36
48
40
0
462
40
2592
256
11520
7200
80
224
48
30
0
432
112
720
2
8640
48
768
64
14400
1120
40
120
5760
1280
260
384
3060
336
24
20
24
900
264
8
12
30
1260
0
40
120
24
90
36
480
4320
768
2880
12
0
448
32
8
384
8
10
128
4
420
216
480
324
96
0
300
120
12
96
360
240
60
576
24
1936
1440
16
2
2160
1008
180
50
17280
560
480
1080
48
1728
2304
0
7776
1152
40
1296
192
1920
14
90
720
3456
12
0
72
2688
24
24
1152
512
32
48
7200
1080
20
32
0
24
20
432
60
8
0
96
120
24
972
0
48
252
72
480
108
9072
480
36
24
1584
180
90
12
24
240
300
176
24
288
120
7776
5280
4608
4
16
600
64
4
80
640
16
20
7680
18144
48
864
6720
20
5040
72
5400
4
6600
48
8400
16
900
384
1152
504
8400
192
24
16
960
12096
384
160
264
336
96
18
96
216
32
36
40
8448
1728
6
0
12
2304
32
30
2560
32
48
216
576
8
48
60
24
5760
1920
960
12
1620
288
22400
216
576
24
36
96
960
16
24
88704
2700
100
144
576
6
288
192
160
1232
2304
288
38400
8640
180
720
144
112
7680
6
17280
24
2016
672
336
120
8
48
24
36
54
28
4
64
150
2
288
2160
80
896
8400
240
960
1260
36
72
160
576
288
15552
5824
0
8
16
0
504
1368
0
384
720
3600
52
8
64
48
576
96
5184
144
8
960
336
20
96
450
192
768
4704
24
3600
48
880
1200
30
4
3888
240
648
8400
72
0
32
704
1280
8
4608
600
4
3360
600
0
12
1944
1728
24
12
24
504
192
6
1080
256
520
2
480
6144
30
144
0
240
30
2880
128
360
18
0
576
2160
60
12
6912
1536
16
720
0
198
1920
7200
60
72
3240
13440
12
48
30
924
3072
240
15120
3072
4320
180
504
4
25920
360
1120
48
336
32
48
300
108
1320
1296
56
504
60
192
700
64
96
2304
4608
32
4
34992
720
96
84
288
512
324
640
1152
4320
5184
336
40
256
20
160
64
36
1008
30
156
2160
108
72
0
2016
324
336
48
720
160
132
1536
240
288
32256
528
160
288
2160
1536
0
144
360
384
576
64
54
40
4200
720
120
17280
288
16
12
572
24
96
192
1920
896
1200
72
48
576
448
960
8640
10080
2880
16
96
180
84
704
3360
216
96
2160
30
3024
96
36960
1344
48
5184
2160
384
128
768
840
18
2400
5760
378
1152
576
720
480
2100
16
60
176
96
12
2016
108
288
288
8
192
8
6336
3456
48
432
72
11760
160
96
160
12
384
252
1080
4320
1980
384
0
400
72
120
10
19200
8
768
1920
192
60
48
72
256
44
40
512
280
360
0
144
16
64
0
378
1728
4320
32
0
576
160
12
2592
960
400
216
180
120
1944
960
56
120
432
3840
2688
1344
288
24
8
72
1600
256
16
180
3840
704
0
1848
120
648
30
640
24
72
2352
3360
60
4480
0
8640
168
3600
576
96
28
2376
48
216
15360
480
560
2304
0
32
21504
60
84
336
4
1920
2688
144
336
216
192
8640
480
64
17280
264
0
2016
120
14400
15048
0
48
144
252
48
96
48
2640
13440
4800
24
320
198
216
96
504
576
16
640
200
4608
144
504
288
16
3360
240
16
16
128
128
180
7200
6720
96
12
640
96
96
36
1152
84
384
5184
2016
160
384
32
12
72
96
16
240
24
12
96
132
36
90
864
8
48
480
400
24
56
0
192
48
4200
28
96
24
840
60
8
5040
180
40
2400
528
840
1296
200
8640
48
3840
288
0
144
128
16
648
4320
3456
252
24
128
144
30240
3360
1800
36
240
240
0
3456
720
128
12288
1920
90
960
960
660
6
0
2496
2160
2304
192
840
28
72
16
24
16
324
64
3240
4
560
720
6400
1536
1344
1680
0
512
384
384
0
2160
480
4608
192
48
2592
90
288
2160
2160
16
108
60
2592
288
420
60
480
810
288
8
48
960
96
160
12
28
0
1176
3840
96
864
72
72
2352
1200
0
144
1920
4
96
216
3136
1512
4320
4
13230
192
0
128
3600
576
180
144
1680
448
16
288
480
3360
108
768
32
600
5376
288
32
192
1440
192
60
192
160
5040
3780
24
36
112
2
8928
32
0
6400
72
24
0
10
18
48
24
144
18
7680
48
4320
3072
18
6300
4
15120
64
30
256
384
576
144
1008
4800
4320
960
168
1152
12960
280
160
160
216
720
19200
960
96
1944
2688
6864
12
160
5760
32
2880
360
264
0
12
3456
12
1792
0
30
6
1440
144
1024
440
228
400
11200
6912
1728
1440
0
480
180
32
3840
60
120
12
2304
192
140
19440
6
160
360
1152
320
192
40
4800
12
120
6
14
288
0
0
672
0
60
6048
12
8
352
336
64
2640
40
192
288
72
1728
1344
52
72
6
280
6
576
