1000 4994
1 1 1 1 1 1 1 1 1 1 1 1 1 1 1 1 1 1 1 1 1 1 1 1 1 1 1 1 1 1 1 1 1 1 1 1 1 1 1 1 1 1 1 1 1 1 1 1 1 1 1 1 1 1 1 1 1 1 1 1 1 1 1 1 1 1 1 1 1 1 1 1 1 1 1 1 1 1 1 1 1 1 1 1 1 1 1 1 1 1 1 1 1 1 1 1 1 1 1 1 1 1 1 1 1 1 1 1 1 1 1 1 1 1 1 1 1 1 1 1 1 1 1 1 1 1 1 1 1 1 1 1 1 1 1 1 1 1 1 1 1 1 1 1 1 1 1 1 1 1 1 1 1 1 1 1 1 1 1 1 1 1 1 1 1 1 1 1 1 1 1 1 1 1 1 1 1 1 1 1 1 1 1 1 1 1 1 1 1 1 1 1 1 1 1 1 1 1 1 1 1 1 1 1 1 1 1 1 1 1 1 1 1 1 1 1 1 1 1 1 1 1 1 1 1 1 1 1 1 1 1 1 1 1 1 1 1 1 1 1 1 1 1 1 1 1 1 1 1 1 1 1 1 1 1 1 1 1 1 1 1 1 1 1 1 1 1 1 1 1 1 1 1 1 1 1 1 1 1 1 1 1 1 1 1 1 1 1 1 1 1 1 1 1 1 1 1 1 1 1 1 1 1 1 1 1 1 1 1 1 1 1 1 1 1 1 1 1 1 1 1 1 1 1 1 1 1 1 1 1 1 1 1 1 1 1 1 1 1 1 1 1 1 1 1 1 1 1 1 1 1 1 1 1 1 1 1 1 1 1 1 1 1 1 1 1 1 1 1 1 1 1 1 1 1 1 1 1 1 1 1 1 1 1 1 1 1 1 1 1 1 1 1 1 1 1 1 1 1 1 1 1 1 1 1 1 1 1 1 1 1 1 1 1 1 1 1 1 1 1 1 1 1 1 1 1 1 1 1 1 1 1 1 1 1 1 1 1 1 1 1 1 1 1 1 1 1 1 1 1 1 1 1 1 1 1 1 1 1 1 1 1 1 1 1 1 1 1 1 1 1 1 1 1 1 1 1 1 1 1 1 1 1 1 1 1 1 1 1 1 1 1 1 1 1 1 1 1 1 1 1 1 1 1 1 1 1 1 1 1 1 1 1 1 1 1 1 1 1 1 1 1 1 1 1 1 1 1 1 1 1 1 1 1 1 1 1 1 1 1 1 1 1 1 1 1 1 1 1 1 1 1 1 1 1 1 1 1 1 1 1 1 1 1 1 1 1 1 1 1 1 1 1 1 1 1 1 1 1 1 1 1 1 1 1 1 1 1 1 1 1 1 1 1 1 1 1 1 1 1 1 1 1 1 1 1 1 1 1 1 1 1 1 1 1 1 1 1 1 1 1 1 1 1 1 1 1 1 1 1 1 1 1 1 1 1 1 1 1 1 1 1 1 1 1 1 1 1 1 1 1 1 1 1 1 1 1 1 1 1 1 1 1 1 1 1 1 1 1 1 1 1 1 1 1 1 1 1 1 1 1 1 1 1 1 1 1 1 1 1 1 1 1 1 1 1 1 1 1 1 1 1 1 1 1 1 1 1 1 1 1 1 1 1 1 1 1 1 1 1 1 1 1 1 1 1 1 1 1 1 1 1 1 1 1 1 1 1 1 1 1 1 1 1 1 1 1 1 1 1 1 1 1 1 1 1 1 1 1 1 1 1 1 1 1 1 1 1 1 1 1 1 1 1 1 1 1 1 1 1 1 1 1 1 1 1 1 1 1 1 1 1 1 1 1 1 1 1 1 1 1 1 1 1 1 1 1 1 1 1 1 1 1 1 1 1 1 1 1 1 1 1 1 1 1 1 1 1 1 1 1 1 1 1 1 1 1 1 1 1 1 1 1 1 1 1 1 1 1 1 1 1 1 1 1 1 1 1 1 1 1 1 1 1 1 1 1 1 1 1 1 1 1 1 1 1 1 1 1 1 1 1 1 1 1 1 1 1 1 1 1 1 1 1 1 1 1 1 1 1 1 1 1 1 1 1 1 1 1 1 1 1 1 1 1 1 1 1 1 1 1 1 1 1 1 1 1 1 1 1 1 1 1 1 1 1 1 1 1 1 1 1 1 1 1 1 1 1 1 1 1 1 1 1 1 1 1 1 1 1 1 1 1 1 1 1 1 1 1 1 1 1 1 1 1 1 1 1 1 1 1 1 1 1 1 1 1 1 1 1 1 1 1 1 1 1 1 1 1 1 
1 215 353 136649
2 92
2 77
1 35 306 119938
2 26
2 42
2 88
1 965 998 170484
1 313 362 101034
2 2
1 274 475 89822
2 31
2 69
1 951 959 36102
2 60
2 25
1 346 574 231231
1 401 813 237002
2 10
1 480 987 126617
1 918 994 186710
2 446
2 387
2 24
2 72
2 71
2 62
2 63
2 16
1 179 342 248906
2 846
2 84
2 11
2 41
1 26 959 71
2 33
2 51
1 385 692 607
2 92
2 1
2 23
1 162 503 52534
2 13
1 22 813 257
2 78
2 15
2 85
2 93
2 58
2 1
1 298 663 15208
1 737 989 181745
1 23 698 67995
2 49
1 233 244 181813
2 34
2 87
2 95
2 15
2 86
2 94
2 71
1 436 861 19568
1 775 1000 27285
2 79
2 631
2 82
1 380 690 857
2 71
1 426 699 44368
2 87
1 664 735 132484
2 248
2 22
2 29
1 37 110 208706
2 298
1 461 686 193294
2 37
2 56
2 42
2 87
2 512
2 53
2 81
1 284 422 190695
1 980 995 34941
2 656
2 9
2 22
2 61
2 18
2 973
1 567 739 39495
2 89
2 20
1 930 994 72310
2 45
2 93
2 4
2 750
2 47
2 980
2 32
2 41
2 2
2 35
2 28
2 15
2 44
1 4 750 27424
2 59
2 20
1 993 996 108305
1 885 967 9538
1 507 812 158150
1 476 754 111236
2 60
2 67
2 84
1 686 918 6841
2 89
1 153 827 147754
2 85
2 75
2 95
2 34
2 454
2 79
2 50
2 23
1 616 808 823
2 82
1 994 1000 143778
1 212 606 839
2 54
2 78
2 97
2 64
2 387
1 254 661 218024
2 495
1 559 901 24491
2 43
2 61
2 94
1 185 614 68574
2 44
1 477 611 60632
1 92 545 23
2 44
2 44
2 64
2 977
2 69
2 52
2 53
2 60
1 208 931 367
1 91 787 2
2 82
1 96 909 503
2 21
2 31
2 42
2 23
2 71
2 2
2 916
1 90 270 66663
1 22 791 251
2 5
2 79
2 74
2 12
2 89
1 370 394 155048
2 88
1 356 847 27682
2 23
2 72
1 92 108 3
2 6
2 180
2 97
2 86
1 157 300 126670
2 49
1 354 825 68984
1 785 869 216486
2 33
2 87
2 81
2 30
2 15
2 962
2 74
2 679
1 611 848 159626
1 23 826 419
2 80
2 17
2 49
2 16
2 57
2 66
1 326 372 17
1 851 956 246046
2 6
2 46
1 556 932 93818
1 258 460 7
1 61 278 23
1 405 603 128025
2 61
2 3
1 177 353 109433
2 88
1 88 120 176410
2 70
2 658
2 43
1 471 772 563
2 30
2 62
2 60
2 90
2 390
1 287 521 5928
2 100
2 7
2 87
2 20
2 22
2 94
1 630 691 173811
2 15
1 72 146 7
2 88
2 60
2 70
1 15 825 153934
2 76
2 96
1 374 605 164546
2 89
2 124
2 44
1 491 686 215527
2 13
2 46
2 99
2 94
1 100 250 2
2 23
1 92 499 29
2 26
2 17
2 79
1 119 340 37644
2 51
1 712 834 40940
2 53
2 12
1 818 898 248430
1 616 694 228595
1 446 742 140306
1 550 982 119080
2 16
1 255 488 53888
2 7
2 92
1 961 967 214967
2 68
1 922 991 168246
2 28
2 32
2 28
2 89
1 275 390 68444
1 369 483 72333
2 15
1 198 216 195879
2 61
2 95
2 19
1 640 712 41018
2 28
1 197 312 121399
1 652 999 53812
2 50
2 34
1 426 503 165682
1 470 730 153588
2 36
2 48
2 53
2 26
1 115 217 18497
1 33 730 58050
1 332 429 83442
2 56
2 65
2 48
2 31
2 10
1 413 521 217767
1 397 614 203636
1 20 948 79
2 42
2 19
2 62
2 9
2 80
1 106 385 34702
1 720 819 144034
1 179 704 57259
1 612 650 119030
2 88
2 20
1 95 144 49459
2 7
2 86
1 967 983 80245
2 40
2 44
1 11 911 89
1 858 992 77627
2 30
1 957 1000 168629
1 295 652 61653
2 54
1 17 977 53
2 86
2 67
2 193
2 98
2 61
2 33
2 98
2 81
2 1
2 96
1 758 843 158420
2 63
2 221
1 905 922 243487
2 87
2 91
2 25
2 80
2 15
2 1
2 86
1 40 949 201565
2 15
1 844 933 107370
2 43
1 324 702 35110
2 27
2 8
2 16
2 34
2 60
2 87
2 36
2 9
2 49
1 180 590 733
2 46
1 322 406 207258
2 39
2 79
1 985 999 238702
1 89 199 120867
1 120 649 463
2 54
2 49
1 157 227 5
1 858 955 47477
1 49 995 59
2 60
2 86
1 501 822 133443
2 19
1 213 497 2
1 227 372 66488
1 332 538 104109
2 6
1 379 501 80528
2 64
2 3
2 35
2 17
1 864 937 63665
2 53
2 70
2 61
2 25
2 28
2 47
2 93
2 55
1 895 930 192401
1 294 543 235544
2 154
1 729 769 58904
2 26
2 96
2 42
2 90
2 34
2 836
2 37
2 97
2 42
2 98
2 65
2 69
2 25
1 980 986 26374
2 54
1 355 554 175690
2 27
2 16
2 100
1 153 188 245245
1 902 965 134804
1 406 777 29889
2 72
2 63
1 6 989 67805
2 46
1 898 906 83199
2 33
2 21
1 553 722 13755
2 42
2 16
2 97
2 96
2 86
1 949 976 145185
2 1
2 54
2 59
1 947 959 85032
2 869
2 40
1 727 993 212143
2 13
1 468 910 32980
2 42
2 17
2 35
2 81
2 52
1 739 953 13913
1 448 591 55968
2 13
2 66
2 59
2 11
2 15
2 29
2 85
1 280 337 120950
1 459 729 541
1 764 785 136206
2 93
2 31
1 735 908 171656
2 42
1 56 756 17
2 35
1 312 752 2
2 58
2 75
2 97
1 578 602 159696
2 94
2 1
1 273 505 128985
2 9
2 14
2 94
2 71
2 773
2 48
2 74
2 52
2 9
2 5
2 68
2 10
2 82
2 75
1 345 536 232785
2 82
2 17
2 44
1 353 360 142934
2 652
2 12
1 10 992 37
1 295 874 191060
1 200 527 23408
1 182 213 109361
1 505 597 57472
2 88
2 31
2 369
1 511 976 148839
2 59
1 988 992 244036
2 19
2 82
2 21
2 94
2 456
2 19
2 86
2 893
2 92
2 21
1 887 941 2254
2 5
1 850 894 159350
2 979
2 543
2 15
2 91
2 39
2 87
2 87
2 97
2 814
2 1
1 562 980 146154
2 48
2 95
2 47
1 103 414 116247
2 768
2 86
2 20
2 38
2 146
1 260 905 170892
2 15
1 287 657 210203
2 94
2 333
2 58
2 79
1 977 995 178809
2 50
1 361 404 107088
2 25
1 92 884 421
2 17
2 12
1 197 575 51263
2 98
1 13 609 48480
2 44
2 92
1 411 519 181293
1 626 947 176558
2 7
2 26
2 65
2 37
1 5 982 73
1 769 968 27991
1 696 796 435
2 27
2 996
2 79
1 91 216 104690
2 69
2 25
2 92
1 240 443 71807
2 80
1 596 951 40394
1 737 767 96950
2 2
2 94
2 81
2 3
2 23
2 218
2 71
2 43
2 683
2 6
1 648 954 22737
2 19
2 11
2 83
2 9
1 256 344 160903
1 272 877 238448
2 787
2 32
2 60
2 60
1 112 876 129856
2 553
2 55
1 898 902 32434
2 9
2 303
2 66
2 57
1 650 720 218991
2 20
2 96
1 416 719 41725
2 40
2 74
1 375 443 204788
1 649 801 208934
2 64
2 53
2 14
2 38
2 72
2 570
2 15
1 707 754 21824
1 487 982 11509
1 601 627 167560
1 796 960 208151
2 504
1 333 624 46486
2 32
1 283 548 244416
1 704 825 109300
1 178 293 143801
1 707 772 115605
2 23
1 208 917 53762
2 58
2 76
1 176 887 81355
1 898 970 179280
2 6
1 697 733 149254
1 602 752 130669
2 493
2 44
2 74
2 42
2 16
2 66
2 44
2 74
2 78
2 5
2 36
2 77
2 696
1 360 719 28521
2 32
1 248 620 229694
1 61 515 153519
2 411
2 61
2 50
1 22 987 61
2 53
2 15
2 70
1 99 184 32075
2 74
1 260 733 188590
2 34
1 13 109 193230
1 285 518 2
2 320
1 135 576 86698
2 19
2 95
2 31
2 17
2 56
1 74 984 185381
2 19
2 68
2 26
2 12
2 7
2 59
2 86
1 973 992 207647
2 10
1 319 790 142007
2 1
1 397 701 189983
2 62
1 437 997 98884
1 421 465 84548
2 234
2 56
2 32
1 797 952 52784
1 852 853 243935
2 73
2 11
2 91
1 80 298 31731
2 97
1 346 672 109923
2 25
2 18
2 94
2 55
2 82
2 22
1 74 888 199
2 22
2 83
2 95
1 458 714 191799
2 20
2 62
1 507 685 141114
2 97
1 56 132 242085
2 5
2 60
1 995 997 74114
2 73
1 202 393 42359
2 85
2 26
1 899 954 49630
2 65
1 206 842 233
2 75
2 20
2 13
2 56
2 71
1 644 730 33636
1 48 793 152976
2 60
2 63
2 84
1 658 673 96262
1 976 1000 35748
1 280 619 215278
1 80 649 27477
2 81
2 57
2 4
1 135 363 148478
1 447 570 43562
2 537
2 14
2 11
2 351
2 42
2 749
2 25
2 100
2 8
1 288 508 133777
1 527 831 98984
2 72
2 259
2 43
1 427 831 63263
2 48
2 332
1 316 880 140544
2 84
2 915
2 77
2 81
2 48
2 40
1 855 903 85207
2 36
1 300 941 67937
2 94
1 5 893 178140
2 8
2 25
2 38
2 76
2 59
1 143 978 29404
1 638 988 18768
2 35
2 11
2 90
2 413
2 82
1 690 818 114085
2 78
1 287 437 226775
2 83
1 761 960 148914
2 470
2 54
2 100
2 85
2 47
2 34
2 48
2 83
2 41
1 790 821 92593
1 221 924 64257
2 72
2 35
1 134 567 613
2 5
1 454 830 10821
2 53
2 7
2 81
1 720 807 176185
2 37
2 9
1 674 876 127780
2 8
2 63
2 37
2 40
2 52
2 2
1 443 612 102679
2 65
2 56
2 65
2 38
2 12
1 548 581 172299
2 71
1 609 924 88065
2 31
1 801 867 233462
2 93
2 47
2 71
2 62
1 439 733 43585
2 26
2 39
1 243 318 167870
2 68
2 67
2 45
1 248 879 283
2 53
2 35
2 16
2 341
2 74
2 46
1 983 1000 50436
1 768 882 3229
2 100
2 45
2 97
2 25
2 8
2 34
2 55
1 267 633 593
1 864 886 33818
2 432
2 53
1 144 824 277
2 27
1 627 823 14801
2 381
1 21 868 183753
2 56
1 27 875 449
1 24 804 673
2 42
2 93
2 90
2 92
2 16
1 3 86 208611
1 138 844 3
1 318 436 170170
1 77 967 109
2 98
2 84
1 421 567 91734
2 713
2 66
2 48
2 72
2 485
2 63
1 432 560 195622
1 162 260 94064
2 4
2 88
1 926 955 37437
1 73 906 293
2 85
2 347
2 930
2 81
2 10
2 92
2 79
2 79
2 419
1 14 116 11
2 30
2 3
1 155 673 25158
1 15 27 96577
2 57
2 80
2 20
1 43 918 97
1 914 926 87808
1 452 848 109396
2 6
2 83
1 438 860 41275
2 18
2 10
2 62
2 84
2 405
2 23
1 630 946 162616
2 78
2 30
1 545 579 26140
2 50
2 2
1 560 968 146846
2 36
2 76
2 84
2 64
2 99
2 3
1 855 903 144639
2 93
2 55
2 91
2 34
2 70
2 397
2 17
1 37 431 223190
2 77
1 853 959 215779
1 335 389 158659
2 762
1 320 371 24348
2 2
2 13
2 11
2 58
2 36
2 12
1 940 1000 158282
2 37
2 50
2 11
1 465 882 803
2 961
2 32
2 30
2 51
2 88
2 442
2 58
1 726 783 133512
1 886 916 240930
2 12
2 90
2 71
2 57
1 99 938 617
1 842 951 156325
2 589
2 75
2 16
2 50
2 56
2 92
1 295 647 941
1 967 976 104694
1 628 872 235950
2 33
2 39
2 28
1 66 833 91998
2 64
2 28
1 859 963 129369
2 44
1 796 887 129287
2 13
2 621
2 25
2 98
1 570 624 5787
2 61
2 82
2 7
2 77
2 53
2 26
2 37
2 91
1 294 499 235940
2 52
2 43
2 65
2 54
2 71
2 38
2 522
2 75
1 404 734 81921
2 87
2 398
1 635 678 68429
2 19
2 29
1 428 437 84967
1 306 715 207499
1 358 479 27393
2 29
2 65
2 101
2 255
2 5
2 25
1 64 660 109229
2 9
2 99
2 604
1 656 742 82841
1 514 703 134055
2 689
2 37
2 49
1 102 804 409
1 325 574 17
2 18
1 501 553 187484
2 77
2 58
2 80
2 36
2 95
1 196 362 129095
1 714 793 155739
1 451 725 619
2 12
2 1
2 10
1 668 834 683
2 57
2 51
1 29 918 113
2 80
2 2
2 58
2 8
2 16
1 99 255 144503
2 47
1 19 542 191700
1 240 400 165524
2 84
1 274 693 218482
2 18
1 220 871 281
2 13
1 83 113 111445
2 95
2 100
1 62 291 66312
2 55
1 3 917 83
2 91
1 99 159 126599
2 81
1 600 739 76482
2 977
1 724 862 821
2 24
1 963 979 229622
2 87
1 754 850 27779
1 115 177 195297
2 93
2 44
2 44
2 69
2 999
1 749 842 105234
2 300
1 158 514 2
1 532 534 103310
2 578
2 47
1 112 556 13
2 66
2 4
1 727 792 89040
2 29
2 15
2 50
2 93
2 63
2 44
2 434
2 8
1 967 979 245492
1 190 899 202624
2 23
1 118 133 129928
2 89
2 25
2 796
1 716 779 172472
2 85
2 81
2 601
2 19
2 53
2 64
2 37
2 100
2 5
1 58 874 173
2 54
2 93
2 8
1 285 400 152727
1 75 528 17
2 97
2 5
2 96
1 762 845 112493
2 26
2 45
1 838 970 214634
2 111
2 79
2 83
1 924 965 10635
2 776
2 46
1 181 577 205259
2 19
1 722 731 122206
2 72
2 39
2 92
2 62
1 827 887 176133
2 66
2 64
1 44 951 67
2 32
1 3 522 158390
1 682 987 237764
2 24
2 92
2 65
2 76
1 687 758 165782
1 258 720 383
2 35
2 73
2 43
1 55 147 83975
1 196 577 25489
2 83
2 866
2 28
1 476 805 248611
1 693 920 185180
1 730 895 97837
2 95
1 651 950 194365
1 82 827 3
2 50
2 45
1 949 959 110018
1 776 807 31866
1 105 241 37154
1 677 687 204699
1 943 993 223157
2 40
2 14
2 513
2 90
2 42
2 86
2 35
2 85
2 77
2 42
2 875
2 63
2 95
1 811 930 16451
2 90
2 5
2 2
1 828 862 242390
2 28
2 30
2 3
2 27
2 39
1 396 858 172097
1 124 491 67351
2 100
1 919 996 71410
1 139 509 96144
2 84
2 83
2 241
2 51
1 744 949 121107
2 29
2 39
1 690 893 124738
2 456
2 39
2 60
2 897
1 770 828 145797
2 20
2 98
2 274
2 112
2 91
2 20
2 39
2 82
2 8
2 89
1 6 118 211115
2 714
2 4
2 32
2 6
1 320 615 232013
2 11
2 72
2 41
1 331 397 14469
1 617 654 115441
2 39
2 29
2 63
2 63
2 19
2 81
2 44
2 20
2 81
2 19
2 20
2 18
2 82
2 814
2 401
1 199 953 20163
2 49
2 57
2 12
2 83
2 62
1 121 422 2181
2 54
2 60
2 61
2 77
2 4
1 80 764 643
1 543 548 235367
2 92
1 464 796 216282
2 67
2 53
2 98
2 360
1 412 696 78519
2 77
2 43
1 268 754 11
2 1
2 38
2 78
2 65
2 34
2 29
1 362 668 220886
1 903 960 83882
2 23
1 202 905 3701
2 89
2 69
2 71
2 80
2 4
2 28
2 56
2 55
2 881
1 97 253 183695
2 3
2 51
2 19
2 87
1 12 861 213630
1 4 489 42342
1 469 903 523
2 99
2 83
1 489 877 199341
2 6
1 680 727 191204
2 95
2 24
2 7
2 21
2 32
1 492 493 247571
2 18
2 75
1 564 812 53240
2 34
2 74
2 83
2 7
2 88
2 18
2 7
2 9
2 71
1 931 957 95846
2 43
2 75
2 88
2 90
1 271 817 124514
2 16
2 42
2 20
2 29
1 138 849 222590
2 98
2 34
2 50
2 1
2 25
2 63
2 1
2 1
1 910 920 530
2 19
2 36
2 71
1 699 781 49550
2 86
2 3
2 63
2 74
2 65
1 194 649 13673
2 782
2 32
2 85
2 64
2 5
2 921
2 98
2 94
2 32
2 50
2 22
1 29 391 102704
1 406 797 178438
2 52
2 91
1 82 792 223
1 218 345 5
1 549 761 1768
1 483 736 68013
1 673 896 757
2 52
1 759 921 124218
2 72
2 53
2 670
2 38
1 644 667 86024
2 76
2 38
2 29
2 86
1 79 971 101060
2 74
2 97
1 324 918 113350
2 80
2 35
2 20
1 52 60 161480
2 67
2 1
2 46
2 98
1 93 300 50689
2 80
2 268
2 58
2 82
2 10
2 406
2 12
2 34
2 84
2 58
1 497 778 156050
1 622 812 161617
2 12
1 437 641 11676
2 68
2 67
2 52
2 28
2 76
1 608 791 133360
2 32
2 56
1 484 880 206156
2 22
1 143 174 162040
2 59
2 100
2 29
1 291 759 2
2 48
2 13
1 114 338 214977
1 449 972 56579
2 75
1 180 590 983
2 76
2 100
1 231 793 155346
2 79
1 90 114 30693
2 42
1 292 805 29
2 19
1 697 774 111593
2 62
2 6
2 3
2 554
2 72
2 90
2 31
2 97
2 19
2 69
2 29
2 100
1 679 734 242731
2 50
2 984
1 638 723 27600
1 927 929 37323
2 32
2 52
1 115 557 677
2 67
2 16
1 65 879 159653
1 499 895 6565
2 18
2 71
1 322 532 78340
1 322 357 173098
2 14
2 61
1 313 773 119138
2 88
2 10
2 58
1 390 734 134268
2 7
1 370 849 147990
2 63
2 8
2 100
1 739 808 101647
1 22 25 25444
2 17
2 9
1 910 937 182868
2 15
2 21
1 794 796 204856
2 65
1 900 919 62276
2 43
2 937
1 79 313 246289
2 18
1 20 800 353
1 271 756 106363
1 691 824 54367
2 16
2 87
2 738
2 35
2 20
2 55
2 17
2 87
2 53
2 61
2 73
2 43
1 308 502 138231
2 69
1 812 981 105520
1 86 403 67437
1 405 839 467
1 929 963 85204
2 69
2 70
2 97
2 66
2 19
2 91
1 37 192 12330
2 1
2 58
2 75
2 21
2 63
2 80
1 272 387 132047
2 48
1 681 913 204705
2 3
1 93 383 129278
1 944 974 74937
2 88
2 994
2 57
2 15
2 2
2 4
2 24
1 712 993 19550
1 725 916 145575
2 61
2 669
2 80
2 7
2 50
2 56
2 33
2 82
1 592 635 18019
1 199 732 5
2 15
2 93
2 62
1 431 734 164296
1 888 920 223006
2 67
2 276
1 250 996 164262
1 637 733 109027
1 759 860 102207
2 61
2 23
2 13
2 10
1 200 220 93037
2 44
2 32
1 120 260 135118
2 40
1 104 552 751
2 13
2 48
2 210
2 59
2 36
2 15
1 927 961 175430
1 19 926 271
1 426 528 46333
2 18
1 14 825 557
2 5
1 125 873 151
2 93
2 2
2 82
2 23
2 98
2 93
2 44
1 864 965 185498
2 9
1 890 987 53648
2 26
2 95
2 34
1 335 537 131452
2 44
2 14
2 13
2 69
2 46
2 77
2 2
2 821
2 13
2 46
2 676
2 91
1 700 913 76726
2 15
1 29 488 158181
1 263 863 114623
2 11
2 8
2 9
2 6
2 58
2 2
2 49
2 50
2 370
2 73
2 726
2 53
2 9
2 29
2 51
2 96
1 534 647 193260
2 705
2 90
2 55
2 93
2 8
2 77
1 499 702 240835
1 969 999 100035
1 921 995 80551
1 721 724 115754
2 99
2 52
2 64
1 65 577 719
2 15
2 66
2 61
2 37
2 62
2 82
2 15
2 48
2 40
2 55
2 277
2 51
2 21
2 15
1 767 795 67821
2 6
2 46
1 827 866 62071
1 179 746 1558
2 43
2 32
2 617
2 49
2 60
2 40
2 98
2 33
2 11
2 3
2 97
2 75
1 234 893 99762
1 823 932 51949
2 755
2 30
2 45
1 885 980 221491
2 880
2 68
1 558 700 249690
2 36
1 81 186 189375
1 606 709 9893
1 414 902 122416
2 32
2 6
2 98
2 80
2 34
1 980 982 80361
2 12
2 12
2 9
1 549 988 26469
2 67
2 23
2 27
2 29
2 61
2 69
2 68
2 30
2 71
1 605 646 1164
2 59
2 94
1 523 592 242476
2 77
2 83
2 62
2 667
2 54
1 636 789 180230
2 44
2 7
2 28
1 773 858 181513
2 72
2 71
2 63
2 75
2 12
2 38
2 37
1 25 251 130501
1 791 931 143742
2 7
2 62
2 66
2 79
2 56
1 88 790 601
1 252 430 108914
2 25
2 6
2 13
2 85
2 77
2 78
1 396 555 5032
2 14
1 23 771 2
2 13
2 19
1 540 676 56588
2 72
2 74
2 74
1 694 894 197206
2 72
2 66
1 312 642 50507
1 706 910 67907
2 29
1 830 922 95443
1 188 589 215925
1 220 423 195617
2 2
1 559 715 87838
2 21
2 14
1 141 979 307
2 36
2 48
2 67
2 24
2 85
2 17
1 742 840 15227
2 35
2 214
2 1
1 102 576 61090
1 815 900 201642
2 5
2 39
1 193 368 165464
2 58
2 86
2 11
1 59 481 161005
2 36
1 722 873 234480
1 895 964 211625
2 31
2 794
2 91
2 86
1 108 554 653
1 455 556 220029
2 970
2 7
2 19
2 21
2 88
1 135 257 136344
2 75
2 16
2 24
1 587 759 219919
2 31
2 70
1 106 553 829
1 499 933 52004
2 97
2 22
1 260 679 54055
2 22
2 77
2 13
2 60
2 55
2 87
2 1
1 258 951 17
2 76
1 16 403 211826
2 58
2 80
2 687
2 93
2 13
2 848
2 552
2 72
2 85
2 29
2 72
2 54
1 26 198 36997
2 9
2 80
2 94
2 99
2 620
2 15
2 51
2 614
2 818
2 40
2 263
1 465 503 63851
2 72
2 5
2 65
2 45
2 74
1 40 49 218572
1 80 964 647
2 59
1 1000 1000 6915
2 97
2 2
2 57
2 43
2 716
2 61
1 8 982 43
2 636
2 357
1 288 457 37371
1 232 531 22973
1 616 972 105229
2 11
1 619 818 142379
1 726 857 75402
1 111 744 881
1 694 964 92997
2 63
2 65
2 62
2 50
2 99
2 18
1 74 678 32702
2 985
2 17
2 76
1 108 581 83679
1 328 478 193637
2 580
2 94
1 603 931 171499
2 9
2 49
2 44
2 33
2 93
2 35
2 3
2 64
2 93
2 132
1 15 996 197
2 17
1 84 993 48888
2 14
2 36
1 508 538 62878
2 572
2 700
1 199 999 106651
1 196 893 379
2 9
2 28
1 576 924 103683
2 20
2 70
2 37
2 52
2 76
2 3
2 6
2 200
1 109 809 311
2 78
1 547 965 176822
2 44
2 96
2 613
1 580 691 33457
2 469
1 927 999 157094
2 71
2 1
2 933
2 20
2 8
2 62
2 73
2 29
2 75
1 131 736 58748
2 89
2 26
2 76
2 91
1 430 917 457
1 826 917 20367
2 95
2 62
2 18
1 806 821 51717
1 371 698 218708
2 17
2 73
2 42
1 323 358 92680
1 392 643 19294
2 6
1 331 425 197124
2 35
2 69
2 97
1 859 970 217833
2 29
2 72
2 10
2 43
1 290 363 5
2 29
2 260
2 48
2 6
1 497 646 4322
1 296 862 28778
2 96
1 397 470 197319
1 330 746 797
1 470 624 59904
1 354 568 10423
2 9
2 338
1 316 547 69646
2 35
2 75
2 38
2 24
2 46
2 76
2 60
2 79
2 46
2 92
2 51
2 16
2 38
2 88
2 65
2 73
2 54
2 98
1 478 610 243864
2 97
2 12
2 100
2 61
2 932
1 663 726 79982
2 934
2 22
2 39
2 52
2 3
2 28
1 491 831 36472
2 57
1 398 975 209428
1 768 902 143271
1 184 334 175967
2 95
2 68
2 1
2 55
2 34
2 1
2 15
2 45
2 16
2 30
2 42
1 213 939 709
1 224 662 19
2 898
2 28
2 92
2 80
2 96
2 5
2 96
1 709 868 40837
2 499
1 297 306 192291
1 999 999 3277
2 9
2 55
2 345
2 72
2 47
1 643 709 139376
2 17
2 11
2 82
1 559 958 977
2 43
2 23
2 96
2 23
1 539 597 96859
1 144 214 203593
2 11
2 69
2 10
2 57
2 26
2 47
2 65
1 45 858 103963
1 392 403 109482
2 93
2 8
2 42
1 762 792 82018
2 44
2 702
1 664 677 141534
2 48
2 26
1 580 870 187381
2 33
1 543 543 29382
2 5
1 220 872 195766
1 207 672 11
1 626 871 220335
2 46
2 56
2 53
1 609 724 163872
1 519 592 53408
2 57
1 836 929 24398
2 76
2 379
1 688 875 92537
2 32
2 38
1 421 702 156197
1 185 541 1367
1 827 864 14631
2 40
2 5
2 57
2 82
1 465 705 245252
2 38
1 248 411 214326
2 53
1 404 851 192016
2 100
2 542
1 87 718 55027
2 95
2 82
2 82
2 41
2 35
1 162 746 7277
2 40
2 77
1 55 520 20642
2 41
2 1
2 70
2 46
2 241
1 17 515 192725
2 36
2 40
2 49
2 76
2 47
2 35
2 6
2 40
1 967 977 148441
1 333 563 200637
2 5
2 524
2 96
2 695
2 29
1 389 669 50854
2 62
2 78
2 9
2 65
2 82
1 270 495 53561
1 988 999 47990
1 64 73 21801
2 64
2 87
2 7
2 2
2 34
2 470
1 442 870 4656
2 70
2 78
2 28
2 18
2 26
2 87
2 93
2 32
2 47
2 37
2 35
2 29
1 169 217 191502
1 138 456 136276
2 92
2 47
1 539 627 234037
1 475 708 233796
1 60 152 176225
2 10
2 62
2 84
1 856 950 231971
1 747 821 245485
1 542 749 3571
1 847 908 140088
1 516 726 71955
2 3
2 770
2 25
2 99
2 83
1 505 984 587
2 98
2 32
2 42
2 30
2 46
2 21
2 41
1 74 946 239
2 24
2 75
2 65
2 766
2 25
2 2
2 96
2 34
2 72
1 705 800 12760
2 154
2 89
2 53
2 59
2 65
2 45
2 416
2 87
1 626 669 75369
1 323 350 5
2 74
2 41
2 35
2 651
2 80
2 1
2 87
2 16
2 94
1 99 183 102028
2 99
1 340 435 122644
2 49
2 9
2 4
1 211 584 143921
1 656 740 27986
1 467 915 4538
1 23 980 41
1 207 431 172622
2 65
2 51
2 560
2 21
1 127 234 115542
2 77
2 98
2 29
1 521 541 99502
2 9
2 27
1 298 663 104656
2 15
1 311 863 80682
2 92
2 45
1 615 714 173452
1 342 363 27137
1 498 928 182648
1 464 868 92135
2 62
1 583 606 81282
1 629 711 145357
2 48
1 125 200 41463
2 7
2 63
1 761 954 179138
1 240 925 143123
2 29
2 24
2 19
1 862 878 36011
2 81
1 206 908 15962
2 91
2 99
2 34
2 8
1 88 915 173762
2 79
1 461 684 32549
2 11
2 14
2 57
1 546 621 152219
2 47
2 75
2 18
2 4
2 37
2 15
2 55
2 7
2 58
2 44
2 155
2 17
2 92
2 74
2 52
2 89
1 288 461 39982
2 34
2 58
2 7
2 80
1 433 648 164147
2 82
2 46
2 95
2 11
2 799
1 869 932 45886
2 7
2 21
1 422 593 112045
2 58
2 33
2 62
2 71
2 87
1 525 923 144069
2 736
2 67
2 87
2 72
1 442 844 204814
2 37
1 483 589 96008
2 85
2 40
2 91
1 298 344 221976
2 60
2 47
1 175 210 148829
2 91
2 98
1 555 570 65412
2 75
2 4
2 98
2 253
2 17
1 917 967 180762
2 63
2 61
2 13
1 100 894 163
2 742
2 88
1 285 684 7
2 60
2 24
1 44 451 124101
1 677 942 23171
2 1
1 237 630 631
1 663 850 144557
1 422 662 172184
2 83
2 11
2 95
2 67
2 20
2 24
2 23
2 57
2 44
1 295 751 5578
2 71
1 311 385 6397
2 54
2 58
2 87
2 78
2 1
2 4
2 93
1 14 821 193
2 34
1 258 690 139751
1 186 212 187918
2 73
2 98
1 641 760 153650
2 20
2 50
2 72
2 70
1 631 783 233287
2 582
2 88
2 27
2 671
2 7
1 658 945 6667
1 900 957 76880
1 238 967 62983
1 769 980 231718
2 27
1 97 646 50746
1 890 957 191864
2 654
2 28
2 7
2 341
2 90
2 872
2 54
2 15
2 29
2 2
1 274 281 129739
2 644
2 837
2 73
2 84
2 79
1 518 770 1830
1 247 965 13
2 46
1 142 710 77783
1 10 978 47
2 50
2 97
2 69
2 79
2 51
2 39
2 61
1 460 730 197688
2 56
2 85
2 58
2 99
2 47
2 69
2 13
2 44
2 48
2 79
1 560 840 203399
1 2 285 145543
2 39
1 418 470 137563
2 24
2 28
2 4
1 783 843 204982
2 96
2 27
1 344 643 78265
1 344 672 491
2 39
2 20
2 22
1 387 429 5284
1 512 825 233780
2 595
1 243 282 3
2 61
2 64
2 84
1 818 840 210780
2 83
2 74
2 96
2 62
2 17
2 16
1 611 987 217080
2 94
1 75 945 179
2 67
2 19
2 9
1 26 910 79101
2 40
2 49
2 716
2 83
2 58
2 88
2 17
1 120 779 165544
1 31 99 102379
2 72
1 913 962 215062
1 515 814 152729
2 99
1 161 533 122879
2 77
1 354 618 249397
2 29
1 404 567 38237
2 54
2 38
2 863
1 160 584 33313
1 360 664 207932
2 38
2 17
2 32
2 28
2 30
1 85 306 101634
2 73
1 106 957 146543
2 54
1 322 517 120077
2 81
2 44
1 625 1000 142313
2 49
1 885 918 45300
1 54 102 167796
2 51
2 26
1 48 394 9152
2 81
1 436 958 193906
1 567 712 25370
2 100
2 54
2 13
1 786 841 147101
2 40
2 91
2 79
2 93
2 73
1 822 854 224054
2 30
2 78
2 928
2 3
1 821 988 157199
2 33
1 104 889 19
2 34
1 467 570 55122
2 25
1 69 373 228226
2 68
1 108 986 184330
2 42
2 506
2 5
2 80
2 75
2 34
2 6
2 96
2 55
2 2
1 476 809 112364
1 118 752 226406
1 701 793 189742
2 21
2 83
1 441 528 111312
2 8
1 112 607 231401
1 607 897 207520
2 89
1 991 997 156245
1 419 624 90131
2 91
1 711 855 811
2 27
1 927 955 32632
2 58
2 53
2 18
2 43
1 485 768 184403
2 59
1 210 861 29
2 73
1 218 584 120261
2 480
2 42
2 16
1 323 512 89135
2 69
2 66
2 14
2 47
2 99
2 58
2 60
2 66
2 68
1 700 785 87528
1 445 532 140771
2 38
2 25
2 36
1 952 985 54489
1 760 813 39309
2 89
1 749 935 45258
2 9
2 98
2 9
2 17
2 60
2 92
2 63
1 606 638 2215
2 918
2 24
2 83
2 27
2 46
1 743 793 109791
2 20
2 77
2 697
2 9
1 852 961 216985
2 914
2 62
1 320 901 877
1 60 965 131
2 58
2 935
2 67
1 479 570 144545
2 26
2 389
2 93
1 78 476 184819
1 14 502 102354
2 47
2 77
2 3
2 95
2 40
2 73
2 11
1 209 236 3
2 23
1 206 212 187113
2 6
2 55
2 77
2 487
1 145 582 2
2 63
2 54
2 31
1 370 526 206605
2 70
2 9
2 39
2 81
1 392 557 224167
2 29
2 580
2 30
2 6
2 66
2 20
1 611 747 244382
2 59
2 71
2 12
1 812 825 128222
2 86
2 43
1 877 918 117527
2 2
1 160 641 45473
1 848 924 92776
2 751
2 24
2 19
1 939 962 25236
2 915
1 578 778 179749
2 17
1 832 942 201858
1 26 813 439
2 65
2 11
1 45 585 15083
2 81
1 196 671 22815
1 111 139 179357
2 60
1 633 802 50751
1 655 985 32380
1 831 883 153803
2 93
2 32
2 15
2 81
2 30
1 909 982 68286
1 930 997 125236
2 56
2 70
2 47
2 35
2 73
1 281 902 331
2 88
1 863 982 186152
2 9
2 96
1 454 867 236090
1 67 801 42777
2 8
2 645
2 63
1 780 878 24871
2 13
1 114 540 238880
2 12
2 36
2 413
2 33
1 230 338 4797
1 192 690 4291
2 41
2 22
1 92 741 641
2 62
1 99 646 36687
2 51
1 783 842 234839
1 859 965 175067
1 148 848 107018
2 31
2 75
2 46
2 77
2 8
2 88
2 5
1 155 591 173716
2 70
2 127
2 53
2 43
2 30
1 955 976 241551
2 54
1 734 747 196428
1 594 797 769
2 60
2 9
2 220
2 7
2 51
2 84
2 41
2 67
1 261 681 2
2 77
2 62
2 16
2 52
2 75
2 22
2 70
2 5
1 363 435 195613
1 635 768 68209
2 70
2 39
1 757 925 6177
2 84
1 770 885 853
2 62
2 91
2 78
2 15
1 302 503 236625
1 416 419 216663
2 939
2 518
2 18
2 87
1 763 913 170824
1 936 942 133246
1 96 548 577
1 632 938 238686
1 616 816 34152
1 606 625 241365
2 62
1 321 347 117102
2 29
2 27
2 3
2 766
2 77
1 65 733 176305
2 39
2 63
2 3
2 74
1 339 847 125682
2 90
1 613 769 19723
2 36
1 612 953 120514
1 962 970 5019
2 50
2 100
2 71
1 573 647 27468
2 4
2 64
1 17 747 34007
2 96
1 567 820 87482
2 71
2 74
2 90
2 9
2 63
1 100 469 122813
2 58
2 12
2 592
2 90
2 35
1 665 896 118551
1 521 539 216584
2 87
2 47
2 92
1 749 988 83355
2 28
2 48
1 228 512 234814
2 94
2 72
2 83
2 76
1 274 460 76080
1 134 431 29
1 395 615 202599
2 2
2 61
2 72
2 1000
1 309 769 111181
2 28
2 16
2 586
2 17
1 490 755 140327
2 95
1 8 826 146245
2 1
2 89
1 480 523 163693
2 85
2 36
1 722 861 809
2 43
1 830 977 82413
2 64
1 172 362 149344
2 87
1 865 962 64632
2 80
2 71
2 84
2 936
2 79
2 98
2 74
1 157 834 180616
2 7
1 559 875 173073
2 45
2 21
2 17
2 82
2 24
2 99
2 69
1 359 396 145176
2 31
2 48
2 21
2 49
2 58
2 83
2 29
2 72
1 325 930 130358
1 737 755 203114
1 964 995 104432
2 48
1 877 896 138718
2 17
2 82
1 896 900 82631
2 76
2 562
1 8 538 41911
1 513 864 110533
2 59
1 362 591 111226
1 539 771 19962
2 89
2 20
2 855
1 347 482 3990
2 91
2 60
2 82
2 88
2 95
1 248 624 773
2 15
2 67
2 2
2 51
1 371 685 461
2 3
1 1 26 3
2 97
2 88
1 378 447 59976
2 397
2 15
2 63
2 11
1 972 984 6241
2 90
2 123
2 75
2 100
2 80
2 9
1 561 633 230828
2 825
2 539
2 62
2 11
2 653
2 38
2 26
2 775
2 23
2 61
2 2
2 504
1 288 996 313
1 208 218 194077
2 18
2 65
2 76
1 562 781 883
2 71
2 34
2 87
1 873 958 10789
2 21
2 46
2 6
2 18
1 521 599 175147
2 88
1 306 734 126183
1 179 997 147568
2 59
2 235
2 56
2 98
1 242 733 23986
1 979 1000 140162
1 420 421 27403
2 448
2 233
2 50
1 54 215 10800
2 32
1 972 983 244633
2 40
1 941 944 10020
2 43
1 255 937 156299
1 346 612 108734
2 78
1 669 867 19404
2 36
1 607 858 27314
2 117
2 49
2 937
2 97
2 21
1 257 708 32902
2 97
1 769 800 161267
2 49
1 241 244 161588
1 816 873 247677
1 599 681 82861
2 57
2 630
2 75
2 88
2 76
2 18
2 77
2 9
2 87
1 130 934 347
2 31
2 48
1 543 650 1380
2 14
2 89
2 5
2 12
1 525 765 241462
2 14
1 821 957 91616
1 24 692 78775
2 17
1 813 831 192475
2 568
2 52
2 100
2 69
2 38
2 8
1 65 954 101
1 215 952 247641
2 60
2 88
1 74 537 761
1 596 929 947
2 67
2 32
2 76
2 1
1 51 122 177007
2 4
1 507 723 73655
2 20
1 485 642 92081
1 62 123 51466
2 86
2 27
1 945 999 32635
2 52
2 75
2 86
1 486 743 937
1 226 263 18729
2 81
2 36
2 76
2 6
1 71 698 2
2 15
2 88
2 327
2 409
2 80
2 71
2 646
2 7
1 895 941 169536
1 433 821 196783
1 373 658 123118
1 671 801 248641
2 78
1 838 873 21999
1 175 748 49768
1 984 988 147635
2 89
1 289 459 206693
2 59
2 72
2 57
2 54
2 33
2 33
2 97
1 183 250 231683
2 420
2 9
2 94
2 68
2 36
2 78
2 50
2 31
2 38
2 82
2 26
1 360 736 136395
1 257 393 136065
2 17
2 46
2 76
1 93 695 193525
1 56 872 215076
2 4
2 56
1 787 856 135842
2 85
1 630 658 99625
2 92
2 69
2 88
2 29
2 17
1 197 257 106818
1 285 302 185947
2 93
2 468
1 557 651 32156
1 391 655 57824
2 4
2 61
2 68
2 50
1 384 701 127937
1 413 939 102974
1 555 785 145353
2 80
2 22
1 79 514 20125
2 86
2 785
2 80
1 836 964 28860
2 31
2 97
2 80
2 24
2 43
2 38
1 859 961 79978
1 229 439 138279
2 59
2 66
1 220 536 181713
2 42
2 751
2 90
1 68 74 181066
2 100
1 701 718 88768
2 230
1 880 996 203501
2 47
2 2
1 376 585 49904
2 8
1 31 892 2
2 46
2 46
1 396 676 108050
2 44
2 40
2 38
2 55
2 9
2 77
1 218 835 144463
2 160
2 24
2 41
2 13
2 59
2 35
2 8
2 15
1 569 922 166815
2 59
2 75
2 30
2 40
2 83
2 51
1 564 616 179594
2 38
2 55
1 581 623 59353
2 19
1 125 558 109296
1 507 753 953
2 6
2 85
2 63
2 71
1 122 161 129982
1 330 806 18953
1 349 896 599
2 7
2 40
1 364 748 11892
2 41
2 85
2 67
1 627 742 182733
2 79
2 2
1 317 318 160817
2 18
2 14
2 24
1 118 163 218595
1 359 679 787
2 39
2 403
1 914 948 209094
1 159 279 82016
1 758 942 105015
2 806
1 295 560 35805
2 33
2 47
2 23
2 57
2 77
2 74
1 182 843 45241
2 934
2 72
2 88
2 81
1 399 460 141116
2 74
2 67
2 38
1 321 401 130000
1 223 769 401
1 513 889 180890
1 853 949 188615
2 34
2 46
1 501 707 226121
2 20
1 88 553 5
1 915 993 157814
1 70 771 229729
2 262
1 577 748 155942
1 405 586 1480
1 561 755 119389
2 40
2 376
2 20
2 7
2 80
2 9
2 63
2 66
2 79
2 47
2 24
1 19 969 157714
2 50
2 4
2 518
1 520 526 139159
2 19
2 62
2 27
2 67
2 55
2 61
1 995 996 194127
1 353 703 183128
2 33
1 627 670 29567
2 88
2 97
2 74
2 37
2 571
1 782 869 164680
2 3
2 5
1 981 993 138221
1 830 993 116280
2 11
2 54
2 847
2 91
1 23 511 991
2 16
2 26
2 44
1 517 756 166491
2 101
2 47
1 453 732 16490
2 22
2 82
2 90
2 445
2 45
2 80
2 26
1 56 965 17598
2 52
2 41
1 820 992 212865
2 73
1 487 641 140266
2 19
2 67
2 84
2 670
1 604 848 241362
1 141 385 96150
1 228 555 32340
2 61
1 635 842 244764
2 52
2 78
2 34
2 74
1 798 849 11108
2 100
2 90
2 13
1 898 927 120766
2 7
2 77
1 412 677 200310
2 319
1 17 997 167
1 37 906 907
2 10
2 79
2 5
2 44
2 54
2 33
2 35
2 50
1 41 793 743
2 51
2 10
1 197 598 919
1 170 765 29558
1 69 465 102053
2 41
2 3
2 48
2 855
2 84
2 82
1 895 913 192518
1 796 907 150589
1 633 924 116627
2 59
1 787 915 194277
1 402 778 131125
2 58
2 80
2 79
2 61
2 64
2 63
1 224 901 13101
2 99
2 77
2 31
2 823
2 39
1 275 637 571
2 37
2 83
1 374 616 222328
1 387 455 20968
1 104 133 92149
2 69
2 48
2 88
2 93
2 36
1 465 646 239573
2 643
2 14
2 39
2 19
2 40
1 219 842 96665
2 290
1 843 988 80483
2 38
2 38
1 123 218 31
2 50
2 6
2 29
2 57
2 54
2 10
2 61
1 358 564 172065
2 41
2 333
2 55
2 100
2 88
2 53
2 65
2 7
2 71
1 201 206 7
1 425 719 509
2 50
1 766 779 53309
1 35 986 157
1 139 598 661
2 115
2 33
2 19
2 13
2 31
2 14
1 158 901 99497
1 366 514 83177
2 82
2 61
2 25
1 642 647 54469
1 32 125 125790
2 56
2 15
2 2
2 50
2 60
2 41
2 42
2 41
2 75
2 52
1 619 696 155317
1 133 606 86815
1 328 564 107943
1 433 956 164033
2 38
2 11
2 47
1 484 726 123291
1 120 241 62359
2 37
2 10
2 22
1 740 935 228148
1 125 430 19
2 62
2 97
2 18
1 982 991 34125
1 685 936 35554
2 60
1 751 937 201706
1 439 659 242921
2 60
1 374 635 39751
1 601 773 58971
1 54 903 249115
1 687 854 70035
2 35
2 52
2 41
1 27 410 183441
1 658 704 158120
2 16
2 82
2 83
2 32
1 777 995 100003
2 39
2 80
2 31
2 85
2 22
2 95
2 5
2 97
2 78
2 33
2 15
2 29
1 732 755 127032
1 658 820 175244
2 52
1 412 783 45472
2 15
1 819 956 168822
1 245 934 269
1 22 675 29620
2 69
1 206 814 31
2 84
2 22
2 36
1 360 843 373
1 620 848 132626
2 86
1 195 931 121076
2 652
2 78
2 60
2 54
2 265
2 24
2 52
2 35
2 78
2 45
2 68
1 468 927 547
2 91
1 395 807 128224
2 54
1 562 674 118494
1 722 989 60532
2 61
2 81
2 6
1 515 813 192473
1 83 616 2
2 9
2 32
2 94
2 45
2 100
2 689
2 19
1 579 791 53066
1 997 999 28550
2 80
2 85
2 146
1 369 1000 169066
1 429 941 170366
2 54
1 132 460 7
1 906 916 15447
1 33 979 141890
1 557 624 68697
2 32
2 34
2 55
2 80
2 32
1 849 982 61084
2 20
2 55
1 230 346 137410
1 844 905 67349
1 313 375 247515
2 23
2 56
1 195 867 349
2 65
2 51
2 27
1 437 693 221788
1 985 995 145733
2 23
2 29
1 758 914 13222
2 71
1 664 901 58954
2 51
2 2
1 900 964 139398
2 29
1 21 954 191
2 82
2 35
2 5
1 905 994 128079
2 29
2 98
2 76
2 51
2 84
2 24
2 11
2 49
2 55
1 884 921 226115
1 229 245 2
2 54
1 108 269 212096
2 44
2 19
2 19
2 45
2 65
1 177 927 193646
2 29
2 62
2 80
2 711
2 9
1 235 561 2
2 25
1 765 901 117938
2 68
2 74
1 956 989 185191
1 187 373 174020
2 63
2 86
2 42
2 88
1 508 909 198374
2 84
2 45
2 64
2 37
2 30
1 42 837 247628
1 723 993 239777
2 33
2 87
2 25
1 866 908 216450
1 529 606 248384
1 248 999 184586
2 82
2 814
2 96
1 648 886 232057
1 766 875 129257
2 87
2 18
2 61
2 36
2 39
2 8
2 91
2 78
1 635 755 211037
2 82
2 15
2 51
2 79
1 321 947 26536
2 67
2 63
2 12
2 8
2 50
2 2
2 60
2 775
2 76
2 31
1 296 869 165211
2 7
2 545
2 97
1 520 621 195267
2 17
2 87
2 984
1 624 817 191790
1 17 397 54382
2 761
2 46
2 51
2 85
2 42
2 84
2 16
1 881 928 54721
1 524 941 95912
2 10
2 11
2 76
2 68
2 56
2 7
1 547 845 184375
2 50
1 872 884 216584
1 255 339 87202
2 23
2 32
2 45
1 179 280 238895
1 153 704 61766
2 82
2 70
2 59
2 47
2 37
2 13
1 890 929 47039
2 25
1 45 946 62753
1 607 611 191278
1 137 141 36201
2 51
2 93
2 79
1 794 909 52005
2 71
1 342 389 192851
2 14
2 11
2 60
2 65
2 5
2 96
1 612 671 43250
2 26
2 60
2 78
2 65
2 76
2 62
1 409 524 232455
1 90 523 65094
2 87
1 19 961 248937
2 38
1 884 979 185509
2 72
2 65
2 95
2 62
1 281 569 176943
2 58
2 52
1 943 952 117602
2 81
2 319
2 45
1 214 419 133705
1 938 948 49702
2 78
2 24
2 26
2 8
1 115 870 727
2 59
1 590 839 61693
1 176 322 157247
2 27
2 38
1 364 643 222776
1 397 868 196985
2 37
1 44 806 102798
2 40
1 438 547 237927
2 79
2 6
2 28
2 8
2 22
1 101 972 397
2 65
2 38
2 23
2 57
1 47 820 5
1 393 758 210758
1 742 882 68307
2 31
2 90
2 34
1 283 662 207644
2 86
2 3
2 96
2 97
2 268
1 890 907 58250
2 88
1 255 950 487
2 23
1 996 996 29086
2 80
2 44
2 29
2 30
2 9
2 22
2 62
2 51
2 40
2 29
2 7
2 21
2 40
2 66
2 99
2 28
2 41
2 39
2 73
2 91
1 325 669 929
2 61
2 72
2 100
2 44
2 34
1 206 299 199442
2 150
1 501 847 135573
2 60
2 51
1 168 763 28322
1 881 989 59474
2 70
2 61
2 28
2 55
1 339 815 4548
2 722
1 15 121 248180
2 60
2 40
1 541 832 194717
2 94
1 704 893 8725
2 62
2 48
1 684 947 248886
2 43
2 7
2 65
1 191 345 11905
2 75
1 543 713 105564
2 58
2 95
1 387 724 183668
1 430 604 220805
1 404 734 443
2 17
1 867 972 245180
1 310 477 236717
2 67
1 444 815 72697
1 31 980 103
2 22
1 64 349 229969
2 62
2 93
2 36
2 88
2 45
2 57
1 667 833 859
1 248 435 221933
2 43
1 920 1000 62593
2 17
2 45
1 238 829 569
1 856 940 106135
2 84
2 31
2 7
1 335 720 102698
2 26
2 18
2 20
2 89
1 617 974 172854
2 33
2 64
2 62
2 41
2 67
2 28
2 44
1 689 961 62538
2 79
2 471
1 190 804 4840
1 631 872 226497
2 4
1 290 317 40119
2 77
2 16
2 9
2 69
2 27
1 895 974 137309
1 949 976 131264
2 38
2 49
2 93
2 73
2 17
2 14
2 73
2 62
1 454 608 160087
2 79
2 12
2 34
2 5
2 180
2 27
1 298 410 81298
2 78
1 736 903 72487
2 44
1 176 884 201269
2 64
2 89
2 52
1 521 981 144958
2 14
2 10
2 7
1 762 782 215405
2 89
2 60
1 138 159 84411
2 25
2 30
2 805
2 282
1 401 475 46444
2 31
2 63
2 80
1 134 880 237855
2 51
2 45
2 39
2 73
2 99
2 71
2 14
1 839 919 164445
1 504 794 181610
1 736 837 143163
2 34
2 42
2 9
2 327
1 827 845 208106
2 78
1 304 508 5
2 62
1 218 755 47996
2 74
2 644
2 626
1 503 814 691
2 99
1 506 963 175942
2 7
1 445 861 160127
2 22
2 75
2 86
1 198 818 359
1 41 848 229
2 941
2 73
2 57
2 61
2 30
2 22
1 218 233 192353
2 77
2 6
2 818
2 36
2 68
2 969
2 23
1 441 889 154556
1 958 973 19897
2 33
2 110
2 1
2 16
2 51
2 43
1 738 847 53803
2 67
2 8
1 552 803 190106
2 100
2 75
1 304 440 17126
1 408 904 116346
2 42
2 22
1 930 991 159029
2 43
1 802 934 54513
1 283 325 2970
1 132 271 161874
1 890 979 37150
1 117 132 37525
1 284 373 2
1 105 866 139
2 33
1 219 907 181754
2 72
2 51
2 89
1 163 699 81454
1 315 526 81253
1 433 798 220821
2 95
2 44
2 115
2 915
1 276 333 198980
2 40
2 91
2 10
2 8
1 711 991 204184
2 48
2 88
2 141
2 54
2 45
2 34
2 87
2 62
2 98
1 43 874 246289
2 4
1 939 976 115502
2 56
2 97
1 643 819 236097
2 61
2 3
1 153 310 3
2 58
2 25
2 70
2 12
1 166 557 111947
2 35
2 83
2 100
2 84
1 201 810 112707
1 959 997 53359
2 30
2 91
1 982 997 62353
2 99
2 51
1 262 848 263
2 83
2 95
1 680 914 138470
2 20
1 202 953 227
2 42
1 292 928 139723
1 186 244 101103
2 94
1 314 574 15124
1 78 288 31
2 84
2 45
2 72
2 64
2 68
2 24
2 97
2 17
2 13
2 95
2 3
1 97 973 181
2 193
1 165 302 79939
2 97
1 214 747 62311
2 58
2 78
2 78
1 127 981 127
2 34
1 357 569 39213
2 62
2 33
1 602 609 229782
2 3
2 96
2 2
2 506
2 231
1 278 963 2
2 4
1 610 793 243106
2 42
1 367 386 210083
1 430 767 499
1 705 745 15359
2 55
1 478 811 137588
2 339
2 33
2 2
2 41
2 19
2 90
2 55
2 61
2 51
1 528 867 169827
1 715 914 92930
2 9
1 648 811 151603
2 47
2 62
2 81
1 674 845 106624
2 28
1 736 767 239484
2 44
2 6
1 354 862 26725
1 345 900 3322
2 3
1 637 985 236543
2 572
1 274 498 229735
2 32
2 3
1 469 723 13242
1 956 994 60902
2 83
1 382 493 46372
2 2
1 575 762 104464
2 27
1 297 993 72354
1 940 972 113435
1 679 756 155738
2 75
1 699 723 150747
2 45
2 1
2 617
2 67
1 171 562 2
2 21
2 52
1 726 991 1186
2 60
1 74 115 99730
2 92
2 36
2 53
2 41
2 985
2 340
2 88
2 54
1 132 474 65744
1 168 309 23
2 53
2 61
1 934 973 31796
2 58
2 31
1 377 395 223860
2 61
2 66
2 100
2 60
2 28
2 83
2 49
1 70 339 211653
2 14
1 291 448 161539
1 65 117 168920
1 165 886 29911
2 25
2 72
1 43 938 389
1 366 930 242799
1 94 919 241
2 22
2 9
2 90
1 243 913 16825
2 36
2 79
2 75
2 66
1 566 682 35915
2 66
1 164 205 6262
1 240 987 114289
1 197 815 46988
1 632 937 83221
1 749 946 162766
1 901 936 139363
2 45
2 39
1 200 288 35039
2 90
2 46
2 12
1 979 979 120734
2 78
2 29
1 546 893 8826
2 71
2 93
2 49
2 34
2 57
2 83
1 220 692 169600
2 20
1 759 912 237828
1 625 628 40746
2 64
2 80
1 988 994 227492
2 84
2 49
2 95
2 71
2 4
2 41
1 753 958 238721
2 31
2 52
2 82
1 391 795 78564
1 692 710 72075
2 1
2 1
2 66
1 518 600 185607
1 27 443 235159
2 719
2 46
2 43
2 74
2 25
2 25
2 19
2 9
1 248 359 3894
1 850 878 129177
1 646 724 153527
2 59
2 10
1 641 966 23547
2 53
2 800
1 483 741 863
2 5
2 73
2 73
2 96
2 78
1 107 901 317
2 88
2 60
2 88
2 778
2 8
2 63
2 11
2 21
1 54 440 10421
1 140 624 225802
2 52
2 97
2 71
2 6
2 3
1 376 947 220694
2 76
1 406 819 11262
2 51
2 43
1 616 800 145829
1 977 987 233415
1 16 188 238195
2 74
2 15
2 39
1 993 1000 112851
1 287 522 176920
2 100
2 24
2 73
2 15
2 63
1 779 860 44546
2 100
2 45
2 78
2 12
2 938
2 97
2 60
2 85
2 89
2 44
2 81
1 70 127 161479
2 15
1 9 930 137
2 77
1 272 389 161523
1 250 995 200801
2 108
2 91
2 90
1 281 329 198468
2 18
1 362 598 174143
1 676 753 70329
2 21
2 32
2 15
1 944 956 47259
1 273 869 9165
2 23
2 5
2 78
2 67
1 303 481 100999
2 96
2 1
2 97
1 223 252 123995
1 962 989 39179
2 55
1 453 653 79443
2 21
2 67
2 63
1 148 802 337
2 90
2 11
2 3
1 313 769 226395
2 658
1 849 967 119662
2 85
2 100
2 71
1 486 695 223510
2 70
2 42
2 102
1 142 783 61907
2 83
2 67
1 929 972 7672
1 129 259 205778
1 891 912 172166
1 306 977 245489
2 78
2 82
2 2
2 57
2 9
2 97
2 32
2 42
2 6
2 78
1 807 934 145317
2 6
2 76
1 949 981 15965
2 63
2 83
2 60
1 941 998 20575
1 59 889 138284
2 25
2 988
1 840 976 89158
2 42
2 87
1 458 836 204408
2 59
1 829 961 241106
2 58
2 82
2 88
2 38
2 3
2 37
1 267 633 659
2 73
2 699
1 641 821 132251
2 419
1 35 517 997
1 637 943 108204
2 74
2 36
1 774 905 248525
1 151 171 109386
1 787 963 93138
2 95
2 848
2 97
2 76
2 53
2 75
2 52
2 4
2 58
2 96
2 80
2 67
2 77
2 47
1 625 872 84772
1 290 387 143445
2 299
2 26
1 395 830 431
1 57 65 240340
2 16
2 853
1 580 764 242456
2 28
1 673 726 213474
2 59
2 51
1 222 994 911
1 473 669 188500
2 65
1 87 449 83884
2 10
1 703 880 91069
2 60
2 7
1 885 909 211968
2 79
2 94
2 57
1 186 878 217637
2 36
1 14 439 186482
2 371
2 4
1 711 830 55803
2 56
2 16
2 55
2 57
1 115 197 202622
2 88
2 94
2 4
1 220 372 72387
2 8
2 97
1 231 914 69427
2 4
1 189 616 101366
1 483 560 164250
2 80
1 327 764 229672
2 68
2 48
2 8
1 69 700 75821
1 147 519 28791
2 99
2 648
2 97
2 72
2 42
1 824 907 152527
2 29
2 67
2 31
2 99
2 534
2 219
2 42
1 619 668 96138
1 734 814 82556
2 798
2 36
2 34
1 897 992 5980
2 84
1 167 194 79845
1 631 815 971
1 311 469 13
2 66
2 67
1 600 884 197172
2 26
2 390
2 18
1 415 451 33414
1 569 818 149062
1 40 705 186969
2 72
1 416 625 128551
2 81
2 21
2 97
1 362 363 156240
2 55
1 725 879 17958
2 3
2 40
2 38
1 383 480 224018
2 18
1 586 808 239709
2 85
1 771 998 182184
2 46
1 549 902 177020
2 24
1 758 922 139987
2 9
2 6
1 125 874 246957
2 35
2 43
2 98
2 9
2 73
2 55
1 284 987 119562
1 707 919 142509
2 38
2 90
1 899 901 58613
1 602 725 121761
2 69
1 345 917 17410
2 41
2 82
2 24
1 793 853 9309
2 60
2 24
2 81
2 71
2 37
1 759 792 176172
2 14
1 363 604 8151
2 56
2 9
2 48
2 39
1 295 651 18273
2 76
2 25
1 186 286 245530
2 97
1 858 861 91134
2 76
2 40
2 79
2 44
1 381 790 119542
1 192 313 191604
2 54
2 99
2 88
2 42
2 453
2 71
1 91 125 39202
1 24 128 166400
2 1
2 81
1 429 467 33552
2 88
2 51
2 94
1 294 970 112925
1 708 781 159236
2 24
2 97
2 20
2 90
2 6
2 82
1 298 529 41148
2 58
2 60
2 54
2 6
1 687 778 110096
2 53
1 898 908 38165
2 71
2 10
2 12
1 73 479 138784
2 89
2 724
1 347 855 76348
2 68
2 83
1 572 709 239228
2 78
2 17
1 383 683 227706
2 74
2 16
2 85
2 2
1 39 925 521
2 686
1 713 990 39109
2 9
1 570 804 78561
2 45
2 5
1 145 493 92576
1 114 557 827
2 42
2 86
2 60
2 69
1 60 799 17007
2 7
2 65
1 539 697 68492
2 45
1 810 959 99436
2 8
2 410
2 13
2 87
2 74
2 30
2 23
1 38 836 207667
2 40
1 739 791 10407
2 74
2 92
2 82
2 85
1 578 769 58232
2 85
2 487
2 286
2 48
1 625 812 739
2 60
1 358 997 177811
1 389 670 201144
1 518 594 59486
2 100
2 53
1 838 908 160138
1 707 853 887
2 99
2 36
1 378 717 41753
2 34
1 388 421 75618
2 73
2 319
2 30
1 1 899 149
2 635
1 117 840 31452
2 26
2 72
2 83
2 65
2 71
2 390
2 39
2 11
1 862 924 117746
1 62 376 146724
1 600 754 66169
2 33
2 55
2 62
2 58
1 14 928 479
2 18
2 97
2 9
2 56
2 92
2 965
2 52
2 54
2 48
1 604 847 113454
2 55
2 28
2 297
2 597
2 555
2 21
1 66 933 107
2 461
2 72
2 17
2 21
2 87
2 61
1 254 443 161240
2 5
2 63
2 13
1 9 504 967
1 894 940 49161
2 8
1 44 760 433
2 96
2 12
2 95
1 774 841 204677
2 82
2 22
1 510 887 125632
2 89
2 51
2 47
2 44
2 4
2 79
2 18
2 39
2 15
2 18
1 328 764 105795
2 91
2 70
2 39
2 90
2 37
1 171 260 184021
2 52
2 74
2 24
1 673 984 138198
2 19
2 100
2 94
2 77
2 32
2 92
1 154 672 133735
2 37
2 79
1 319 517 241166
1 969 983 174221
2 84
2 9
1 669 862 52363
2 35
2 4
1 283 637 113857
2 4
2 49
2 51
2 48
2 78
2 88
2 22
1 968 987 213718
2 66
2 13
1 325 750 218916
2 16
2 97
2 89
2 33
2 42
2 44
2 44
2 16
2 96
1 993 996 206024
2 83
2 45
2 35
1 275 905 31241
2 20
2 37
2 175
1 538 774 16333
1 187 275 9490
2 51
2 17
2 34
2 82
2 44
2 955
2 8
2 95
2 135
2 93
2 12
2 14
2 75
1 63 836 56659
2 46
2 55
2 42
1 62 932 173991
1 273 303 205459
2 26
2 57
2 77
2 63
2 59
2 70
1 250 992 28323
2 90
2 84
1 520 803 249413
1 623 758 227380
2 937
2 98
2 36
2 55
2 36
2 778
1 968 996 224484
2 85
1 47 682 701
1 619 930 159766
1 3 578 233017
2 33
2 49
2 39
2 51
1 951 984 80061
1 583 973 79751
2 51
2 53
2 46
2 24
2 17
2 40
2 49
2 14
2 56
2 24
2 39
1 134 142 44553
1 933 980 205614
1 847 975 123023
1 593 674 117633
2 49
2 38
2 65
2 8
2 59
2 42
2 46
2 32
2 66
2 14
2 54
2 67
2 50
2 43
2 6
1 966 978 45557
1 551 811 234663
2 75
2 3
1 227 874 38933
2 77
2 24
2 663
2 33
2 95
2 74
2 71
2 85
2 59
2 84
1 811 815 130698
2 19
2 94
2 100
1 94 116 177292
2 53
1 287 801 13599
2 67
1 512 791 203836
2 292
2 52
1 255 622 30437
2 16
2 5
2 885
2 492
2 79
2 95
2 61
2 853
2 96
2 65
1 54 969 211
2 86
1 217 709 132669
2 21
2 7
2 26
2 83
2 34
2 51
1 114 710 7
2 122
2 60
1 295 788 232190
1 638 935 50168
2 88
2 42
2 24
1 341 421 64473
2 40
1 782 822 65133
1 243 285 3647
2 88
1 803 872 230136
1 277 717 100497
2 26
2 43
1 581 786 211328
2 76
1 516 919 81685
2 34
2 25
1 687 879 210031
2 24
2 5
