993 4974
1 1 1 1 1 1 1 1 1 1 1 1 1 1 1 1 1 1 1 1 1 1 1 1 1 1 1 1 1 1 1 1 1 1 1 1 1 1 1 1 1 1 1 1 1 1 1 1 1 1 1 1 1 1 1 1 1 1 1 1 1 1 1 1 1 1 1 1 1 1 1 1 1 1 1 1 1 1 1 1 1 1 1 1 1 1 1 1 1 1 1 1 1 1 1 1 1 1 1 1 1 1 1 1 1 1 1 1 1 1 1 1 1 1 1 1 1 1 1 1 1 1 1 1 1 1 1 1 1 1 1 1 1 1 1 1 1 1 1 1 1 1 1 1 1 1 1 1 1 1 1 1 1 1 1 1 1 1 1 1 1 1 1 1 1 1 1 1 1 1 1 1 1 1 1 1 1 1 1 1 1 1 1 1 1 1 1 1 1 1 1 1 1 1 1 1 1 1 1 1 1 1 1 1 1 1 1 1 1 1 1 1 1 1 1 1 1 1 1 1 1 1 1 1 1 1 1 1 1 1 1 1 1 1 1 1 1 1 1 1 1 1 1 1 1 1 1 1 1 1 1 1 1 1 1 1 1 1 1 1 1 1 1 1 1 1 1 1 1 1 1 1 1 1 1 1 1 1 1 1 1 1 1 1 1 1 1 1 1 1 1 1 1 1 1 1 1 1 1 1 1 1 1 1 1 1 1 1 1 1 1 1 1 1 1 1 1 1 1 1 1 1 1 1 1 1 1 1 1 1 1 1 1 1 1 1 1 1 1 1 1 1 1 1 1 1 1 1 1 1 1 1 1 1 1 1 1 1 1 1 1 1 1 1 1 1 1 1 1 1 1 1 1 1 1 1 1 1 1 1 1 1 1 1 1 1 1 1 1 1 1 1 1 1 1 1 1 1 1 1 1 1 1 1 1 1 1 1 1 1 1 1 1 1 1 1 1 1 1 1 1 1 1 1 1 1 1 1 1 1 1 1 1 1 1 1 1 1 1 1 1 1 1 1 1 1 1 1 1 1 1 1 1 1 1 1 1 1 1 1 1 1 1 1 1 1 1 1 1 1 1 1 1 1 1 1 1 1 1 1 1 1 1 1 1 1 1 1 1 1 1 1 1 1 1 1 1 1 1 1 1 1 1 1 1 1 1 1 1 1 1 1 1 1 1 1 1 1 1 1 1 1 1 1 1 1 1 1 1 1 1 1 1 1 1 1 1 1 1 1 1 1 1 1 1 1 1 1 1 1 1 1 1 1 1 1 1 1 1 1 1 1 1 1 1 1 1 1 1 1 1 1 1 1 1 1 1 1 1 1 1 1 1 1 1 1 1 1 1 1 1 1 1 1 1 1 1 1 1 1 1 1 1 1 1 1 1 1 1 1 1 1 1 1 1 1 1 1 1 1 1 1 1 1 1 1 1 1 1 1 1 1 1 1 1 1 1 1 1 1 1 1 1 1 1 1 1 1 1 1 1 1 1 1 1 1 1 1 1 1 1 1 1 1 1 1 1 1 1 1 1 1 1 1 1 1 1 1 1 1 1 1 1 1 1 1 1 1 1 1 1 1 1 1 1 1 1 1 1 1 1 1 1 1 1 1 1 1 1 1 1 1 1 1 1 1 1 1 1 1 1 1 1 1 1 1 1 1 1 1 1 1 1 1 1 1 1 1 1 1 1 1 1 1 1 1 1 1 1 1 1 1 1 1 1 1 1 1 1 1 1 1 1 1 1 1 1 1 1 1 1 1 1 1 1 1 1 1 1 1 1 1 1 1 1 1 1 1 1 1 1 1 1 1 1 1 1 1 1 1 1 1 1 1 1 1 1 1 1 1 1 1 1 1 1 1 1 1 1 1 1 1 1 1 1 1 1 1 1 1 1 1 1 1 1 1 1 1 1 1 1 1 1 1 1 1 1 1 1 1 1 1 1 1 1 1 1 1 1 1 1 1 1 1 1 1 1 1 1 1 1 1 1 1 1 1 1 1 1 1 1 1 1 1 1 1 1 1 1 1 1 1 1 1 1 1 1 1 1 1 1 1 1 1 1 1 1 1 1 1 1 1 1 1 1 1 1 1 1 1 1 1 1 1 1 1 1 1 1 1 1 1 1 1 1 1 1 1 1 1 1 1 1 1 1 1 1 1 1 1 1 1 1 1 1 1 1 1 1 1 1 1 1 1 1 1 1 1 1 1 1 1 1 1 1 1 1 1 1 1 1 1 1 1 1 1 1 1 1 1 1 1 1 
2 51
1 963 972 62834
1 66 938 138410
2 24
1 980 982 243789
2 98
1 26 953 61
2 55
1 950 978 201662
1 454 808 170374
1 38 515 853
1 574 630 105585
1 135 876 195180
1 519 883 96680
2 309
2 63
2 91
1 55 911 109
2 39
1 758 835 248434
1 795 899 167817
2 61
2 74
2 46
1 318 438 20805
1 630 743 117424
2 39
2 64
2 50
2 166
2 83
2 41
1 595 914 20225
1 721 990 28065
1 194 513 29
2 2
1 284 687 77174
1 843 938 85701
2 8
2 697
1 98 887 61027
1 909 937 38384
1 102 868 251
1 881 966 13789
1 279 633 132700
2 89
2 32
1 551 599 69754
1 608 760 7381
1 37 201 248039
1 970 974 224537
2 42
2 27
1 971 976 177113
2 38
2 44
2 404
1 965 987 152097
2 19
2 34
1 155 285 56232
1 364 536 116
2 43
1 290 521 239384
2 38
2 46
1 180 463 11
1 342 779 401
2 24
1 284 830 181366
2 71
2 15
2 844
1 806 859 249464
2 6
2 99
2 17
1 254 640 117224
1 922 962 226217
2 31
1 690 877 114901
2 70
1 872 931 44243
1 493 985 164988
2 27
1 644 645 126092
2 76
2 4
1 346 800 142883
1 340 527 91506
1 656 826 211144
1 620 795 232665
2 64
1 292 621 40950
1 740 817 165731
1 462 669 77939
2 1
1 695 778 142631
2 76
2 39
1 744 962 158994
2 2
2 44
2 49
2 21
1 384 532 153634
2 70
1 980 984 181056
2 32
1 105 194 137929
1 86 500 97455
1 560 938 103985
1 715 978 205893
1 522 769 127871
2 39
1 447 775 9515
1 619 698 4651
2 61
1 672 698 53687
1 929 960 218142
2 835
2 80
2 90
1 433 775 64143
2 83
2 55
1 297 373 171080
1 879 941 182981
1 548 560 149515
1 98 949 103
1 406 946 103468
1 498 696 145645
2 55
2 31
2 96
2 26
2 95
2 10
2 71
2 226
2 14
2 64
1 14 14 2
2 4
2 22
1 781 928 156229
1 424 459 118409
2 23
1 303 648 941
2 63
2 11
2 53
2 24
1 253 546 78793
2 77
1 449 593 159336
1 538 545 52022
2 98
1 357 686 3829
1 422 963 99272
1 387 532 104057
1 762 975 110241
2 20
2 494
2 96
1 856 937 195881
2 15
2 99
1 145 399 38837
1 165 199 162047
1 53 519 216602
2 4
1 743 846 92483
1 852 905 91307
2 77
2 15
1 16 251 31
1 778 868 91776
1 542 598 190576
1 233 461 4999
2 77
2 46
1 342 346 167675
2 30
1 907 917 51285
2 96
1 944 951 100957
2 879
2 27
2 64
2 31
1 695 753 63413
1 266 297 166673
2 67
1 138 342 118057
2 63
1 400 763 10855
1 186 956 227
1 618 856 135938
2 38
1 36 983 224662
1 808 974 55410
1 4 596 463
2 54
2 46
2 75
2 75
1 425 800 137202
2 58
2 85
2 34
1 453 786 190010
1 536 652 209768
1 916 955 148808
1 339 973 112919
2 2
1 717 939 231958
2 91
2 86
1 81 291 34766
2 77
1 101 854 29
1 406 705 135734
2 13
2 72
1 661 929 18151
1 214 440 205404
1 112 915 210004
1 165 183 52003
2 11
1 126 770 201864
1 598 790 136453
1 416 769 69787
2 33
1 34 943 59
1 796 804 135554
2 45
1 426 927 563
2 9
1 524 616 57515
2 24
2 59
2 32
2 76
2 87
2 71
1 691 913 163091
1 827 963 100264
1 388 951 98824
1 214 634 131845
1 399 828 569
2 22
2 60
1 901 945 46200
1 147 192 241985
2 93
2 74
2 78
1 680 753 59084
2 36
2 95
1 160 775 277
2 258
2 25
2 105
2 44
2 34
1 128 662 487
2 89
2 4
1 400 905 43101
2 76
2 81
1 691 970 197529
1 397 794 5123
2 653
1 585 696 134853
1 879 923 51934
2 74
1 279 542 167184
1 547 614 192169
2 18
1 298 554 217921
2 16
1 276 812 64238
1 293 643 991
2 80
1 440 846 202847
2 50
1 700 752 17488
2 8
1 187 901 62116
2 44
2 44
1 558 905 178283
2 98
1 421 880 93595
1 570 605 188836
2 64
2 55
2 9
2 25
1 835 924 236313
2 10
1 688 861 78456
1 694 864 209925
2 97
1 173 239 116653
1 683 737 9338
2 12
1 218 437 18637
2 72
2 69
2 97
2 35
2 32
2 82
2 8
2 30
1 675 786 71729
2 24
2 53
2 14
1 789 922 203749
2 27
2 84
2 80
1 126 262 227759
1 321 361 166083
1 413 431 160120
1 991 993 163589
1 276 565 131096
1 543 944 137551
2 30
2 16
1 920 988 10378
2 16
2 92
1 381 687 587
1 451 803 63078
2 149
1 651 888 31471
2 778
1 34 841 161528
1 386 616 204612
2 69
2 60
1 339 488 209587
1 742 779 16732
2 150
1 899 993 246792
1 33 581 196304
2 51
1 772 989 204224
2 901
1 658 905 77119
1 743 977 219142
1 380 893 56283
2 95
2 11
2 38
1 205 725 217322
1 157 301 164587
1 955 988 136008
1 502 787 211051
2 49
1 356 417 188420
1 37 591 77278
2 83
2 772
2 30
2 639
2 260
2 3
2 59
1 317 483 220385
1 815 938 96047
1 619 673 245267
1 223 704 167428
2 39
1 708 962 245999
2 77
2 56
2 96
1 900 961 24144
2 10
2 36
1 507 974 110368
2 80
2 703
2 69
1 191 309 1025
1 294 407 6818
1 318 392 235491
2 75
2 84
1 942 952 196660
2 48
2 90
1 412 681 151864
2 59
1 963 969 95405
2 38
1 356 754 121997
2 66
1 626 758 192502
1 970 972 97660
1 817 835 181696
1 692 742 198706
2 8
1 858 986 226609
2 67
1 823 912 169737
2 10
1 478 727 21554
2 128
1 118 279 228177
2 56
1 449 809 153219
1 348 713 85207
1 264 674 20329
1 842 873 18257
1 615 634 215244
1 228 494 138578
2 961
1 721 821 133296
2 91
2 57
2 19
2 72
2 2
2 60
1 298 907 14133
1 537 614 160067
2 92
1 94 382 242201
1 515 624 208067
2 9
2 16
1 139 679 7
1 19 686 158853
1 683 856 105623
1 407 684 209349
1 277 447 23
2 62
2 94
1 451 781 133944
1 68 435 244096
1 244 447 198046
2 29
2 30
1 133 214 51052
2 61
2 396
1 8 172 165739
1 528 702 199763
1 724 981 93999
2 30
2 54
1 91 755 178566
1 268 593 212342
2 34
2 33
1 790 857 174508
2 55
2 46
1 35 679 32883
1 257 986 13
2 57
1 228 365 169995
2 51
2 16
2 92
1 205 684 208830
1 701 973 211463
1 746 894 175185
2 847
2 46
2 99
2 34
1 440 853 44943
1 173 261 46581
1 963 973 239790
2 59
2 3
2 90
2 44
1 337 474 188688
1 581 948 158519
1 706 988 93373
1 783 963 180366
2 51
2 35
1 856 940 73322
2 98
1 358 494 114555
1 630 784 128672
2 685
1 63 149 42999
2 68
1 721 819 34985
1 922 973 18779
1 65 582 123606
2 69
1 80 726 177054
1 351 808 100643
1 371 562 210167
2 44
1 331 865 206044
2 34
1 5 518 205587
1 319 343 98978
1 726 743 149210
2 62
1 92 690 45009
1 386 464 768
1 917 954 101633
2 168
2 57
2 79
2 22
2 65
2 21
1 908 986 135148
2 81
1 132 496 193263
1 656 890 229834
1 31 925 71
1 963 988 87638
2 15
2 61
1 152 940 200358
1 185 652 65349
2 31
1 51 565 431
1 104 527 2
1 35 988 23
2 89
2 80
1 985 992 204672
2 77
2 51
1 41 302 116239
2 1
2 976
1 191 268 96276
1 342 822 26336
2 84
2 57
1 924 987 190355
1 134 364 129400
1 667 963 164752
2 93
2 63
1 108 224 245687
1 416 633 195910
2 69
1 124 854 823
1 116 936 2
1 976 985 207411
2 89
1 902 961 159137
2 25
1 702 955 33235
2 8
1 196 977 100490
2 5
2 284
2 77
2 91
1 817 981 245908
1 296 564 209304
1 544 706 214115
1 201 259 203554
2 53
2 989
1 65 501 2
1 840 911 229257
1 799 990 99691
2 61
2 47
2 20
2 73
2 12
1 382 863 43554
1 92 814 164313
1 504 539 197812
1 930 992 210851
1 514 591 138713
2 22
2 16
2 55
2 41
2 239
2 12
2 75
1 304 967 419
2 401
2 95
2 12
2 354
2 56
1 520 785 200320
1 216 248 38912
1 64 873 142182
1 801 962 911
1 358 946 98909
1 368 598 60053
1 75 867 139
1 125 277 145803
2 26
2 87
2 80
2 85
2 50
2 79
1 454 653 47730
1 668 830 248772
1 606 655 137440
2 54
1 879 964 175309
2 89
1 75 802 248459
1 734 768 117799
1 821 967 95900
1 139 419 58857
1 636 810 82244
2 67
1 544 953 120720
1 169 251 122744
2 68
1 319 939 41658
1 605 782 37801
2 62
2 22
2 114
1 101 215 34506
1 278 904 383
1 481 909 164213
1 821 954 141982
1 116 348 32590
1 47 489 161952
2 45
2 34
1 205 737 22686
2 93
1 558 766 170875
2 49
1 975 983 45208
1 862 943 71223
2 67
1 149 299 110717
1 635 758 103767
1 57 914 187302
1 760 977 158278
1 369 883 103927
2 2
2 68
2 41
1 33 747 457
1 72 346 246117
2 69
1 491 875 108417
1 989 993 41548
1 144 970 234744
1 701 772 237908
1 582 613 88471
1 71 740 45699
2 34
1 434 745 88848
1 570 817 203325
1 973 982 50702
1 453 737 214348
1 727 901 136113
2 61
2 528
2 76
1 777 903 30186
1 212 500 148528
2 11
2 25
2 98
2 93
1 199 315 105431
2 47
2 64
2 24
2 42
1 735 780 225391
2 43
1 318 576 230070
2 11
1 313 593 17
2 1
2 57
2 66
1 17 182 10267
2 42
2 61
1 417 605 139699
2 15
2 6
2 80
2 978
2 1
2 12
2 310
2 24
2 90
2 48
2 20
2 52
1 386 925 66244
2 40
1 413 841 163426
2 43
2 87
1 862 882 234293
2 14
2 7
2 56
1 260 388 31929
1 940 967 190368
2 83
1 268 348 99503
2 93
2 275
1 648 654 232988
2 29
1 211 630 93504
1 420 893 52700
1 43 209 19
2 76
1 641 773 71257
2 17
2 42
1 484 728 199609
2 84
1 144 645 59777
1 505 744 191613
2 71
2 53
1 684 972 66154
2 57
2 24
1 747 858 57241
1 523 945 20430
1 360 989 491
1 640 882 89755
2 85
1 376 404 98646
2 31
2 25
2 52
2 56
1 129 597 56004
2 2
2 29
1 917 966 162521
2 38
2 34
2 81
1 623 729 219420
1 835 956 105152
1 29 338 176991
1 197 336 19615
1 327 573 5
2 57
1 536 604 109847
1 36 959 41
2 34
1 63 796 373
1 248 584 110919
1 208 866 313
1 817 832 68114
1 401 969 619
2 25
2 40
1 704 848 919
1 88 519 159225
2 5
1 257 955 54562
1 820 870 170595
2 45
2 63
2 76
2 14
1 437 926 82954
2 18
1 795 909 164008
1 740 933 98665
1 589 593 20121
2 8
2 24
2 18
1 505 730 145445
1 936 957 225880
2 19
2 32
1 201 754 221108
2 64
1 283 321 39205
1 623 856 246140
2 22
2 66
2 23
2 62
2 86
2 413
1 426 726 84259
1 556 934 129673
2 79
1 46 712 601
1 879 928 112384
1 169 223 224175
2 39
2 89
1 288 408 87557
1 890 916 150238
2 51
1 374 580 158466
2 72
2 608
1 581 964 97755
1 698 929 191560
2 88
1 353 612 6447
1 466 732 161985
1 951 961 48447
2 873
2 91
2 99
1 317 409 89163
1 893 924 177988
2 70
1 108 913 59662
2 46
2 18
2 67
1 617 712 171804
1 770 953 38947
1 141 162 104699
2 4
1 277 292 103975
2 20
2 29
2 30
1 638 813 24253
1 487 898 102063
1 403 898 222810
2 220
1 796 798 110376
2 20
1 189 913 127609
1 877 979 149607
1 886 926 207079
2 76
2 56
1 78 290 120634
1 187 781 216365
1 863 991 802
1 885 977 163590
1 716 755 115383
2 78
1 230 456 124628
2 27
2 2
1 825 850 23170
1 326 617 29235
1 241 956 167486
1 308 915 175524
2 61
1 602 700 783
1 70 662 10544
2 657
2 40
2 78
1 492 610 211383
2 47
1 324 425 7475
2 60
1 138 891 214447
2 72
2 46
2 26
2 52
2 77
2 24
1 592 784 210901
1 870 959 12263
1 192 311 7
1 885 981 89843
1 396 554 152636
2 39
1 702 736 21771
2 97
2 29
1 397 584 235941
1 987 992 80118
2 85
2 83
2 37
1 636 675 51638
1 17 920 207291
1 57 126 222538
2 7
2 72
2 12
2 33
2 165
1 721 958 152069
2 21
1 473 784 101511
1 782 929 84747
2 17
2 44
2 86
2 54
2 99
2 71
2 60
1 736 826 80734
1 269 700 17
1 13 680 23709
1 799 865 150232
2 40
2 13
1 33 244 155384
2 59
1 929 932 91520
2 37
2 82
2 27
1 107 758 90157
1 937 966 240916
1 762 920 201904
1 25 804 241106
1 663 885 163011
1 553 666 217441
1 715 786 175260
2 7
1 399 714 29393
2 64
1 349 449 80772
1 205 269 190588
1 107 175 206587
2 138
1 79 408 33739
2 483
2 5
2 77
2 28
2 210
1 233 270 186871
2 25
2 15
2 88
2 11
1 536 898 71601
1 90 709 349
2 925
2 6
1 24 736 182135
1 787 851 17620
2 2
1 309 853 195944
2 3
1 631 891 114314
2 98
1 650 802 99772
2 9
2 11
2 79
1 156 682 66434
1 619 766 89064
1 494 743 967
2 5
2 89
1 176 324 169477
2 72
2 97
1 875 984 89983
1 793 932 110874
1 791 943 59705
2 58
1 284 653 130621
2 75
2 91
1 915 967 172971
1 503 539 238821
2 35
2 16
1 252 698 75750
1 319 867 232620
1 639 641 179967
1 6 499 859
1 126 911 257
1 95 436 5
1 734 911 26601
2 74
2 77
1 364 479 50316
1 73 242 124534
1 440 849 125982
2 654
2 10
2 32
1 536 764 607
2 41
1 453 713 104270
1 707 851 229336
1 629 733 85282
1 436 688 167644
2 52
2 67
2 946
2 22
2 70
2 30
2 88
2 16
1 33 960 283
2 84
2 61
2 99
1 335 406 135123
1 38 873 8775
1 611 819 70374
1 420 870 857
1 298 465 19411
2 23
1 701 783 31427
2 23
1 761 909 69183
2 30
2 75
1 32 716 89253
2 77
2 65
1 371 969 224611
2 50
2 91
1 734 992 98469
1 214 389 204534
1 402 525 37384
1 603 693 43907
2 36
1 374 426 86424
2 61
2 34
1 326 970 10147
2 32
2 42
1 554 648 173416
2 50
1 915 975 194690
2 27
1 773 899 46146
1 415 771 136616
1 69 628 222940
1 540 766 557
1 932 982 125357
2 71
2 79
1 621 924 172384
2 9
1 48 75 103231
1 82 962 241
1 375 957 20170
2 54
1 868 959 189861
1 648 844 105124
1 413 959 151630
2 83
1 764 869 97120
2 764
1 990 990 108239
1 226 911 172951
2 64
2 37
2 88
1 162 953 163
1 733 797 99720
1 353 510 219326
1 689 897 236506
2 553
1 888 923 104563
2 86
1 570 980 175871
2 71
2 45
2 57
2 29
2 61
1 583 723 158357
1 777 928 20853
1 569 614 208112
1 754 761 154762
2 46
2 71
2 66
2 88
1 766 947 126241
2 81
1 708 716 102791
1 132 143 176402
2 50
1 730 950 10690
2 30
1 754 868 53501
2 30
2 19
2 83
1 555 795 224374
2 65
1 116 890 221950
2 427
2 36
2 437
1 274 400 239835
2 86
1 556 659 247413
1 37 54 134104
1 492 829 32817
2 22
1 255 871 169892
1 592 898 210887
2 9
1 564 579 205328
1 530 579 157479
2 62
1 860 975 215193
2 558
2 91
2 40
1 414 849 12969
2 1
2 27
1 913 973 145122
1 234 441 186300
2 13
1 680 914 208830
1 58 92 66810
2 58
2 16
1 931 946 220925
2 8
2 6
2 64
1 108 921 103583
2 462
1 762 913 246259
1 351 608 16773
1 11 379 248057
2 85
1 789 954 13503
2 81
1 530 551 192615
1 220 931 169717
2 22
1 237 831 236731
1 433 658 127795
1 990 993 131083
1 620 689 242306
2 35
2 3
2 4
2 39
2 39
1 26 601 10779
2 66
1 251 275 62334
1 968 974 187891
1 73 773 307
2 79
2 544
2 373
2 79
1 212 651 102944
2 99
2 26
1 800 852 236653
2 692
2 67
1 938 952 239142
1 934 973 242428
1 145 789 34605
2 86
2 54
2 46
2 66
1 370 666 219017
1 862 919 126359
1 705 887 220180
2 30
1 315 571 2
2 445
2 34
1 667 937 29725
2 41
2 746
1 556 605 8203
2 27
1 789 923 96638
2 48
1 240 296 190108
1 359 721 126627
1 888 901 163022
2 22
1 217 223 235725
1 210 635 145886
1 95 579 99054
1 934 981 211341
1 491 554 19002
1 759 781 120725
1 323 987 631
2 7
1 816 891 132428
1 958 974 109252
2 58
1 922 941 118620
2 37
2 4
2 96
2 7
2 43
1 785 903 883
1 716 797 146216
1 228 417 195353
1 215 677 547
1 309 442 135586
2 46
1 38 843 164251
2 200
2 44
1 834 889 61697
2 78
1 908 975 135437
2 66
1 877 929 104453
2 54
2 7
1 263 610 3
2 33
2 25
1 286 868 70953
1 148 668 521
1 191 350 131234
1 60 547 34355
1 603 735 223914
1 87 817 225150
1 287 429 205572
2 19
1 859 870 24644
2 52
1 426 550 81486
1 151 823 311
1 566 596 210202
2 963
2 411
1 85 164 99662
2 34
2 47
2 86
1 174 926 185728
1 665 847 241849
1 854 859 240619
1 248 902 353
2 8
2 83
2 8
1 289 495 192291
1 102 194 7
1 606 692 247360
2 63
1 178 958 193
1 840 860 163805
1 182 646 110763
1 862 930 235827
2 22
2 38
2 65
1 35 46 160132
2 50
1 574 757 10006
1 159 260 110809
2 75
1 808 817 88982
2 521
2 95
2 25
2 5
1 146 458 736
1 524 704 75292
2 78
1 773 831 209338
1 201 227 78474
1 440 601 198484
1 257 360 117057
2 74
2 5
1 181 954 211
1 768 839 19740
1 977 990 222226
1 927 937 210003
1 823 980 26052
1 243 281 140170
1 638 992 64771
1 402 495 139677
2 24
1 134 785 182797
1 710 789 199469
1 486 887 661
2 71
2 3
2 32
2 783
2 576
1 145 855 88528
1 568 780 827
1 233 241 117174
1 364 761 181359
1 658 954 128615
2 26
2 66
2 76
2 1
1 766 819 149355
2 86
2 66
2 53
2 27
2 34
1 275 742 20047
2 99
2 8
1 817 818 218677
2 90
2 45
1 499 697 152216
2 15
2 64
1 259 442 125384
1 934 941 3568
1 317 499 219379
2 293
1 473 530 79964
1 788 947 109629
1 428 510 73508
1 661 971 12482
1 488 953 996
1 816 959 28701
1 210 932 36458
1 293 549 164290
1 204 217 234407
2 32
1 856 975 227974
1 786 967 4140
1 495 899 102585
1 290 662 204176
1 388 628 218522
2 26
2 50
2 27
1 234 649 449
2 68
1 248 963 17
1 258 453 245751
1 859 876 135268
2 75
2 95
1 676 743 78442
1 285 515 7226
2 76
1 591 764 239361
1 32 350 13
1 799 822 200643
1 893 982 196172
1 400 939 48462
1 543 720 223506
1 301 392 163251
2 10
1 122 902 31
1 200 269 7119
1 213 790 647
1 11 928 199
2 91
2 6
2 11
2 77
1 668 845 42665
1 973 976 5654
1 356 693 37758
2 48
1 48 212 123080
2 85
2 32
2 70
2 21
1 197 866 739
1 614 616 50726
1 292 861 150522
1 343 880 78949
2 79
1 754 772 106856
2 99
2 33
2 63
2 535
1 975 987 223169
2 49
2 74
2 82
2 65
1 543 726 241526
2 46
2 813
1 935 935 106567
1 233 390 152636
1 560 687 58821
2 60
1 844 971 140228
2 79
1 416 924 121200
2 16
1 445 585 180773
1 758 916 35111
1 255 258 186414
2 19
1 383 624 229038
2 16
2 50
1 178 651 110684
1 765 909 248432
2 53
1 764 855 208124
2 67
1 84 703 59684
1 12 899 42581
2 84
2 318
2 92
1 861 929 169879
1 601 774 6094
1 53 964 155826
2 18
2 95
2 57
1 555 558 170514
2 15
1 918 927 146352
2 10
1 354 652 187787
1 10 738 113706
2 97
1 867 901 229404
2 73
1 914 939 136488
1 144 398 72811
2 72
2 5
2 51
1 684 930 144187
1 79 89 4055
1 289 389 36354
2 18
2 88
2 19
1 591 925 206763
2 46
1 333 823 163218
1 130 392 109095
1 430 668 227281
1 692 953 160017
2 84
2 34
1 348 981 227121
1 175 290 5270
2 388
2 30
2 52
2 6
1 622 681 184314
1 637 665 134827
1 554 613 233125
2 62
1 286 347 95661
2 4
2 66
1 151 252 2
1 152 177 181574
2 51
2 44
2 4
1 744 824 21103
1 109 822 187115
1 895 993 188647
2 26
1 104 444 140603
2 926
1 597 673 245126
1 690 832 192527
2 4
2 5
2 64
2 15
2 36
1 968 987 180370
2 2
1 975 988 46162
1 946 950 173068
2 27
1 772 879 82598
1 447 852 48858
2 72
2 66
1 409 535 197238
2 89
2 61
2 11
2 55
2 97
1 74 687 523
1 10 815 85257
1 308 398 203017
2 43
1 368 987 107026
2 22
1 106 350 159730
1 312 354 19521
1 9 832 10906
2 78
1 125 206 128564
2 11
1 860 902 144553
1 318 802 165399
2 41
1 510 600 210221
1 374 887 72367
1 953 971 14160
2 61
1 201 624 19
1 285 473 34826
2 79
2 48
2 65
2 62
1 786 939 50783
1 81 133 174641
1 58 722 409
2 23
2 47
1 833 974 61782
2 33
2 77
2 6
1 412 623 86577
1 256 821 977
2 82
2 46
2 34
2 34
1 876 926 35686
2 2
1 249 889 2
2 27
1 130 367 2757
2 6
2 17
2 65
1 193 908 246125
2 92
2 608
1 812 949 170721
2 97
1 95 978 38096
1 71 252 109695
2 83
1 68 683 17554
2 40
1 81 283 224051
1 255 713 831
1 489 621 134326
2 65
1 59 854 173
1 218 364 2
1 656 684 107363
1 439 626 68533
2 61
2 99
1 832 975 235378
1 902 944 190270
1 366 701 131396
1 607 634 69604
1 120 511 202277
1 218 369 182030
2 5
2 21
2 49
2 90
1 991 993 195907
1 259 750 102832
2 94
2 519
2 28
2 52
2 62
1 331 604 238826
2 62
1 831 933 230643
1 447 765 59866
1 785 941 41724
2 96
1 194 853 107788
1 184 610 214600
2 379
1 778 944 177616
2 820
2 13
1 262 691 119160
1 135 234 63869
1 349 634 95970
1 885 888 204200
1 909 928 72438
1 596 929 216317
2 71
1 31 74 198515
2 83
1 310 563 5332
2 35
1 353 743 220565
2 25
2 80
2 61
2 7
1 975 981 53259
1 623 905 139492
2 271
2 454
1 300 955 7523
1 246 483 13064
2 26
2 32
1 347 658 81098
2 63
1 310 611 6470
2 13
2 24
1 547 632 146437
1 65 272 5
2 81
2 97
2 369
1 573 644 174923
1 230 777 37180
1 534 568 206266
2 95
2 913
1 775 987 30458
2 63
1 346 787 122071
1 80 380 3
1 179 213 149293
1 756 954 192544
2 12
2 9
2 74
2 81
1 121 718 159842
1 573 916 28172
1 362 567 234646
1 66 573 727
1 892 896 237275
1 829 850 167171
2 43
1 775 782 147678
2 24
2 69
1 276 470 167637
2 79
2 45
2 45
1 296 774 154653
1 962 978 186569
2 23
2 45
2 90
2 16
2 80
1 401 702 213422
2 171
1 380 850 72745
1 628 638 199901
2 65
2 7
2 23
1 786 976 204704
1 124 359 178406
2 91
2 23
2 59
1 155 890 239
1 798 927 155525
1 476 658 101145
2 6
2 57
1 902 985 167009
1 261 693 153847
2 19
1 709 721 233695
2 56
2 183
2 27
2 23
2 63
1 61 100 32839
2 57
1 249 809 146232
1 356 926 443
1 786 823 105538
2 11
2 20
1 511 940 198648
2 63
2 5
1 556 808 2766
2 69
2 83
1 392 726 98943
2 17
2 488
1 794 899 46185
2 64
1 465 602 210630
1 497 745 761
2 64
1 558 926 217864
1 339 962 39044
2 58
1 397 589 188895
1 428 640 187753
2 9
2 23
1 561 927 121729
1 227 324 3
2 98
2 13
1 474 805 203596
2 34
2 48
1 73 259 91843
2 39
1 93 399 87885
2 95
1 922 987 59576
1 241 418 232355
1 281 496 140941
1 559 701 129891
2 54
2 11
1 33 502 4152
1 446 510 213859
1 761 793 26352
1 492 647 45167
1 569 605 184086
2 30
2 21
1 456 906 49711
1 569 639 125406
2 86
1 985 986 208938
1 458 580 77663
1 404 681 211737
1 540 630 168842
2 33
2 23
1 959 985 80272
2 20
1 180 697 379
1 541 961 154593
2 41
2 52
1 169 193 2
1 351 791 85301
1 36 47 18051
2 915
1 135 602 83618
1 916 930 128432
2 10
1 694 785 90538
1 323 493 125609
1 52 449 61851
1 12 254 207214
1 453 731 160303
1 1 751 22331
2 44
1 134 711 203995
1 45 80 186678
1 852 881 197702
2 92
2 30
2 77
1 520 831 126154
2 14
2 67
2 46
1 303 372 150719
2 93
1 314 486 122583
1 531 656 102060
1 762 840 104784
1 721 819 82691
1 223 608 673
1 853 941 39932
2 57
1 133 669 3
1 480 748 212769
1 742 796 163266
2 34
1 160 299 233399
2 29
2 15
2 105
2 10
2 7
1 395 686 234836
2 6
2 45
1 418 831 207733
2 95
1 848 958 45372
2 45
2 92
1 225 809 337
1 590 637 101632
2 23
2 56
2 76
2 99
2 33
1 220 645 1773
2 24
2 81
2 15
1 40 639 13
1 33 957 229
1 263 604 2
1 43 798 163053
2 351
1 98 195 144632
2 23
2 5
2 59
2 58
2 57
1 858 968 219565
2 48
1 596 712 16386
2 7
1 57 410 87075
2 52
1 438 590 210163
2 27
1 476 943 811
2 40
1 809 873 206922
2 60
2 769
1 114 904 210216
2 13
1 536 628 29651
1 235 982 180214
2 63
1 551 967 213174
2 41
1 56 69 105504
2 96
2 107
1 147 928 73516
1 885 889 224588
1 571 873 92895
1 150 928 223
2 15
1 2 325 188431
1 587 789 75229
1 19 933 18838
2 4
1 82 90 58620
1 851 989 91636
1 868 936 128710
2 97
2 25
2 32
1 600 962 35543
1 386 570 201347
1 407 621 37415
2 95
1 279 365 60735
2 47
2 511
2 70
2 24
2 290
2 46
2 67
1 124 210 181592
2 4
1 783 897 165311
2 43
2 52
1 641 764 212607
2 480
1 119 227 208768
1 536 916 39452
1 606 675 190008
2 37
1 100 518 2
1 68 520 226057
1 13 537 166013
2 58
1 29 317 172568
1 783 950 66084
2 39
1 200 991 39915
1 577 680 203881
2 65
2 15
1 171 428 6850
2 8
2 44
2 75
1 834 888 103628
2 69
2 59
1 938 986 50657
1 377 895 27619
1 458 746 174533
1 953 973 86068
1 330 959 129087
2 56
2 63
1 293 414 234137
2 42
1 339 946 769
2 46
2 28
2 37
2 970
2 98
2 44
1 440 867 41141
2 79
1 686 726 120924
1 71 270 126729
2 3
2 40
1 296 378 130544
1 799 887 140325
2 66
1 890 991 199970
2 237
2 830
1 55 554 107430
1 50 329 28827
1 686 829 132736
2 62
2 89
2 6
2 864
1 317 600 60953
1 396 527 156351
1 955 962 92418
2 89
1 866 949 88238
2 94
1 934 961 10196
1 332 463 39785
1 522 864 176693
1 215 943 118910
1 201 212 2
1 772 814 117337
2 84
2 99
2 28
1 127 220 167325
1 520 538 2531
2 24
2 69
2 14
1 595 772 94422
1 922 933 131305
2 35
2 8
1 951 962 117662
2 43
1 698 698 23822
2 21
2 4
2 35
1 217 983 91621
1 62 404 182536
2 25
1 301 894 217559
1 189 658 116928
2 74
1 821 963 27617
2 93
2 67
2 15
1 71 778 217111
2 45
1 738 877 246033
2 18
1 822 854 71786
1 579 966 194082
1 76 314 93970
2 801
2 24
1 305 526 38464
1 208 613 27767
2 8
2 34
1 44 108 2
2 77
2 30
1 45 242 25206
1 252 331 26321
1 574 884 10848
2 77
1 272 611 17076
1 873 944 128021
2 65
2 79
1 611 731 151246
1 198 385 18644
2 89
1 694 947 242681
2 2
1 87 674 132367
1 154 681 397
1 231 879 2779
1 497 528 178061
2 81
2 21
1 63 386 121478
2 44
1 299 859 190218
2 18
1 864 890 114149
2 24
2 56
2 6
1 131 504 40515
2 69
2 28
2 27
2 57
1 87 915 117837
1 202 700 198072
1 244 796 207280
1 477 816 130390
2 2
2 91
2 34
2 42
1 621 779 184961
2 40
2 1
2 54
2 11
1 459 596 203374
1 531 703 136653
2 22
1 654 730 235735
1 253 482 20806
2 970
1 461 618 114866
1 969 970 172829
1 718 780 225318
2 97
1 251 476 160661
2 28
2 4
2 68
1 617 831 241718
2 601
1 785 949 215085
1 39 736 163213
2 18
1 814 876 51308
2 94
1 85 497 31694
1 108 356 210398
2 16
1 277 352 3
1 330 659 109589
1 113 150 76045
2 58
1 285 311 151225
1 827 991 70891
2 74
1 248 916 186428
1 4 107 96199
2 32
1 750 823 72370
1 696 742 232338
1 845 900 60095
1 872 873 224041
1 199 232 68228
1 24 274 32011
1 773 852 132344
2 63
1 861 876 212173
2 65
2 74
1 461 501 219063
1 563 599 218533
1 666 692 24465
1 961 989 131821
2 98
2 725
1 485 917 20409
2 73
2 91
1 568 585 29866
2 53
2 46
1 322 565 61959
1 860 964 146532
2 30
1 77 935 97
1 183 297 177309
1 26 870 167909
1 240 687 71650
2 212
2 40
2 444
2 35
1 910 914 33968
1 131 803 64247
2 1
2 81
2 93
2 66
2 93
1 207 472 102028
2 89
2 77
1 329 616 141395
1 548 927 103521
1 296 962 317
2 25
2 80
2 28
1 701 929 24700
2 22
2 47
1 513 909 69555
2 84
2 48
2 5
1 527 861 5165
1 762 936 215592
1 95 697 152737
2 90
1 79 536 877
2 66
1 38 874 86088
2 32
1 768 846 228834
2 39
2 92
2 55
1 352 396 143368
2 71
1 307 525 168507
1 577 631 162067
2 55
1 759 919 16896
2 41
2 64
2 96
1 330 334 210500
2 26
1 67 914 208699
1 51 680 31647
1 711 753 95449
1 740 988 35379
2 44
2 17
1 484 884 212144
1 551 664 39103
1 320 762 55434
1 524 829 62968
1 95 562 217753
1 440 546 135328
2 6
2 64
2 46
2 7
2 62
2 23
1 182 431 202401
2 39
2 16
1 453 581 89219
2 40
1 188 590 653
1 364 447 212809
1 991 991 159575
1 903 928 143485
1 286 541 1023
2 87
1 524 689 75858
1 182 220 116226
1 352 556 205657
2 55
1 508 617 117384
2 24
1 447 832 135067
1 22 562 5
2 54
2 12
1 302 437 196612
2 12
1 744 775 40522
1 969 978 160680
1 732 991 55582
2 9
2 53
1 107 770 240936
2 98
2 79
2 37
1 595 802 91393
1 856 905 249916
1 770 841 242352
1 393 485 97594
1 654 731 105462
2 76
2 17
1 559 640 74778
2 5
1 198 234 249586
2 572
1 109 470 210789
1 316 520 41845
1 637 893 683
2 10
2 75
2 82
1 650 725 182399
2 51
1 62 140 71345
2 576
2 76
1 843 985 213431
2 64
2 49
1 826 861 169562
2 28
2 51
2 71
1 444 824 230203
1 390 504 166427
2 93
2 44
2 467
1 274 635 210042
1 623 883 44754
1 139 946 191025
2 36
1 922 959 111166
2 80
1 469 754 3054
1 196 562 167341
1 90 774 54705
2 3
1 828 876 101806
2 859
2 62
2 97
2 80
1 476 657 188828
2 69
2 12
1 585 725 193683
2 3
1 400 881 158562
1 171 446 176560
2 92
2 25
1 396 557 28106
1 523 979 162732
1 285 426 57735
1 9 92 242768
1 207 347 124120
1 673 784 70362
1 196 711 136913
1 133 219 41725
1 573 678 189364
2 90
2 47
2 635
2 39
1 751 891 248633
1 109 196 31
1 619 729 121075
1 736 790 231465
2 17
2 57
1 822 861 164583
1 620 622 175850
2 17
1 559 563 156358
2 80
2 97
1 589 684 98096
1 26 692 145415
2 80
2 58
1 629 895 93628
2 17
2 950
2 93
2 594
1 907 908 39529
2 28
1 599 655 155028
2 78
1 839 974 199250
2 92
2 27
2 32
1 419 523 143082
2 70
2 46
2 48
1 78 412 49631
1 220 334 217123
2 75
2 6
1 569 770 191843
2 51
2 22
1 89 130 23
1 400 750 199532
1 408 720 242009
2 67
1 447 720 797
1 735 904 125159
2 81
1 377 500 110002
1 190 589 60509
2 34
1 657 900 2492
2 22
2 33
1 371 420 134714
1 841 923 58897
2 567
2 31
1 561 747 84899
2 60
1 845 983 155580
2 50
1 208 842 200486
1 675 744 46590
1 848 929 13306
2 52
1 44 914 70376
1 320 625 203721
1 817 916 144770
1 172 175 174238
1 440 638 146000
2 40
1 844 992 224949
1 966 988 231627
1 440 558 101100
1 713 743 223792
2 28
2 89
2 73
2 47
1 122 940 149
2 55
2 9
2 56
1 607 793 201711
1 205 860 11955
2 69
2 79
1 276 460 244424
2 79
1 892 924 175834
2 56
2 36
2 34
2 5
2 10
2 52
2 6
1 477 831 80032
2 94
2 777
1 131 341 89690
2 3
1 47 802 223657
1 883 961 189185
2 33
2 43
1 29 266 18538
1 937 940 73745
1 744 935 170701
2 19
1 75 793 137425
2 75
2 77
1 282 894 185266
2 20
2 29
2 23
1 232 869 154230
2 55
1 690 777 134559
1 773 838 220578
2 70
1 164 293 161455
1 615 679 64188
1 187 370 36676
2 4
2 10
1 617 775 45722
2 797
2 6
1 583 746 151207
2 83
1 106 243 149791
2 85
1 670 748 24981
1 618 805 757
2 51
2 97
1 903 924 88440
2 24
1 729 839 4462
2 29
2 17
1 955 981 20458
2 36
1 620 690 188661
2 13
2 98
1 98 838 88199
2 43
2 53
2 95
2 63
2 58
1 864 908 223826
1 242 803 3
1 610 742 12950
1 11 448 206794
1 527 537 246496
1 258 521 34921
2 93
2 17
2 44
1 828 896 179906
1 516 780 227824
1 606 958 231769
2 94
2 40
2 50
2 31
1 74 907 89
1 602 986 143114
1 147 981 93867
1 950 958 148466
2 26
1 717 730 68227
2 26
1 423 902 95750
1 827 884 97120
1 342 358 191735
1 792 993 137378
1 40 381 149123
1 437 782 114429
1 715 874 87257
1 443 688 166419
1 614 702 187516
2 76
1 478 858 78160
1 67 222 218503
1 810 907 10386
1 485 554 243471
1 883 888 160402
1 200 307 24744
1 555 598 171795
2 16
1 415 515 2899
1 297 881 71825
1 109 918 174550
1 496 583 235020
2 28
1 43 462 83037
1 428 619 45822
2 18
2 72
2 66
1 159 705 99245
1 180 210 171283
1 174 701 244766
2 78
1 959 966 143747
1 668 947 179357
1 85 348 19
2 71
1 666 753 60929
2 22
2 53
1 876 927 89121
2 85
1 764 850 234440
2 931
1 196 442 43754
1 809 939 78148
1 740 986 67407
2 1
1 714 882 110993
1 915 967 131557
2 78
2 82
2 74
1 158 957 95310
1 8 678 809
1 67 824 49749
1 697 852 158714
1 30 516 222186
1 905 959 75252
2 16
1 278 835 172072
2 92
1 175 831 191
1 338 840 733
2 643
1 832 946 209084
2 30
1 462 909 114440
1 963 969 46673
1 635 787 110944
1 178 496 29620
2 37
1 689 884 209071
1 949 955 172159
2 48
2 50
2 94
2 96
2 41
1 47 195 14202
2 69
1 957 981 240482
2 95
1 103 519 68465
1 302 325 185829
2 14
2 29
2 84
2 34
1 227 830 53091
1 778 869 179498
1 834 962 81126
2 5
1 30 710 82365
1 749 821 114010
1 702 724 202384
2 71
1 89 162 218531
1 44 901 30143
1 664 779 143928
2 111
2 87
2 67
2 45
2 36
1 629 715 8018
1 486 520 201924
2 79
2 2
1 393 870 195802
1 766 901 80195
1 772 990 170121
2 89
2 63
2 60
2 70
1 239 251 2
1 6 54 43619
2 75
2 26
1 794 835 113218
1 46 679 50165
2 78
1 750 788 228595
2 978
1 751 945 28860
1 594 768 158941
2 70
2 82
1 555 671 172994
2 82
1 29 953 53
2 68
1 906 990 102571
2 61
1 863 967 108899
2 59
2 119
2 16
1 459 758 32681
2 19
1 216 532 202645
2 32
1 487 590 41226
1 166 243 238031
2 38
1 683 799 98981
1 653 979 180590
2 11
2 17
1 347 395 81254
2 794
2 13
1 540 934 136351
2 54
1 42 652 238252
2 76
2 53
1 690 708 135056
2 95
2 79
2 97
2 58
1 483 799 88515
1 417 592 163413
2 46
1 50 771 114751
1 358 483 154388
2 43
1 670 937 13471
1 15 910 101
1 572 681 167217
2 23
1 50 768 3
2 47
1 982 990 133227
2 22
1 66 558 189440
1 225 428 154591
1 908 938 238811
1 166 262 93319
1 580 938 64783
2 1
1 840 916 887
1 439 716 947
2 40
1 118 834 50712
1 659 813 130850
1 558 865 9756
2 99
2 75
1 778 955 139068
1 100 516 5627
2 14
2 35
1 201 446 203543
2 18
1 851 992 139959
2 20
1 516 899 124476
2 34
2 47
1 848 957 212263
2 1
1 823 961 105435
2 17
1 724 868 211935
1 694 843 907
1 159 160 151359
1 369 613 115064
1 325 362 230584
2 36
1 663 781 35212
1 842 861 102486
1 296 836 131083
2 33
2 92
1 704 977 2265
2 57
1 650 849 218847
1 442 790 56342
2 30
1 820 910 190639
1 271 338 99147
1 703 782 163751
2 94
2 3
1 380 574 116255
2 29
1 225 772 38463
2 31
2 75
1 205 226 115441
1 68 243 28924
1 553 554 201153
2 176
1 145 322 125823
2 25
2 49
1 109 423 8663
2 68
1 101 623 64933
2 12
1 56 610 199730
2 69
2 59
2 39
2 70
1 791 974 201863
2 36
2 51
1 538 633 78415
2 45
2 14
2 34
2 3
1 717 803 84788
2 89
2 897
1 920 987 144127
2 64
1 111 804 677
1 231 326 249913
2 31
2 63
2 21
2 35
2 26
1 716 726 135346
1 964 968 230819
1 56 206 5
1 115 204 46418
2 2
1 469 568 198650
2 4
2 42
2 71
2 94
1 848 933 230030
2 40
1 88 748 7
2 77
1 295 366 5
2 37
1 173 780 97465
2 61
2 64
1 324 683 19
2 7
2 61
2 63
1 885 933 682
1 622 829 190669
1 109 426 11
2 28
2 5
1 188 543 45985
1 622 696 138386
1 546 602 246826
2 67
2 60
1 227 866 67069
1 877 969 177857
2 32
1 74 214 145479
2 81
2 54
2 43
2 707
2 6
1 80 944 127
2 41
1 61 339 186347
1 346 691 107402
1 550 569 87860
2 57
1 416 770 81705
2 29
2 38
2 91
2 51
1 970 979 226838
1 25 77 3
1 753 761 172071
2 43
1 898 990 40131
2 50
2 37
1 414 594 174150
2 70
1 367 372 214703
2 60
2 79
2 294
1 816 877 64955
1 47 79 133237
2 69
1 118 457 15672
1 50 956 156539
1 34 988 863
1 804 941 75119
2 46
2 763
2 33
2 30
2 19
1 631 771 192690
1 843 955 205093
1 10 302 75221
2 65
2 29
2 82
1 486 924 80612
1 780 859 242405
1 780 917 200847
2 434
2 67
2 44
1 564 814 115027
1 717 901 73984
2 18
2 82
2 91
1 589 791 110356
2 55
1 284 727 117484
1 662 829 230167
2 14
1 642 771 82355
2 14
1 37 410 71437
1 407 960 159274
1 130 354 69816
2 33
2 54
2 30
2 11
2 56
1 433 947 40576
2 31
2 3
1 548 881 68635
1 493 573 221086
2 97
2 61
2 36
2 98
2 60
1 373 602 78451
2 23
1 450 837 32660
1 308 642 230956
2 19
2 16
1 626 905 125074
1 87 261 89112
1 747 915 133466
1 881 896 234702
1 95 156 92346
1 828 916 22813
1 63 934 389
2 4
1 523 917 159432
2 56
2 292
1 335 438 41468
1 815 820 243727
2 572
1 314 498 78884
1 639 878 213590
2 41
1 86 647 11521
2 16
2 784
2 14
1 906 955 224052
1 705 852 183701
2 4
2 66
1 350 742 641
2 39
2 43
2 70
1 550 746 199990
1 272 480 43395
2 67
2 1
1 289 567 223213
1 531 868 122144
2 73
2 28
2 876
2 66
1 402 690 175792
2 45
2 34
1 297 837 89485
2 5
2 43
2 50
2 52
1 142 370 98615
2 60
2 633
2 82
1 563 847 246993
2 18
1 136 539 2
1 500 981 215466
1 669 960 112023
1 6 913 148190
2 58
1 593 684 116402
1 136 446 169853
1 915 987 70730
2 703
1 623 908 95477
1 954 962 210759
2 42
2 15
1 355 479 107868
1 762 936 8962
2 22
2 97
2 53
2 7
1 210 656 40812
1 111 985 151
1 565 857 61418
2 78
2 714
2 19
2 78
1 230 531 109375
1 281 934 163467
1 415 841 172383
2 20
1 905 926 110148
2 98
2 57
2 35
1 711 719 43667
2 40
2 90
1 490 672 100351
2 74
2 51
2 59
2 53
2 19
1 218 324 31715
2 97
2 56
1 701 851 40662
2 38
2 514
1 884 955 55981
2 780
1 964 971 93550
2 22
2 68
1 787 815 50033
1 602 770 184164
1 48 757 234210
2 75
2 41
2 67
2 37
1 414 616 234465
2 4
1 45 177 2
1 106 976 216581
2 34
1 260 313 188258
1 821 901 55444
1 321 809 85136
2 99
2 20
1 569 721 25015
2 22
2 53
2 19
1 27 375 130123
1 209 357 80377
1 824 846 237914
1 328 617 173708
2 164
1 220 272 31061
1 841 950 237414
1 128 907 16894
1 578 769 123943
1 135 679 194129
2 71
1 220 489 169041
1 296 604 228208
2 82
1 746 754 62233
1 373 768 221557
1 772 822 189279
1 210 381 34976
2 65
2 89
2 39
2 56
1 952 992 235242
1 496 575 84753
2 65
2 675
2 50
2 73
1 221 261 61641
1 685 972 26683
2 51
2 54
1 634 876 101725
2 60
1 187 734 65090
2 99
2 71
2 84
2 96
1 637 828 115415
2 40
2 15
1 639 839 104523
1 513 622 99496
1 339 707 65741
1 425 703 249975
2 37
1 692 724 109091
2 34
2 38
1 890 913 144491
2 34
1 442 564 218678
1 239 313 81358
1 621 684 7199
1 77 836 165976
1 377 460 200353
2 65
1 288 873 109985
2 28
2 78
2 53
1 310 467 127052
1 221 495 142881
2 88
1 578 708 115315
2 68
1 431 802 13928
2 53
1 819 894 115884
2 99
2 124
2 96
2 95
2 6
2 63
1 825 946 202508
1 325 569 129017
2 2
2 41
2 19
1 391 876 130381
2 71
1 291 296 44141
1 5 241 131700
2 41
1 540 871 74956
2 25
2 46
1 302 957 193457
2 68
1 82 888 144182
1 984 984 246060
1 646 880 115353
1 565 566 131505
1 233 521 151311
1 123 277 83951
2 79
1 549 816 65008
1 346 945 160572
2 11
2 99
2 78
1 516 824 243746
1 137 667 36859
2 55
2 31
2 22
2 312
2 47
2 55
1 802 887 144709
1 177 189 501
2 52
2 50
2 31
1 530 719 65840
1 983 992 105137
2 4
2 7
2 18
2 28
1 67 163 11845
1 729 826 144891
2 91
2 97
1 453 898 70931
2 31
2 20
1 612 746 183212
2 64
2 79
1 936 982 100043
2 10
2 5
2 44
2 85
2 69
1 301 792 165395
1 355 948 95198
1 497 520 249623
2 9
2 5
2 25
2 40
1 173 572 7
1 881 967 116326
2 44
2 3
1 115 557 91341
2 83
2 85
1 981 985 42845
1 508 827 68511
2 29
1 255 810 172773
2 43
1 474 653 158163
1 947 985 166207
1 694 708 155571
2 5
1 576 812 53184
2 765
2 57
2 62
2 15
1 747 870 953
1 579 886 131349
1 926 933 140834
1 400 617 130273
2 75
1 2 471 203330
2 10
1 236 674 91896
1 673 914 829
2 4
2 70
2 5
1 811 814 163424
1 793 807 159837
1 971 975 239445
2 33
1 893 947 174047
2 44
1 789 957 239260
2 80
1 542 595 64148
2 65
1 470 856 168400
2 35
1 809 982 14945
1 774 805 149494
2 4
2 797
2 71
2 24
1 277 449 203372
1 678 706 48528
1 345 347 50205
1 657 842 227188
1 555 977 229313
2 981
2 51
1 39 778 103680
1 267 780 331
2 72
1 650 726 129486
2 69
2 81
1 609 828 89442
2 23
2 63
1 388 991 226611
1 612 775 201351
2 24
2 33
1 698 886 21642
2 53
2 78
1 805 954 223183
1 153 653 126886
1 297 312 170030
2 75
1 354 675 26002
1 287 955 41334
2 51
2 877
1 685 726 230286
1 985 990 202882
1 825 973 165621
1 988 993 106878
1 842 983 105509
1 390 702 35208
2 51
2 88
2 17
2 41
2 54
1 429 841 216134
1 250 299 11
2 58
1 400 658 209523
2 99
1 29 269 170158
2 66
2 44
2 68
1 40 921 216699
1 185 686 3034
1 32 653 111169
2 75
1 377 509 154744
1 820 940 51140
1 449 566 84280
1 546 811 31946
1 328 747 162010
2 34
2 66
1 187 325 78976
2 168
1 507 976 36746
2 70
1 608 864 209340
2 41
2 2
2 16
1 826 974 175005
1 95 914 98838
2 94
2 580
2 49
1 275 440 80192
1 356 693 99737
1 808 935 7162
1 728 815 231143
1 144 828 461
1 279 956 126110
1 325 724 180231
1 438 945 190696
2 98
1 470 629 138257
1 66 109 103888
1 812 840 18380
1 763 833 72231
2 56
1 236 243 233428
2 24
1 836 984 78422
1 13 735 111103
1 286 764 231998
1 129 786 58392
2 897
1 342 964 5629
1 463 818 12031
1 493 502 245541
2 18
1 78 150 200654
2 78
2 54
1 453 762 112077
1 126 184 84276
1 727 971 40478
1 351 701 63165
1 229 916 19
1 598 785 17594
1 531 549 192910
1 55 518 108904
2 5
1 165 715 293
1 315 878 197548
2 44
1 455 784 184292
2 15
2 98
1 740 911 160909
1 720 860 126488
2 87
1 182 535 154725
2 870
1 747 873 162264
2 60
2 46
1 121 664 159780
2 629
1 775 795 184028
2 17
2 30
2 22
1 187 637 140787
2 55
1 391 578 187722
1 393 623 201037
2 241
1 678 937 90363
2 73
1 395 802 166841
2 82
2 69
2 6
1 185 906 93388
1 850 850 153904
1 532 624 169447
2 19
1 672 809 118797
2 59
1 784 967 24777
2 99
2 68
1 363 811 58437
2 83
2 44
1 375 409 6572
1 515 710 226869
2 71
2 14
2 11
2 96
2 61
1 930 978 216954
2 26
2 44
1 788 864 219799
1 48 256 135697
1 503 718 119424
2 96
2 76
2 52
1 248 604 17834
2 54
1 207 649 179898
2 94
1 896 967 32253
2 16
1 428 719 167457
1 444 582 127939
2 61
1 962 978 124966
1 605 684 150264
1 321 463 3
2 90
1 729 776 116575
2 41
2 618
1 595 978 42990
1 644 737 199671
1 855 916 52624
2 56
2 90
2 28
1 218 984 433
2 28
1 145 151 198806
2 94
2 85
1 174 516 214537
2 55
2 92
1 497 617 81854
2 43
2 3
2 51
2 72
2 55
2 82
2 48
2 60
2 555
2 37
2 32
1 903 991 73854
2 13
1 982 986 32066
2 45
2 89
2 66
2 1
2 96
1 722 986 103874
2 60
1 908 913 5681
2 51
2 1
1 869 897 181244
1 155 544 13
1 160 226 105903
2 74
1 789 870 93656
1 199 285 88618
2 702
2 28
2 17
1 523 575 222801
2 75
2 65
1 279 505 128832
2 87
1 795 879 62586
2 89
2 58
1 300 694 7
2 19
1 143 887 10217
2 81
1 485 535 11815
2 14
1 585 661 122915
1 295 339 64950
2 41
2 63
2 732
1 289 722 69146
2 1
2 49
2 65
2 43
1 406 786 177094
1 982 993 237391
2 98
2 7
2 56
1 247 977 271
1 331 844 4680
1 535 920 124947
1 651 977 125496
2 562
2 52
2 24
1 130 252 142949
2 60
1 475 494 93250
1 40 933 67
1 100 894 86948
2 98
2 750
1 993 993 64984
2 5
1 952 974 155520
2 47
2 34
2 37
1 912 954 60210
2 71
2 63
1 882 931 13254
2 98
2 5
2 31
1 670 793 9116
1 192 758 82355
1 343 876 42031
1 860 970 117910
1 378 632 69345
2 84
2 719
1 544 645 15406
1 778 979 25052
2 47
2 49
2 82
1 144 787 479
2 71
1 81 734 29
2 26
1 952 974 224269
2 59
1 871 919 166782
1 137 210 96211
2 21
2 4
2 7
1 152 609 75569
2 81
2 37
1 565 589 229240
2 13
1 278 700 70638
1 569 958 787
1 613 817 176869
1 692 911 56294
1 448 590 172839
1 407 625 195748
2 728
1 957 985 249209
2 46
2 49
1 476 696 197982
1 776 793 180450
2 74
2 84
2 72
1 954 989 203080
2 88
2 91
2 46
1 456 864 102345
1 46 420 107799
1 102 639 217614
1 46 957 47151
1 357 563 138247
1 21 391 159609
2 62
2 600
2 267
1 93 141 129880
2 69
2 19
1 298 609 5625
1 671 908 7291
1 797 906 185934
1 657 812 118404
2 43
2 67
2 52
2 67
2 87
2 77
2 20
2 24
2 31
2 5
1 401 494 148329
2 17
1 968 990 16799
2 27
1 83 432 23759
1 196 384 206363
1 833 898 182917
2 2
2 96
2 12
2 95
1 344 675 134249
1 786 912 114450
1 468 477 77423
2 18
2 36
1 770 780 4827
1 703 755 124641
1 985 991 20589
1 112 884 130367
2 41
2 50
2 66
2 67
1 673 834 46492
1 159 869 24683
1 334 583 8241
1 824 941 10894
1 875 893 212041
1 43 504 171773
2 42
1 688 776 124137
1 208 496 195743
2 90
1 907 915 102482
1 230 806 166434
1 267 648 359
2 95
2 93
1 146 295 142314
1 623 914 135517
2 59
2 80
2 155
1 31 946 85977
2 36
1 984 986 237821
2 98
1 229 873 281
1 573 737 97682
1 400 953 84506
2 13
1 69 437 174000
2 132
2 93
2 7
1 876 905 245501
1 204 865 23259
1 867 882 153155
2 88
2 97
2 62
1 821 903 24609
2 51
1 133 941 67299
2 59
1 782 880 211853
2 99
1 285 424 109765
2 58
2 81
1 596 630 214143
1 941 973 243426
1 777 950 149856
2 90
2 91
2 50
1 171 582 499
2 30
1 191 869 197
2 44
2 8
1 135 208 142908
1 58 69 185278
2 82
2 1
2 8
2 24
1 138 629 232206
2 89
2 72
2 78
1 361 662 210544
2 76
1 594 947 179983
1 396 491 203665
2 43
1 677 973 58654
2 48
1 613 967 220183
2 88
2 82
2 95
2 98
1 572 713 235309
2 33
1 787 790 205541
1 323 772 79757
1 183 555 30551
2 58
2 23
1 809 886 16810
2 86
1 461 593 88798
2 52
1 915 934 16648
2 19
2 29
1 884 961 123915
2 6
1 720 801 244342
2 31
2 73
1 583 774 11531
2 95
1 870 871 105143
2 65
1 341 382 191529
2 11
2 5
1 699 872 200804
2 30
2 58
2 645
2 2
2 619
1 434 757 86477
2 63
2 6
2 65
2 6
1 791 851 222257
1 419 835 182796
1 221 428 2
1 509 745 242859
1 27 945 131
1 288 472 47546
2 84
2 118
2 12
1 498 745 226067
1 12 384 124031
2 80
1 307 573 113930
1 221 499 159881
2 78
2 13
1 128 430 8072
1 78 107 29
1 245 609 44768
2 11
1 200 902 138358
2 42
2 66
2 16
2 77
1 95 129 23557
1 933 946 3439
2 91
2 15
2 10
2 14
2 97
1 534 650 151669
2 57
2 69
2 46
2 56
2 87
1 836 848 220499
2 17
2 65
2 24
2 99
1 68 532 58566
1 869 936 234199
2 38
2 88
1 917 984 33702
2 11
1 554 836 46701
1 428 908 47499
2 80
2 654
2 35
1 860 937 87591
2 24
1 784 818 13292
1 118 924 157
1 332 643 239698
1 621 795 28904
2 86
2 23
2 49
2 99
2 255
2 38
2 81
1 710 878 36235
2 60
1 805 848 114336
2 44
2 31
2 84
2 63
2 83
1 527 743 204850
1 463 580 156723
1 603 859 139155
2 45
1 116 838 263
1 515 855 140587
2 904
1 250 279 7
2 548
1 27 97 200436
2 20
2 871
1 624 856 226708
2 2
1 266 386 172962
1 363 946 175212
1 569 866 53798
2 16
2 366
2 46
2 96
2 40
2 49
1 214 845 135829
2 67
1 540 775 171052
2 257
1 319 416 170334
2 35
1 498 717 227821
2 509
1 468 984 92912
2 11
1 193 791 23102
2 67
1 86 224 94941
2 411
1 39 974 83
2 471
2 26
2 82
1 45 601 80532
1 396 407 220461
1 603 690 131547
2 15
1 54 891 751
1 299 860 467
1 326 799 220841
1 472 776 881
1 880 963 50321
1 580 779 171846
2 10
1 327 634 158751
2 90
2 35
2 48
1 852 936 68670
2 86
2 53
1 480 542 79148
1 66 624 85321
1 411 711 96423
2 12
1 656 828 95816
2 91
1 323 628 5
1 203 648 201893
2 63
1 730 873 222561
2 6
2 248
1 932 974 7955
1 496 829 719
1 965 981 61181
2 31
1 442 531 23097
1 810 919 87989
2 164
1 10 104 6660
2 34
2 86
1 909 987 18542
2 75
1 811 923 181900
1 885 913 41458
2 14
1 681 702 82983
2 54
1 778 848 150352
2 95
1 240 561 1366
1 581 598 71236
2 39
1 732 775 210289
1 468 746 75555
1 128 433 216894
2 27
2 11
2 33
1 551 953 109200
1 254 623 220162
2 74
2 19
1 358 828 74817
1 542 642 147277
2 869
1 615 992 227916
1 747 864 114357
2 982
2 828
2 2
1 348 990 73947
2 4
1 228 639 249257
1 329 476 171222
1 519 705 44968
2 26
1 83 837 23
1 906 969 44193
2 65
1 679 977 125005
1 862 930 223436
2 68
2 27
2 68
1 548 754 140384
1 77 942 79
1 577 783 215915
2 60
1 138 962 197008
1 642 888 197916
2 38
2 16
1 652 907 153821
2 61
2 922
2 75
2 62
1 899 980 228572
2 62
2 71
1 826 937 150868
2 5
1 944 980 205283
1 453 654 97569
2 83
1 883 940 129069
2 50
1 508 662 185999
2 16
1 634 813 691
1 728 845 178212
1 744 778 29755
2 51
1 603 860 128437
1 398 454 64026
2 40
1 883 965 120440
1 429 980 173341
2 92
2 72
2 480
1 829 959 209778
2 83
2 22
1 664 773 67712
1 421 923 134329
2 24
1 573 890 234628
1 659 701 8814
2 87
2 361
2 8
2 45
2 12
1 28 513 69573
1 936 992 19168
1 907 966 198621
1 703 940 243504
2 36
2 354
2 738
2 48
2 16
1 378 457 104370
1 674 712 8110
2 586
2 591
2 97
1 187 632 86887
1 399 405 240583
2 32
1 875 950 53039
2 28
1 302 551 203042
1 428 655 115936
2 3
1 942 953 8410
1 459 936 73604
1 544 918 92322
1 4 271 107313
1 65 481 243998
1 112 671 52059
2 63
1 117 531 86137
1 681 759 25104
1 80 185 206960
1 351 501 244854
2 42
1 727 812 58301
1 547 561 18900
1 34 954 43
2 37
2 359
1 545 989 84376
1 598 934 13823
2 68
2 54
2 185
1 621 867 27091
2 6
1 679 783 52814
1 879 925 198506
1 470 508 97506
1 856 915 54937
1 650 782 165451
1 110 442 133897
2 66
1 264 897 123991
1 48 664 166661
1 648 727 76816
2 32
1 826 901 215816
2 44
2 18
2 976
2 46
1 151 615 117767
2 58
2 83
2 40
2 99
2 99
1 556 633 216619
2 17
2 61
1 611 802 743
2 67
1 13 882 214127
1 744 834 75543
2 9
1 413 702 33457
2 454
1 178 339 95516
2 7
1 685 720 205696
2 76
1 35 201 129350
1 790 912 120972
1 630 704 152461
2 67
1 200 867 233
2 69
1 246 412 235407
1 141 504 200530
1 192 983 144164
1 8 224 233171
2 816
1 468 482 107925
2 58
2 38
1 772 899 75323
2 45
1 156 574 613
2 18
1 986 991 216720
1 464 580 232026
1 692 949 86733
2 88
2 34
2 12
2 63
2 598
2 50
1 187 265 229138
2 81
2 738
2 98
1 627 668 117262
1 845 885 192952
2 521
1 912 934 60182
2 40
2 20
1 899 987 45782
1 217 421 81259
1 298 502 105145
2 47
1 354 759 145510
2 19
2 42
1 57 525 215935
1 451 873 177129
2 91
2 43
1 745 859 241149
2 39
1 762 896 52871
1 953 955 131445
2 86
1 150 571 593
1 600 608 177271
1 339 535 232630
1 438 614 164180
1 603 868 218394
2 42
2 23
1 100 655 91543
2 90
2 45
2 784
1 148 974 176203
2 81
2 50
1 333 836 163825
2 32
1 738 951 41758
2 88
1 177 466 232128
2 62
1 438 851 192394
1 439 465 159737
1 820 834 183290
2 28
2 85
1 85 609 86697
1 33 906 49226
1 558 729 172697
1 861 944 219279
2 97
2 16
1 176 347 24530
1 682 717 64834
2 52
2 29
2 6
2 14
2 78
1 338 562 141938
1 780 897 156869
1 120 496 176963
1 559 816 198811
1 346 802 75241
1 207 475 52941
1 9 95 157700
2 1
1 229 611 439
2 948
2 3
1 444 792 201803
1 324 469 41143
2 53
1 797 964 135884
1 625 851 117413
2 67
1 807 990 241360
2 36
1 749 773 149992
1 901 984 167417
2 48
2 92
2 46
1 906 908 160095
1 814 957 65913
1 505 667 43958
1 274 812 509
1 19 988 47
1 324 686 42456
2 76
1 448 622 239424
2 94
2 49
1 398 947 112536
1 826 850 31349
1 979 991 182626
1 308 587 17535
1 154 991 2
2 41
1 90 167 65304
1 874 875 66427
2 35
1 41 578 240307
1 398 421 5307
1 81 645 97488
2 42
2 15
1 273 479 144131
1 486 958 102266
1 724 873 154684
2 10
1 556 814 233875
1 194 330 110228
1 60 740 86907
1 17 869 176116
2 11
2 80
2 50
1 614 933 181219
2 36
1 160 169 7
2 1
1 775 897 189435
1 5 324 231924
1 43 869 167
2 32
2 80
1 29 984 37
1 434 470 194092
1 51 491 4464
2 91
2 67
1 946 960 227292
2 90
2 7
1 367 406 203754
1 71 658 41001
2 99
1 430 692 124386
2 896
1 924 934 125052
2 94
1 891 931 158152
2 7
2 96
2 80
1 401 604 202266
1 428 457 205383
2 80
1 813 968 113235
2 153
2 33
2 37
2 442
1 651 773 245616
1 193 330 107660
1 121 217 27389
2 53
2 22
2 2
2 57
1 947 975 27020
2 32
1 839 888 226794
1 384 561 207491
1 799 914 97813
2 46
2 51
1 377 735 131064
1 169 452 65714
1 809 960 353
1 500 920 107778
1 879 931 221386
2 68
1 27 708 21160
1 23 133 129055
2 150
2 46
2 75
2 40
2 84
1 976 990 106824
1 886 926 48055
1 443 891 125347
1 203 817 10986
2 73
1 873 955 225609
1 743 861 188928
1 733 856 25877
1 281 312 50914
2 5
2 60
2 40
1 579 928 81546
2 62
1 762 836 116660
1 99 633 617
1 646 660 81023
2 85
2 79
2 446
1 16 700 571
2 65
2 24
1 195 594 541
2 73
2 66
1 105 967 17
1 461 586 138923
1 119 571 109503
2 22
2 62
1 477 540 82938
2 84
2 23
1 448 747 234956
2 2
2 66
1 831 859 206269
2 58
2 66
2 49
2 43
1 175 400 71662
1 848 934 242773
2 52
2 69
2 86
2 56
2 25
2 66
1 900 929 97513
2 8
1 602 618 25520
1 930 943 225591
2 92
2 28
2 31
1 304 314 233071
1 913 928 220458
2 66
2 29
2 39
2 100
2 855
1 830 959 222054
2 196
1 447 691 81482
2 33
2 32
2 80
1 608 888 35088
2 32
1 761 835 237115
1 298 966 421
2 60
2 42
1 71 535 225717
2 71
1 478 786 191987
2 30
2 98
2 24
1 670 715 102059
2 49
1 365 751 63361
1 371 689 577
2 55
1 680 869 100306
1 636 869 166896
1 231 243 9450
1 794 889 189374
2 52
1 80 158 134703
2 6
1 861 908 55494
2 12
1 576 787 36745
1 848 960 188469
2 85
2 45
1 279 938 246666
1 299 440 173561
2 34
2 44
1 649 694 59043
1 12 918 107
1 543 934 114766
2 37
2 73
2 51
2 192
2 35
2 23
2 63
1 437 737 839
1 522 778 143865
1 499 621 197537
2 79
2 44
2 64
2 87
2 61
1 705 718 143967
2 56
2 87
2 93
2 5
2 70
1 834 837 239854
2 535
2 87
2 13
2 909
1 754 978 140772
2 57
2 72
2 75
1 858 914 189799
1 477 655 185333
2 68
1 433 696 38597
1 500 652 241028
1 429 583 80393
1 408 957 209252
2 86
2 9
1 356 749 65741
2 59
1 708 848 212791
2 82
2 91
1 114 644 18410
1 778 911 95599
1 414 501 50053
2 40
1 988 991 60288
1 194 418 182224
2 93
1 183 304 183404
2 47
2 24
1 232 400 214935
2 9
1 171 395 65572
2 40
2 44
1 977 978 160970
1 704 804 190700
2 50
1 817 911 238130
2 543
2 88
1 261 367 223799
1 611 832 35706
1 769 800 21478
1 880 949 54538
1 496 825 225858
1 971 975 133904
2 21
1 832 949 192582
1 450 583 119927
1 123 372 228908
1 329 963 12249
1 181 223 133531
2 60
1 62 751 126930
1 387 926 58767
1 888 888 189517
1 463 598 58282
1 653 714 60276
2 21
2 97
2 27
1 34 894 113
2 74
1 224 699 155827
1 715 861 148707
1 738 815 217967
2 36
1 508 801 248544
2 68
2 36
1 267 472 181421
1 630 756 209950
1 250 940 212999
1 793 881 201119
1 476 630 166966
2 961
2 25
2 7
2 4
1 698 837 119858
1 152 231 62695
2 53
1 478 783 39790
1 364 858 79921
2 19
1 706 915 146457
1 557 564 65330
2 74
1 858 882 66370
2 43
1 758 790 199131
2 6
2 57
2 31
2 13
1 840 976 104096
2 234
2 66
1 784 812 214631
2 64
1 269 535 17845
1 936 936 87600
1 696 793 25128
1 288 908 211870
1 104 452 4550
1 680 875 148968
2 84
1 416 710 237330
2 94
1 779 823 242339
1 949 985 161227
1 631 704 246170
2 25
2 75
1 734 794 65114
2 910
1 824 908 929
1 665 953 69345
1 793 885 192130
2 71
2 33
2 63
2 20
1 964 980 145028
2 54
2 14
2 45
2 56
1 266 326 89032
2 26
1 991 992 219581
2 20
1 145 760 234580
2 58
2 54
1 886 925 248871
2 94
2 95
2 88
2 388
2 75
2 85
1 841 952 8247
2 68
2 24
1 351 414 102274
1 850 978 971
1 214 872 37226
2 27
2 75
2 742
1 82 189 201743
1 269 777 269
1 278 311 43373
1 739 776 160798
2 44
2 82
2 3
1 884 969 127127
2 49
2 87
1 100 546 983
1 500 756 184139
2 10
1 701 773 213804
2 50
2 16
1 62 160 213665
1 456 547 91236
1 532 929 100845
2 361
2 53
1 438 633 139163
1 228 244 165994
1 940 964 227667
2 80
2 61
2 49
2 93
1 541 804 50696
2 67
2 72
2 92
1 756 869 137673
1 423 794 126775
1 155 854 246494
2 10
1 664 724 165838
2 51
1 16 92 210157
1 439 491 61223
1 435 747 30488
2 43
1 88 248 187331
2 969
1 918 944 92215
2 16
1 226 522 185205
2 81
2 31
2 540
1 26 76 142096
1 940 949 67732
1 640 696 146009
1 475 599 182531
2 40
2 21
1 277 302 19
2 87
1 737 978 169713
2 57
2 45
2 7
2 83
1 716 923 34671
2 383
2 99
2 72
2 7
1 205 294 29969
2 46
1 605 783 1749
2 52
2 3
2 80
1 782 868 108278
1 773 781 17789
1 125 838 937
1 373 650 3536
1 700 922 21050
2 22
1 191 869 68245
1 272 635 159667
1 125 314 161049
2 81
2 49
1 141 972 155058
1 536 943 201350
1 980 983 169914
1 200 211 2010
2 88
2 58
1 807 878 197700
1 139 753 99579
2 16
2 43
2 85
2 5
1 746 807 97092
1 725 802 14638
2 75
1 649 967 136566
2 64
2 12
1 979 985 7279
2 16
1 464 803 503
1 331 662 599
2 84
2 9
1 258 301 231665
1 102 522 158383
1 93 353 74854
1 570 625 68812
2 92
1 86 835 179
1 583 750 235592
1 745 811 32185
1 169 667 643
2 20
1 886 984 120181
2 30
2 41
2 80
2 44
2 61
2 77
2 714
1 99 913 89802
1 508 610 211204
2 38
2 10
1 854 902 226118
2 52
1 192 528 214784
1 966 990 136512
1 576 780 43381
2 62
1 743 826 144858
2 224
2 62
2 30
2 80
1 140 438 48278
1 143 291 108330
1 206 353 240
1 668 672 59654
1 174 257 181539
2 84
1 903 988 247768
2 5
2 67
1 885 967 227821
2 77
2 85
1 411 705 47696
2 35
2 77
1 356 912 171737
1 212 340 6827
1 456 706 113607
2 8
2 557
2 8
2 60
1 210 580 242323
1 5 772 347
2 60
2 65
2 4
2 3
2 4
2 60
2 81
2 58
1 795 810 74600
1 708 792 39469
2 92
2 13
1 733 978 56554
2 75
2 25
1 329 411 11
1 786 899 164225
1 695 770 98571
2 86
2 59
2 79
2 69
1 585 762 133442
1 428 592 195805
2 931
1 661 950 249468
2 97
1 245 471 47322
1 584 945 78621
2 58
2 44
1 127 738 176497
1 198 349 104997
1 184 873 13578
2 97
2 30
1 466 636 146067
2 40
1 835 841 58379
1 977 978 235002
1 840 982 141676
1 808 888 226706
1 963 966 31896
1 554 852 47259
2 34
2 62
1 352 953 107577
2 44
1 401 442 179916
1 823 938 41650
2 82
2 52
1 500 800 135367
1 565 805 185493
2 1
1 725 872 76866
2 7
2 20
2 410
1 211 243 15739
2 8
1 890 951 100566
1 762 806 243091
2 14
2 30
2 84
2 46
2 18
2 30
2 78
2 53
1 981 988 48514
1 886 938 64048
2 49
2 43
1 585 787 164412
1 2 529 55646
2 18
2 27
1 554 644 3930
2 53
2 802
2 88
2 74
2 137
1 465 632 69031
2 41
2 40
2 54
1 37 290 237120
2 37
1 847 975 183330
1 388 825 19137
2 22
1 990 992 76810
1 188 776 200803
2 61
1 455 946 12072
2 76
1 726 751 96076
2 66
1 951 974 35501
1 791 804 43857
1 476 526 41335
1 474 490 221389
1 580 782 126842
2 12
1 90 619 86580
2 33
1 424 726 213485
2 63
2 37
2 22
1 736 776 184119
2 796
2 4
2 99
1 824 924 109116
1 831 858 157274
2 3
2 82
2 48
1 60 966 73
2 3
1 783 979 133530
1 371 554 215777
2 17
2 641
2 191
1 20 786 26938
2 9
2 76
2 1
2 15
1 136 619 27374
2 5
2 4
1 234 266 66955
2 17
1 929 993 225357
1 975 978 100511
2 66
2 59
2 139
2 6
1 808 882 171289
2 77
2 37
1 882 884 195147
1 637 726 69128
2 90
1 359 758 12777
1 805 839 5465
1 723 819 146833
1 273 446 54800
2 97
2 83
1 212 221 189229
2 52
2 7
1 817 936 61115
1 4 399 2
1 114 544 131941
2 84
1 138 651 233989
1 145 164 13925
2 90
2 86
2 85
1 115 855 75544
1 584 793 132414
1 48 403 223196
1 709 710 241658
2 92
2 89
2 72
2 74
2 1
2 76
1 172 194 247103
2 39
2 963
1 207 246 132439
1 3 871 3332
1 807 896 57349
1 151 319 107629
2 36
2 93
2 28
2 69
2 10
1 157 256 29
1 863 914 127311
2 14
1 84 883 137
2 95
1 306 762 659
2 207
2 36
2 11
1 89 642 12274
2 59
1 601 648 82642
1 783 936 40985
1 134 923 196983
2 21
1 632 692 67035
2 778
1 44 382 240779
1 215 604 701
1 208 864 821
2 16
2 67
2 19
1 357 479 80802
2 18
2 22
2 9
1 211 349 149966
2 30
1 379 443 236933
1 933 935 83589
2 52
2 80
2 8
2 80
2 8
2 75
1 987 993 180856
1 99 733 194703
1 317 733 20129
1 474 991 238867
2 36
1 921 987 180238
1 333 497 235136
2 773
2 80
1 610 618 69514
2 4
1 312 652 709
1 395 665 231169
1 770 859 236013
2 19
1 224 986 40047
1 974 984 244989
1 618 826 77234
1 113 573 29
1 275 487 183444
1 518 558 48940
2 64
1 595 640 187601
2 25
1 210 919 367
1 741 895 62441
2 68
1 190 843 65235
2 41
2 20
1 36 842 773
2 2
2 385
2 65
1 406 620 23579
2 43
2 64
1 130 603 248159
1 786 885 195272
1 82 593 125354
1 180 852 181
2 20
1 936 983 455
2 15
2 59
2 99
2 681
1 296 567 203030
