620
617
650
617
631
639
670
660
660
638
650
682
664
676
610
651
633
617
631
677
662
639
721
635
615
671
663
646
624
638
649
648
658
626
621
632
687
715
631
631
623
677
645
666
683
667
679
636
646
651
605
603
684
686
626
654
634
615
657
605
648
634
627
637
623
673
584
627
602
635
621
611
621
629
661
629
682
623
647
648
636
657
696
632
586
640
672
613
645
619
640
631
639
652
654
686
671
635
624
683
619
650
655
655
636
671
655
647
652
655
667
613
580
675
682
681
625
575
659
627
674
600
639
688
602
626
670
659
615
615
642
637
615
601
674
699
651
618
677
668
627
579
622
652
598
668
644
613
641
592
585
669
665
641
