679
656
656
716
719
655
688
675
663
667
640
620
656
656
663
668
667
671
675
671
752
711
671
611
683
668
655
676
675
692
652
648
684
708
688
663
671
675
680
716
647
639
696
648
648
652
672
648
644
676
624
636
716
655
692
704
719
663
659
656
687
660
695
655
619
692
671
680
663
675
647
692
692
675
680
668
708
683
700
655
664
691
671
667
655
695
680
668
656
659
675
683
687
656
683
683
683
632
679
719
688
659
612
652
703
683
679
708
708
680
664
688
688
656
624
656
647
643
675
636
683
696
715
672
612
659
635
672
675
664
672
680
660
684
636
619
683
631
675
684
672
700
672
687
623
695
651
684
659
