524
543
560
534
527
537
527
534
498
490
522
528
568
492
549
553
525
499
478
550
577
544
551
538
565
542
547
561
545
508
551
499
517
522
542
551
511
523
536
532
565
529
537
492
522
539
555
554
513
526
539
526
508
517
534
524
526
524
561
495
489
530
526
557
541
512
528
518
506
532
527
544
558
557
530
533
549
518
553
534
571
546
520
539
532
522
514
482
549
553
528
537
530
510
508
548
542
527
541
533
504
530
529
540
544
502
562
574
534
528
497
524
515
551
475
558
506
554
554
523
507
546
509
520
531
549
543
525
504
521
491
526
520
538
498
511
551
535
503
525
515
527
560
531
522
543
521
451
505
511
527
542
524
554
550
578
515
518
500
533
561
547
516
530
535
522
549
480
547
550
545
505
489
513
541
535
496
504
504
485
562
559
524
521
530
536
514
505
533
