597
570
620
611
597
539
587
600
581
537
590
539
560
593
589
568
598
551
576
585
566
558
558
584
567
554
613
556
541
617
627
552
576
582
562
552
560
579
550
582
609
614
583
593
586
545
594
586
539
574
582
607
615
600
643
561
593
643
548
609
536
578
578
566
577
563
583
572
574
580
548
577
538
598
644
549
588
556
632
580
575
585
563
620
562
599
542
605
574
584
621
589
547
589
605
567
590
599
577
586
559
585
642
578
563
547
539
572
588
614
608
606
610
542
554
537
601
597
577
594
550
576
593
589
556
520
605
554
596
568
571
588
609
594
542
591
594
560
575
558
581
600
598
602
611
559
559
588
564
575
589
570
537
594
559
597
578
632
575
572
548
596
549
592
557
582
579
583
555
561
556
537
592
