722
732
713
748
735
710
684
720
703
728
809
695
686
667
687
686
751
744
741
754
712
716
699
684
739
724
733
692
691
710
749
741
705
765
712
718
690
740
712
692
673
695
727
665
708
718
771
743
749
720
713
750
700
684
745
722
738
731
708
784
688
719
729
669
689
739
763
729
743
674
661
717
696
694
717
749
739
750
754
666
779
754
722
700
707
708
671
713
728
716
708
762
769
723
701
692
725
721
702
709
716
712
708
774
701
689
702
733
682
720
766
715
721
686
719
728
719
703
701
722
692
684
755
705
683
681
714
718
691
735
733
707
732
714
725
715
720
752
