287
293
290
283
194
291
314
95
295
163
279
300
292
328
303
313
249
302
57
305
24
272
268
178
295
126
231
303
55
298
171
308
245
277
255
294
298
299
262
302
240
218
78
281
292
264
268
285
274
288
278
288
287
281
291
100
275
327
208
291
112
286
210
286
300
277
276
207
307
300
68
305
11
268
295
280
133
212
155
317
284
306
297
189
46
301
252
317
203
270
291
317
259
275
195
274
192
300
289
284
101
280
284
300
292
29
316
269
288
290
301
283
291
266
192
282
221
284
289
275
305
282
280
290
275
87
202
205
178
0
278
303
283
311
267
283
280
282
292
281
98
283
310
316
193
306
196
281
317
286
128
202
306
301
308
283
287
274
279
161
300
12
289
299
117
260
275
247
259
282
247
250
191
286
187
303
285
82
292
11
330
303
134
281
210
46
268
288
299
36
295
262
245
288
287
304
256
55
273
284
300
204
269
111
266
286
276
300
256
292
56
275
294
83
255
296
280
90
303
259
305
288
287
260
215
277
68
319
289
301
287
304
284
78
69
262
255
307
200
275
288
304
145
250
290
285
296
276
264
273
279
274
60
276
192
19
291
285
153
312
273
119
272
303
300
279
308
281
270
83
253
285
342
306
193
269
280
86
262
296
305
115
293
296
249
262
199
282
281
275
63
292
266
139
296
287
198
108
342
208
264
268
294
290
213
323
260
281
311
258
280
290
177
267
282
193
257
292
288
288
250
274
189
299
281
214
297
292
319
286
42
288
310
302
201
285
310
214
294
293
78
287
287
230
323
271
