86
91
95
99
85
56
51
99
86
86
87
57
95
70
89
102
52
48
95
99
49
101
100
4
101
87
85
22
94
73
11
88
89
97
80
78
81
99
80
45
20
81
95
85
84
88
88
78
103
80
95
95
104
96
75
102
88
46
95
79
99
84
85
81
103
92
76
75
90
72
84
96
90
108
82
82
91
85
95
111
81
104
39
101
74
75
64
84
52
96
107
91
97
99
87
79
50
77
52
90
88
87
50
96
85
72
99
48
99
93
91
75
105
89
72
95
99
104
86
99
28
81
92
35
87
83
78
94
95
77
66
79
81
73
76
96
97
96
88
83
98
96
77
82
44
99
4
83
94
48
102
103
79
53
99
95
59
84
0
57
95
89
94
27
45
92
61
88
72
84
102
94
91
81
31
69
78
73
86
80
63
79
91
59
56
76
88
93
96
93
107
66
101
104
96
69
92
96
72
70
89
88
66
88
77
77
30
54
77
91
44
84
73
24
74
96
96
70
95
93
72
85
92
81
92
82
61
96
97
3
81
90
73
84
93
89
90
91
76
75
99
86
55
89
76
80
40
73
66
73
112
91
103
62
93
35
73
57
102
84
82
102
92
85
43
92
91
75
45
24
85
95
46
87
90
83
96
83
88
87
79
106
88
101
79
78
100
90
86
81
86
74
105
101
11
91
86
68
88
79
21
84
85
88
89
93
81
82
11
57
20
70
86
94
58
95
72
97
62
63
57
101
69
70
86
49
34
94
103
82
67
88
72
106
83
88
88
104
87
86
96
100
49
86
98
54
8
80
87
51
96
109
103
90
95
73
88
89
102
44
22
92
83
76
88
74
99
69
80
79
84
87
82
75
81
84
71
88
80
92
113
49
77
87
72
59
100
79
75
85
94
63
96
86
71
81
85
46
84
46
81
73
79
64
91
76
96
84
94
52
85
55
79
26
86
96
88
44
87
92
82
81
41
106
50
73
61
104
96
90
95
96
100
51
86
58
40
84
38
85
89
85
60
102
95
79
82
41
95
90
90
54
91
15
95
76
93
66
102
108
107
88
57
97
87
46
77
64
80
95
11
65
82
96
77
84
96
57
89
100
86
90
84
75
63
87
88
96
93
105
101
100
79
90
96
84
111
80
80
46
96
68
92
34
74
83
81
48
44
104
85
51
96
103
42
72
105
96
105
111
92
64
97
72
91
75
75
12
73
92
43
64
78
104
79
79
75
87
74
100
90
46
54
25
88
86
88
32
91
58
75
90
3
89
87
99
72
59
81
93
70
57
66
91
87
7
87
82
56
88
57
88
62
84
86
91
99
97
101
91
78
102
87
39
51
103
53
105
106
99
85
71
83
86
108
90
78
103
82
82
104
63
73
91
84
106
14
88
20
91
87
58
78
75
54
108
92
88
88
79
102
68
100
79
55
74
102
113
84
94
59
81
63
79
103
102
63
81
79
91
86
78
76
96
89
57
79
92
92
72
28
78
68
89
95
75
84
77
89
94
74
68
88
91
92
95
78
94
51
88
95
77
91
85
53
111
67
93
97
93
107
83
85
111
83
62
37
114
81
75
112
62
11
8
83
91
58
92
76
83
99
51
52
94
91
84
75
88
91
97
82
95
47
96
50
81
86
57
86
108
108
85
100
79
87
50
42
98
85
42
88
82
100
88
93
90
76
103
103
101
103
91
29
95
60
84
98
102
99
103
75
75
56
83
97
83
107
112
102
83
59
84
37
86
54
109
101
100
97
30
80
89
99
79
68
100
91
99
56
37
69
81
18
89
100
102
96
96
88
101
86
45
94
86
85
60
90
87
90
79
73
87
88
92
90
75
37
92
85
100
103
88
47
104
77
83
90
69
97
67
12
96
87
87
82
91
100
108
79
81
83
100
78
90
110
78
92
83
77
76
69
53
84
92
75
82
81
89
11
84
78
79
80
78
86
101
105
93
56
82
91
92
64
11
80
96
74
84
88
85
101
94
81
56
8
84
68
70
88
86
90
96
74
82
99
49
85
96
84
75
82
83
67
104
98
68
78
41
114
70
93
103
69
85
100
88
90
58
66
91
76
67
90
76
100
77
94
102
96
88
96
98
55
49
101
27
81
84
87
51
104
64
93
73
93
31
83
87
55
7
75
78
102
93
69
82
70
91
108
85
19
85
83
55
91
67
99
66
96
73
95
48
96
96
77
96
72
86
80
83
69
93
83
93
81
97
91
30
79
89
98
56
84
79
102
84
80
84
94
79
91
82
82
88
96
86
53
102
92
78
84
75
76
84
46
53
74
88
81
91
117
91
105
82
87
69
94
68
83
87
82
100
103
90
84
91
33
78
103
86
41
75
84
93
55
80
96
87
102
77
112
89
0
66
79
104
76
105
101
63
98
104
107
90
70
84
58
95
57
87
91
80
80
103
107
82
97
88
93
95
86
93
104
87
86
23
83
86
103
95
84
90
110
100
55
92
71
86
27
90
88
81
90
53
96
69
92
