615
588
615
602
601
565
592
578
568
560
551
605
590
599
571
587
592
601
604
573
636
585
614
601
562
661
553
619
590
568
583
606
615
587
599
591
618
604
620
632
576
570
617
581
573
632
596
620
605
575
545
601
555
571
587
603
580
565
582
620
590
627
632
581
631
601
605
551
597
583
615
606
582
627
636
571
547
586
623
554
600
610
640
584
598
533
582
585
584
582
602
607
579
601
586
592
561
580
565
602
605
595
603
600
583
598
549
612
593
584
612
584
581
590
596
653
590
604
595
571
609
589
633
638
612
568
630
611
587
611
586
648
587
596
584
578
607
576
543
596
587
608
609
587
620
592
631
594
602
604
632
608
595
613
623
582
622
596
600
619
614
573
578
636
570
589
