85 5408 4856
52 43 38 21 33 28 24 46 4 66 14 51 63 24 69 35 50 9 63 58 43 69 1 28 59 56 50 63 12 23 41 6 19 9 41 45 14 52 6 7 1 24 30 9 33 54 71 38 55 28 61 10 21 13 22 56 29 24 19 27 9 3 25 54 45 50 9 42 13 5 32 37 56 51 24 3 12 37 68 29 69 40 53 50 69
486593 41 10
175445 13 5
1271250 9 35
7064 1 2
1568660 15 65
122457 9 3
1207279 26 21
382736 31 9
108145 13 3
88929 3 29
6916149 49 39
7111 2 4
64161 3 20
407936 6 15
769291 29 12
2975813 12 53
133931 4 10
21950 1 8
250433 3 34
626695 61 10
343974 31 4
97798 9 3
1333274 7 44
2061614 53 9
62652 12 2
1906980 25 31
1195181 36 8
22699 2 3
3108190 20 56
1360964 33 9
5413 1 3
577797 16 10
2851 1 1
157414 21 3
85937 19 17
54851 1 19
10737 2 7
33845 2 4
497141 21 22
1302278 19 19
232858 23 20
773372 25 10
35199 2 33
110481 20 5
21407 2 4
4948230 31 60
189526 5 11
294158 21 4
511053 5 27
35733 3 38
1207363 9 35
665 1 1
3441438 30 30
118633 35 10
3738536 22 39
106891 13 5
86429 2 15
1219225 30 18
298255 11 20
486457 28 21
147279 5 40
72999 2 14
119272 2 13
209318 3 19
19743 1 8
7460 6 5
2314 4 1
78635 6 4
499729 4 29
259389 8 18
199236 5 25
78634 2 17
33926 5 2
658655 62 4
1961 1 3
96493 2 20
31109 4 11
1157500 10 27
113974 11 8
55167 9 5
155110 3 18
364178 4 34
1624236 27 21
25896 4 6
81711 13 2
797972 18 13
22821 3 13
134937 12 19
2568515 45 13
77440 26 1
1047435 8 42
566930 10 12
169208 3 18
32792 27 1
10300 1 10
488273 8 50
240748 2 48
50790 11 6
74914 3 49
1552698 7 60
374015 23 12
2246748 8 61
25292 11 2
3058857 48 21
3429860 45 25
8307 1 22
342769 8 12
1020123 26 17
43650 10 3
113234 5 6
1165746 13 32
22174 6 1
771825 13 14
770880 12 26
118589 1 38
29706 2 25
2036480 65 8
2619 3 1
11489 10 1
70230 57 2
1565387 13 37
1242789 50 10
6128123 26 54
663722 9 19
8070414 62 47
9430 1 2
1276645 14 21
1480638 31 15
244350 7 8
17055 2 25
50972 2 13
3546647 12 71
91251 1 37
225890 21 9
51633 4 15
66874 1 14
200642 16 5
68776 2 13
202839 4 17
70688 3 7
1269805 19 17
2702075 13 59
21822 2 6
50185 1 12
615262 5 31
72444 8 3
151796 4 8
69578 17 2
41812 1 11
3660697 48 28
2449241 33 20
11960 7 1
200344 2 40
36068 3 7
52726 1 31
28538 1 10
44688 1 29
107281 25 1
46320 3 6
42614 1 15
1820236 34 18
778267 15 11
258604 4 37
5043276 35 35
18263 7 1
62066 1 22
23657 5 15
52042 14 2
2232383 22 24
460859 7 31
903566 27 13
29164 1 12
548092 12 16
58364 5 3
2422939 20 31
2165356 7 65
57810 7 25
529435 14 45
7471162 40 55
163905 7 15
1629646 20 19
91709 1 37
106059 9 13
123064 2 26
2425 1 3
164995 22 6
1163580 27 29
171694 13 4
1643259 26 14
30797 5 3
176659 3 24
1844755 12 48
326665 8 14
23395 1 6
74156 2 11
81357 2 24
68171 2 12
22831 2 13
324656 4 22
157462 7 7
530274 6 19
17019 2 7
1237889 15 17
45953 7 15
328447 16 7
2992652 32 23
1030901 22 17
398270 7 55
86551 7 5
36103 1 12
2408872 34 30
355864 10 10
46914 1 49
514329 17 12
171451 1 44
3046133 38 33
1397378 19 33
1355675 26 11
274208 28 4
3656 2 1
767711 29 6
8413 2 1
997307 22 10
202043 9 8
50351 8 7
119668 1 41
2084541 27 30
543292 3 39
1973 2 3
771138 8 23
41374 1 15
402405 8 19
61969 9 6
96915 9 30
108963 6 18
16121 1 6
30086 3 19
632447 3 70
48388 2 5
47646 14 1
149471 2 19
20382 29 2
241296 22 22
163183 9 6
28226 3 2
3842159 32 44
1911762 16 41
242099 2 49
126666 9 13
50062 1 18
95239 3 8
3893926 17 54
64785 1 35
70376 4 11
226941 22 8
771332 52 7
242514 6 31
147810 2 18
121218 6 41
592303 8 23
200624 28 13
8902 14 1
61983 5 3
1224867 33 17
3749 1 2
223515 3 42
2558263 27 23
2231 8 1
360569 2 64
3218 1 4
26654 1 7
1104 1 1
214179 6 18
106906 3 32
629047 7 31
109549 3 12
19690 4 2
270274 5 16
324272 32 3
10114 1 3
241687 7 15
9124 1 6
45285 1 10
32403 1 9
34873 2 5
227584 6 11
59363 1 23
263970 3 30
20208 3 2
108041 8 19
56664 4 12
1299640 13 28
150799 14 3
7767 4 2
7411423 58 38
101046 2 22
327123 2 61
158101 6 10
189208 19 31
145699 2 18
112649 5 9
26996 1 8
387414 42 7
1917319 19 25
12853 2 24
240294 5 11
20214 2 3
81755 17 1
7900785 41 40
205969 2 32
1626120 9 54
2823 1 3
5904 13 1
9773 3 8
177444 3 21
126937 4 18
191743 4 11
143128 20 10
18336 1 7
88290 10 3
120865 19 6
793326 64 3
8468 1 3
1511620 15 36
42186 14 5
42467 1 13
2939 6 1
12784 1 5
42429 7 10
364617 11 19
4597 1 1
28380 19 1
602642 9 21
9622 1 17
2879229 48 17
123351 2 14
322622 23 5
2407976 30 59
767175 33 41
91185 6 6
1138825 34 50
826344 6 49
5939459 36 54
41908 3 4
415590 6 17
366958 4 40
2669 1 2
96433 7 7
1054907 34 7
16517 1 5
168875 37 16
50932 2 36
46650 2 10
504188 3 42
85914 8 7
548389 7 32
478 1 1
64848 1 24
811946 13 37
287312 12 20
3584830 41 19
1425966 44 9
2897 2 4
1155549 17 18
1371889 17 23
1437400 21 16
151085 1 47
77639 5 17
28227 21 1
1210080 20 13
309054 8 16
325661 8 11
37126 1 8
366237 30 16
192138 12 12
2638328 21 35
169961 4 12
80175 10 2
349090 2 46
143565 7 10
423049 25 4
597446 8 33
449364 2 51
171467 49 1
390232 35 4
7916 1 17
642072 3 60
8060 2 5
203900 2 51
1330123 14 23
15520 4 4
22137 1 7
61402 10 2
42691 14 1
1033859 25 36
9596 1 4
460184 2 61
18540 1 5
3232039 30 32
1389178 6 53
1058 1 1
92089 17 16
60075 1 20
144650 1 32
500494 11 25
10888 4 7
803100 32 17
601510 13 18
103608 1 34
231891 13 21
244770 4 14
16595 1 28
23046 1 17
8399 2 2
110318 1 36
275812 27 3
91502 5 9
334314 32 38
79193 10 3
5783 17 1
38921 1 16
16143 1 5
12164 5 1
1984071 28 21
817788 9 34
79437 1 23
4406 1 4
3486798 12 66
595996 13 22
145649 11 7
22365 1 33
1780724 17 33
1311023 32 12
276324 3 28
400201 5 48
73919 1 22
177042 22 3
29885 1 31
1222567 4 66
148949 1 37
772579 41 5
102397 8 4
5677 1 4
1514021 10 39
71305 1 23
47989 1 16
740498 8 26
1351582 40 15
2037522 27 47
186800 2 28
149207 9 5
500831 12 10
235715 2 29
125660 1 48
20453 1 26
36289 13 1
107156 2 19
91807 23 1
1060361 43 8
771979 18 33
84005 2 29
1991 4 2
85601 1 21
100177 2 17
5301 2 1
12448 1 20
280794 8 10
3477267 26 42
191914 2 55
1569575 49 13
4486 4 3
103413 5 13
47049 5 2
9491 1 3
124613 26 1
461312 17 6
330163 4 40
28109 4 2
166255 1 45
132804 4 32
267534 57 1
95865 3 45
11076 1 4
20138 1 5
100105 6 20
52956 1 30
440265 28 6
8313 1 3
350 1 1
89697 12 13
76604 15 3
578385 5 28
326109 14 5
1100250 16 15
162822 37 1
8405 6 3
417590 2 62
186399 1 60
13711 1 4
163568 13 5
140879 11 4
33977 11 9
2381804 12 52
112858 1 41
133144 4 9
1240066 10 34
115463 4 15
978799 22 13
43364 1 13
43067 1 11
6824 2 7
1352520 28 15
32072 1 11
309428 4 25
13875 1 4
455309 3 39
30476 11 1
140017 3 26
33514 7 19
457475 10 22
45145 3 11
496392 6 24
102357 2 11
39401 15 4
2120119 17 31
29866 2 6
8786059 66 53
229670 12 12
582722 6 38
419636 22 5
13348 5 10
404615 6 21
661866 35 13
225960 1 51
64250 11 2
429950 5 35
2970696 33 24
12703 12 3
150450 1 37
1379359 15 49
121592 1 33
242348 3 21
233226 2 38
30296 16 1
185816 2 34
98463 11 2
8419 10 2
86065 1 36
108067 3 13
1139112 12 28
8835 1 2
254889 9 13
44361 2 32
340817 12 11
413608 4 29
104068 1 29
2904625 21 43
54939 6 3
522076 4 27
303168 13 17
62846 15 6
18804 2 2
43249 1 10
560458 5 27
667862 3 51
49545 9 8
94187 5 4
936443 11 44
409364 11 27
489298 5 38
370655 63 21
173910 16 4
88156 3 9
6721 1 2
78559 5 12
7764 2 10
361154 12 13
120320 8 11
3092021 66 12
54316 18 1
16951 14 2
1534610 31 14
135318 26 5
1306406 55 6
343094 2 64
864377 7 31
54690 3 4
37271 4 3
644880 5 38
68574 7 9
353005 14 20
183872 2 20
603811 9 15
12836 1 5
384950 8 12
131893 14 3
8995 1 3
21421 1 39
225370 12 5
340884 5 27
91454 3 40
30429 3 14
225728 3 18
1186390 29 15
19057 1 6
5257 2 1
108479 6 5
16163 2 3
59199 5 8
33607 19 1
11986 2 12
31888 3 9
72572 13 2
428878 3 46
18327 1 6
142370 44 1
71821 1 22
2091808 17 31
5937275 35 38
1121400 9 27
756414 6 40
552672 5 32
65451 5 4
261858 3 29
399665 18 14
15214 1 4
12422 5 1
2361584 14 39
1341579 15 34
44951 1 17
183299 9 7
215751 3 29
180048 4 26
403292 29 4
999188 11 22
248200 11 7
51048 1 12
3396236 11 67
61415 20 2
1991240 7 59
16271 3 3
665319 5 48
1027444 20 16
284371 13 13
4382 2 3
2103237 67 8
22329 1 6
169328 4 10
47223 3 10
935020 19 27
58589 6 3
81290 9 5
34321 5 3
3542 1 5
4704053 23 64
2107255 39 16
27439 3 3
295238 8 8
2659927 41 28
32383 5 2
430141 5 23
71840 7 3
46789 4 12
22939 7 1
196123 5 15
35088 3 12
1227485 14 26
204276 8 8
144208 6 36
1522 2 1
9809 6 2
1194055 13 21
77483 15 16
287308 9 7
3043168 38 26
42592 18 8
403220 13 15
63396 3 5
4640186 72 20
2455496 30 32
21193 1 5
20246 2 6
2870 1 1
298821 32 10
418943 9 18
3343 1 5
41349 5 13
2088517 10 56
1960677 39 11
167759 59 1
113260 17 2
40788 2 21
45470 1 37
2909882 19 32
27822 2 23
119491 1 25
310908 12 8
146656 41 2
87534 3 10
100090 2 13
2094666 24 21
309807 15 9
8185 2 9
431655 22 12
3199876 54 20
39606 13 1
3045743 63 24
314066 27 3
134644 1 47
367000 7 17
25554 1 8
475755 3 51
931676 6 57
19363 2 5
80373 6 23
60595 15 1
1828909 20 20
51214 25 3
4129241 42 29
46394 1 16
301249 6 13
117731 33 9
112754 19 22
682817 31 5
46462 15 1
89743 10 2
262086 11 8
41443 2 8
58148 9 8
71018 2 8
243531 1 53
56241 5 6
24319 5 2
1451075 14 42
48765 11 4
2082758 11 42
191235 5 12
1427324 8 38
932740 25 8
402640 7 37
551028 42 10
640806 12 32
132270 16 17
259032 6 10
411766 9 14
797803 5 33
41482 1 15
53558 2 6
87148 4 5
661246 9 28
1942694 20 28
94316 5 7
8801 1 2
4645 1 1
557918 6 33
83575 8 10
93011 2 16
1796634 14 32
1269573 21 40
568186 34 50
19442 2 3
538991 5 44
6116 2 5
373685 11 48
640712 11 22
12318 1 10
7203 1 9
1133765 8 35
282726 8 38
54276 2 10
140606 9 5
1812990 25 26
3265213 40 17
329622 4 20
13341 1 5
358671 2 41
1924469 8 62
19536 8 1
49445 3 6
1700292 21 36
1452766 7 55
3553828 45 31
983891 23 9
10403 1 8
7983 1 2
238859 3 19
585116 9 20
183927 6 29
15979 6 2
128920 2 21
17082 1 22
148225 14 23
375493 16 8
131021 1 44
8350 7 1
54756 4 3
1228287 27 13
8306 2 2
10640 6 6
131551 7 7
32059 1 9
37325 7 20
394721 5 44
493746 7 29
57861 3 5
21930 2 20
207629 7 8
40313 10 2
154689 11 9
65818 1 18
25655 7 2
54149 1 13
119206 1 28
760252 7 34
2895843 16 50
1914148 41 13
131075 11 31
711879 12 23
392085 16 22
451528 5 25
86928 22 1
396344 14 13
73316 28 7
3207710 25 30
119305 1 52
71341 34 5
54397 5 3
386632 24 4
85396 3 9
10854 3 1
574197 6 20
66921 5 19
594023 10 22
75175 1 16
271845 1 60
52376 11 12
110150 42 5
1242817 22 12
301951 10 9
82222 1 20
65212 21 1
1811094 19 31
553139 5 44
514241 16 10
354368 25 49
116203 2 33
175640 1 38
590078 4 37
3009008 22 31
130324 2 21
357216 22 5
4534524 33 29
2151 1 3
1412567 50 8
126253 5 9
1913991 13 46
363298 3 32
570 1 2
111177 11 9
189955 1 46
577239 10 34
22667 1 24
9119 1 4
8138 1 21
43234 6 3
318110 4 29
496907 27 4
2071982 41 19
254933 7 13
10635 5 1
2380997 29 22
76984 1 19
2484788 16 49
49602 2 9
480140 6 27
81963 10 2
45244 1 12
1046985 17 15
54722 2 18
39744 6 9
48770 9 4
115244 13 35
1100108 38 8
20657 11 4
225996 2 37
481512 3 45
113722 10 24
50270 1 18
3922844 33 29
697940 5 46
342440 3 32
1201689 78 6
115603 1 49
10033 2 2
428400 15 8
150249 4 25
47262 4 4
88058 14 2
3308 3 1
330418 3 50
1132078 14 23
1142742 5 59
7823263 49 46
1682336 11 53
79958 3 10
19684 5 2
3695123 17 50
693403 4 39
938266 14 23
170765 2 23
2651 4 1
364320 11 9
32698 13 6
1067733 30 23
886704 31 8
321354 7 12
48069 4 3
1883093 15 26
35771 1 16
460692 3 40
4116 7 1
200124 7 15
3353547 14 50
2030818 11 45
31331 9 1
46449 11 8
1942338 8 66
13925 7 7
553632 8 25
4535238 46 23
2477119 23 29
10765631 59 46
483502 34 3
161173 10 5
32733 2 38
14932 10 3
14767 2 2
60078 5 7
5552503 39 47
68358 3 6
3544876 36 23
32817 1 19
3456135 32 24
324339 9 31
873855 27 20
690941 5 35
447485 16 9
855740 14 13
144918 4 67
3092749 32 38
782025 23 35
723363 10 18
316668 3 37
851232 6 32
115488 12 8
344725 14 6
103042 5 5
294648 3 38
110550 1 40
1188278 25 24
3281 8 1
71509 1 23
17238 1 9
1156704 18 16
733736 7 24
7522 3 4
22995 1 6
36249 1 17
23841 27 1
44685 1 18
961860 4 60
44141 1 13
501549 10 27
176192 29 2
440243 13 10
73364 1 22
89066 18 11
1599738 9 54
1291598 42 20
32160 2 30
30182 11 3
122718 14 2
38324 1 8
59613 1 25
438202 8 13
23431 7 2
564586 30 5
156741 1 41
207380 2 38
906572 4 57
978809 47 11
693161 6 24
2091729 19 36
23517 4 3
186216 36 3
50653 1 15
40805 2 14
119149 2 32
73134 11 2
406880 20 6
198173 4 19
20848 2 4
183458 9 7
25769 5 2
3060157 66 10
1112343 14 26
140676 13 8
31424 1 21
2261499 16 31
673740 3 54
310351 4 43
422331 13 9
2366156 32 26
76453 5 7
22703 6 13
341368 12 9
168328 1 53
165273 3 21
69776 1 20
315643 6 33
27119 5 7
23255 2 15
19112 15 1
12396 10 1
1510452 41 13
11451 3 6
22261 2 4
49277 3 18
7561 1 2
18296 2 2
3075200 34 21
56193 8 4
4304275 23 55
46623 1 26
61391 9 11
118085 9 3
80150 2 33
3118315 13 67
551926 36 8
8178 1 3
21325 1 8
1165714 15 20
1190858 11 25
320510 6 15
65484 1 15
1446369 16 30
74472 1 37
585003 10 21
217374 5 47
1678610 23 58
24836 3 9
277156 7 9
234054 5 11
48730 8 5
451573 31 5
48803 3 5
45981 1 12
1799 1 1
125937 3 15
27201 5 2
1393815 61 6
217315 5 13
1546145 19 39
691248 4 57
413955 38 6
362453 3 45
110309 9 5
7439 8 1
368052 4 38
101231 15 2
180845 25 2
454683 11 33
413205 13 10
234902 7 36
31839 2 7
2776 2 1
334186 23 28
54769 1 20
75573 3 10
515677 2 57
7215 1 2
872017 8 23
720360 43 55
46399 14 12
78290 6 12
252857 24 6
47854 3 4
2069977 39 19
70019 5 5
95086 8 24
797185 26 7
19172 5 1
197216 3 17
7172 4 1
2131661 13 63
1345972 47 9
82317 4 8
1737874 23 24
285640 8 9
2613804 46 20
619897 25 7
5363584 29 63
9442 4 1
148133 30 10
6716 2 1
89638 8 28
238319 19 4
5467 2 1
209366 9 6
69979 4 48
9080 1 3
365111 2 43
123351 11 4
100983 3 8
109109 4 8
3147696 29 27
1347510 59 8
190678 7 8
38514 1 42
111813 14 2
57147 11 2
335295 2 60
52166 1 18
105113 6 7
6567 1 2
445960 10 48
24166 2 8
308031 46 2
224615 8 9
368233 2 56
125260 15 2
716354 22 16
141214 4 10
2654943 28 23
528557 4 49
189751 23 4
38131 5 3
197597 9 47
10696 3 1
34444 4 3
72079 6 6
4984 1 12
2991626 15 52
14308 4 1
4525 6 3
18221 1 7
769265 5 54
25105 1 6
36969 15 1
32258 1 11
424202 5 20
3893 1 2
2758069 46 17
303649 2 59
69481 1 37
164989 6 10
637872 24 29
989853 6 36
500835 3 50
189825 15 3
255817 9 10
492979 10 23
48223 4 5
1753990 32 19
987321 45 12
34329 5 13
160410 17 3
427060 3 32
811251 10 22
12968 1 13
253590 8 12
19291 6 2
273379 8 10
75246 2 8
33776 1 36
279988 5 14
209332 5 13
1342963 13 38
954940 8 34
391006 35 5
671377 21 9
538519 13 31
19763 12 3
448355 10 27
24080 17 2
346080 37 15
91298 17 2
51792 26 3
9930 5 6
185123 2 39
1750 3 2
4539 1 10
1219684 15 53
3205358 51 17
950517 13 23
5013054 41 36
722360 9 25
8649 1 28
288261 3 38
17183 9 1
1417673 13 31
437207 24 7
585157 9 20
10687 3 6
104609 15 9
19844 2 8
551483 5 41
48556 10 1
71936 2 42
318005 4 17
446850 20 8
476705 7 37
846540 5 58
533271 4 29
15270 15 1
24581 4 4
669894 3 50
542416 3 61
708405 5 36
1190859 52 5
280692 10 7
94029 1 21
916018 8 24
34028 1 17
3687 1 2
275250 1 57
861928 9 23
33431 10 8
1695 5 1
1673127 21 22
159086 8 6
21448 1 14
19345 3 5
12857 1 8
399420 12 13
904513 16 18
1960122 21 33
46102 33 2
2427948 33 44
368596 4 40
209485 3 26
79544 21 1
738910 28 10
1727978 11 54
94569 15 5
152509 6 7
174832 25 2
24495 10 1
399980 19 15
119907 13 35
364466 8 15
227427 5 24
200657 14 23
173769 2 27
47218 1 17
598279 7 34
39156 2 28
8846 4 3
13628 1 5
133649 7 15
328019 2 42
13311 17 1
91296 1 23
1198598 12 29
278337 4 15
349646 4 27
127052 1 40
722966 12 21
27607 1 8
510476 16 9
109135 1 27
51300 13 1
250829 6 14
1610664 35 16
862235 16 17
368601 4 33
39872 1 13
4994 1 4
29003 2 18
23539 9 3
58204 12 1
75965 23 4
263547 4 19
164300 6 46
27602 1 10
14540 2 2
1809 1 2
518670 4 31
746500 7 49
109933 4 10
99920 9 6
1431305 19 18
65758 4 5
935727 23 10
74918 3 12
22015 6 15
1282940 42 9
151453 8 5
1550380 43 10
112050 3 15
252734 3 22
78519 10 15
1948 1 5
160957 5 20
71541 2 8
23572 5 11
252762 9 8
74547 2 22
95940 6 14
821035 28 11
223387 23 3
16275 8 4
93596 21 1
327198 23 5
74389 1 32
11999 1 17
60673 20 3
2693495 38 21
24100 1 20
36438 4 14
122165 5 7
158569 12 34
121249 9 9
1229688 6 45
28388 5 11
497349 35 5
92649 2 14
1017537 14 17
284903 25 18
578459 4 39
237222 2 31
210520 17 44
112263 4 13
703226 9 29
163014 17 3
38244 1 30
287103 2 44
229740 9 28
11092 1 4
83669 1 32
520886 19 23
1160376 11 39
244246 52 13
85644 5 7
16742 2 2
1085712 6 51
1234409 24 20
363417 26 3
67395 3 6
247364 10 7
98580 4 13
74784 9 10
4868836 55 29
838713 11 25
103412 17 25
294634 10 22
1114762 33 45
34012 6 10
102947 4 25
1459503 31 10
59485 7 2
64396 1 30
8740 2 2
192928 5 18
128969 5 6
125410 4 15
209626 1 58
49852 15 3
29666 1 10
195758 22 16
17959 3 4
33818 1 54
47988 14 1
32995 26 3
1581495 12 53
1359919 12 43
24299 20 1
502743 23 6
690804 31 9
394546 37 3
1021767 19 13
99605 10 3
113981 3 13
160770 41 8
372694 23 13
88656 4 7
279369 16 42
4907 6 2
48458 5 3
5028 2 1
2295773 46 13
257675 29 3
68982 2 8
698 1 1
683817 21 8
2669553 15 37
8181 5 1
319387 32 3
46884 11 2
71869 1 23
41835 1 21
1025557 21 11
36175 8 2
32168 1 16
278506 11 8
194815 2 21
135025 6 7
205721 53 1
1999394 38 26
137813 2 22
15394 6 8
1391388 20 25
17509 1 8
176169 6 10
4596021 42 23
35966 2 6
1424831 16 46
29111 3 6
751982 9 21
3956215 21 40
231620 5 11
16091 1 4
9821 1 11
16044084 79 44
3535532 51 15
86855 5 7
126948 3 44
622443 13 40
247795 19 3
13276 1 16
55118 5 20
201436 30 2
46144 7 21
434507 16 6
127438 2 20
1357581 24 16
72787 1 42
307721 12 14
302579 15 7
77894 19 5
962487 13 17
241548 17 22
440808 35 3
461407 38 9
196573 2 32
138035 2 26
28432 9 1
205036 9 9
756218 4 40
505159 10 13
1757919 20 33
105431 3 10
1361382 13 34
12302 3 1
25064 1 6
320650 9 21
109301 6 24
308839 3 25
327469 8 14
133902 1 38
472268 6 20
49591 5 3
282640 13 7
79646 39 5
45208 2 14
39004 3 26
317187 16 7
946776 7 48
21007 10 6
629774 18 9
51750 5 3
298800 6 16
31212 2 6
2555 1 3
1211066 9 38
352150 3 32
49215 1 24
14348 9 3
1423024 11 27
240993 8 24
22633 11 8
93660 8 4
3285172 25 43
172364 5 36
128318 3 15
32942 24 4
1267936 12 38
41467 4 3
1357988 16 31
95108 1 39
108821 12 9
681956 4 57
33705 1 7
98264 13 15
131404 8 4
230137 17 4
628096 17 15
415882 7 47
383305 2 60
31783 9 2
10297 3 8
5673 1 2
67150 3 13
136578 2 54
37231 4 4
48704 3 35
830717 23 22
172905 7 9
467636 44 29
46313 6 14
3995 1 6
530482 9 16
387635 8 14
19041 1 17
9087 1 2
29062 1 34
10734 1 4
115881 5 19
9243 1 3
147394 1 50
31584 2 15
114088 18 25
21914 1 10
1089536 51 6
2738994 20 31
34565 1 11
44873 2 30
84199 1 35
120230 6 8
284971 17 8
2292902 39 22
493828 4 33
518394 5 25
97117 28 4
432849 12 44
27689 1 22
78760 7 3
575954 15 8
1595228 16 25
689980 11 19
592295 5 29
29201 3 22
104244 2 30
3851 1 1
372122 4 28
94717 2 17
4733 1 1
282486 2 57
132825 11 11
30579 8 1
548564 25 16
565350 3 59
162272 7 27
980549 17 22
73836 3 27
471204 14 9
149865 4 17
327807 3 43
283817 6 32
146434 3 18
58015 2 11
3447125 62 15
256284 5 42
221785 13 6
125006 1 28
29514 1 26
79571 1 32
42428 1 12
1384453 9 36
1446817 13 37
44570 2 9
10318 1 3
1241643 8 39
373766 35 14
1069910 24 21
8782 25 1
422940 10 9
96820 2 14
43135 18 1
161790 16 26
92133 2 13
7922 8 1
143231 2 18
123473 20 2
53011 48 2
2249986 41 16
205585 7 7
202860 9 13
447224 2 50
56802 22 1
606893 17 8
13995 2 4
2914 2 3
4829 1 2
102078 2 12
58194 5 4
498362 38 4
233163 6 10
524658 6 35
25520 1 7
182664 3 41
82908 9 3
82399 23 4
111026 4 27
53510 1 13
196591 12 6
386295 6 71
334934 9 36
452677 4 44
697 1 2
111466 30 1
2515 1 1
67071 3 7
156467 8 52
349039 12 11
107446 2 14
1894534 16 32
455282 5 28
426413 2 61
16805 2 26
94821 1 20
53055 12 1
391042 18 9
57911 7 2
1122336 19 40
48095 2 12
649762 10 23
954247 48 24
54162 11 4
1292489 13 29
656237 15 17
86311 3 7
108258 4 27
1232604 28 14
19913 2 3
1915583 20 21
1262754 42 12
56627 6 3
73990 2 9
808004 10 47
33268 3 8
497790 3 53
140313 4 33
23776 9 5
169798 7 5
27501 1 7
80508 23 1
1795285 28 21
1331638 10 36
4213 1 11
271577 20 5
16850 11 5
585578 10 18
1106396 5 65
25492 7 1
301260 23 9
767732 23 8
4281154 30 35
9267851 69 31
1758890 16 26
15562 4 1
1788 1 7
254806 3 24
1633266 7 63
506383 12 13
427115 17 7
44999 1 11
29460 1 12
373520 8 33
54773 6 2
65680 1 16
76955 20 2
164360 1 54
169955 4 9
31951 1 12
46780 1 31
13274 5 1
27632 2 3
221277 3 55
470949 3 54
1162067 22 18
8052 3 1
616154 27 11
12586 1 5
721988 13 17
292455 1 63
119105 3 15
181217 2 19
106219 16 2
732471 8 22
2061952 26 20
27101 4 7
142191 3 17
27405 2 3
3782948 32 26
171513 7 9
1127118 5 59
839472 14 40
886767 28 28
13606 5 4
943566 5 48
53270 7 3
41937 12 3
24887 8 3
11311 4 1
164766 1 58
839512 13 24
429178 31 4
162749 3 24
1436863 44 18
2133150 26 34
187087 9 6
388028 22 39
1509056 27 19
119488 7 7
191277 10 5
2619994 38 18
51951 2 19
63465 2 61
15222 15 3
100510 19 9
57869 3 16
146415 7 7
3076438 43 23
201887 39 17
1816 1 3
58095 12 1
16240 1 6
113422 5 14
286988 16 33
5258656 47 31
202103 13 4
226492 5 17
27528 3 2
5391625 41 37
253901 5 51
896208 10 26
82828 25 3
76163 6 23
105545 14 4
195284 2 43
48872 1 13
666868 48 4
66324 2 12
112213 41 1
486576 4 59
69613 39 2
65454 3 6
341522 15 6
169429 1 58
688012 8 34
546240 24 21
50909 5 36
59771 4 36
174021 19 5
836626 5 37
3062083 22 44
149388 9 4
250547 5 28
8388 1 3
15331 2 2
1012594 20 18
64586 2 13
13793 1 3
130940 15 3
19671 22 1
323280 49 4
126752 3 13
136499 4 48
36472 2 6
7657 1 13
1552549 26 30
240577 5 20
104517 9 37
669528 13 36
1563775 19 21
189607 3 15
835057 45 6
129554 3 9
192286 3 17
147289 18 5
74607 11 2
150108 13 9
184005 12 5
391966 13 8
1428233 11 36
436395 7 21
390170 25 19
25102 10 1
26457 1 6
348117 15 13
815994 12 30
732815 9 25
75732 5 12
397199 11 9
121231 1 56
976178 9 33
185044 2 37
78116 1 50
240825 25 2
488820 2 66
44164 7 9
19636 3 6
9962836 39 65
297810 15 47
862601 28 32
41758 3 4
457926 46 4
359164 25 4
18693 4 5
38244 2 7
2918085 34 27
319485 33 8
564200 9 18
781362 21 12
249168 24 3
1424 4 1
37820 2 7
57472 6 3
34758 24 1
28992 1 8
976357 14 26
91060 1 36
51035 5 10
96175 5 9
28164 1 11
138576 43 4
58733 11 2
74942 15 2
7592 1 2
38751 4 23
1893897 38 20
477469 7 34
826800 9 19
42854 5 2
2955199 61 11
185986 5 13
90891 2 10
46691 24 8
1087943 11 38
982491 36 11
162908 2 20
48446 11 12
11532 2 9
213705 2 34
56420 2 21
1965577 48 10
158771 1 47
14488 4 2
1218250 12 36
63838 7 17
424634 12 14
44978 1 16
221708 3 21
855324 12 21
57666 4 3
9653 1 6
283961 11 10
140979 4 15
122658 13 3
2968 1 1
201527 15 26
205252 35 2
428448 6 23
3349 1 1
191479 22 2
149979 22 8
307288 17 4
16296 11 5
1094233 44 10
54917 5 3
81546 2 9
295269 3 24
467290 26 6
168107 11 26
3954924 49 28
37474 1 23
608218 25 9
26732 2 4
22102 1 9
546717 3 42
770613 19 21
346553 11 10
337169 10 22
69677 1 22
75445 2 9
86996 12 7
2776200 50 15
211776 5 16
594450 6 28
3413 1 6
34829 2 40
17258 7 1
90992 12 19
10807 1 15
229219 5 16
89013 1 29
272622 52 10
475426 5 20
2442767 16 44
968040 23 14
31793 1 10
32558 4 4
22827 1 6
274004 4 16
973804 41 8
15375 2 3
1951311 35 17
1441449 25 13
104581 40 1
194847 11 8
542805 22 27
227612 13 7
1901401 33 21
144130 2 22
138480 3 53
267389 2 34
1410950 13 28
53711 5 20
1019872 6 49
135378 8 5
126775 3 13
1018246 8 50
36249 10 4
54304 3 4
703582 7 31
5281 2 2
194064 59 6
226345 5 12
312699 38 9
3253330 31 35
90101 2 26
69858 10 13
185616 4 38
244728 14 6
266670 5 11
621188 9 28
99283 4 7
34387 5 3
265528 39 4
59073 2 11
40886 6 7
25409 10 1
181931 10 6
121317 3 11
665260 3 63
5201 1 6
228961 11 27
23896 1 8
126016 2 14
619849 6 26
1035465 13 17
561881 7 17
215726 7 9
11262 3 6
321981 24 12
26345 1 9
359643 46 2
4949084 77 20
3851 4 2
313284 4 21
105857 10 22
14442 2 18
3368602 16 48
1656419 11 32
1253653 25 21
183077 22 12
2535845 21 58
10899 11 1
208736 4 32
87039 3 8
3000960 55 22
270426 3 36
220361 4 21
50942 3 8
271642 12 9
134775 3 10
86986 2 24
1086742 29 16
449621 18 26
4977 1 8
671646 15 15
249120 4 13
59386 1 19
54781 1 15
5569 1 2
53205 3 4
1482096 19 21
561112 36 5
359176 8 10
77715 3 42
10702 1 3
40895 1 9
52430 10 4
502862 15 10
1318397 13 36
317394 6 21
33947 1 20
344873 18 4
23227 6 3
851172 12 21
2512 1 2
422587 12 10
258729 12 6
165998 16 6
196194 14 5
88707 6 18
33752 3 7
38835 3 3
104058 2 16
723979 7 33
5156144 65 38
12210 3 1
847646 9 28
32080 1 13
72265 6 5
43766 1 14
876607 18 60
11746 2 8
2446915 30 22
71639 33 5
114435 3 9
33929 2 7
990503 19 15
1296412 21 45
135574 10 11
308656 16 4
10190557 59 54
781851 52 39
910526 11 50
417551 5 26
206915 17 3
3981319 25 41
42859 25 6
7514762 34 46
64673 8 2
5505 1 2
1246161 6 60
36056 5 11
990475 23 13
145643 4 8
71303 1 16
36230 1 50
185972 4 13
22172 1 25
31647 1 47
236307 12 7
3005979 17 43
864699 7 39
107871 7 6
1966725 25 20
69156 4 11
306620 42 21
10060101 57 51
38573 4 16
236720 19 3
3655584 58 22
174580 4 61
199127 3 18
218183 6 18
51425 8 2
481845 4 26
19601 1 23
29125 4 10
3712755 20 57
6235 2 1
46363 13 1
352238 17 6
62468 2 11
10599 4 4
96890 1 30
172640 1 53
379173 30 6
416366 48 3
1318055 9 56
53366 2 12
20174 5 16
3254 1 1
97196 3 8
390695 19 6
43414 5 14
533280 7 19
3957934 36 25
241556 39 15
109112 1 40
1663693 10 54
133053 8 26
129324 5 21
250283 12 6
155618 2 19
12921 10 2
413775 6 38
363793 19 6
1378766 23 39
855766 22 10
2818700 43 27
14983 10 1
9697 3 12
728910 8 22
7614 2 1
49900 5 9
837747 9 45
71275 1 19
69789 4 6
196579 1 52
3262624 70 15
186357 3 47
121969 2 22
35831 27 1
687897 8 21
628445 8 17
158110 16 3
3103773 25 35
307157 4 46
250190 2 33
1071497 14 22
120239 5 14
74838 1 26
997514 6 39
506512 8 25
78646 2 15
55209 3 21
81490 5 5
27146 2 7
53495 1 17
165901 1 55
275353 12 17
37240 2 6
1082605 12 32
10911833 53 51
25878 3 25
588840 15 10
505091 28 7
171532 18 2
216820 14 6
236352 8 12
1475241 31 19
58278 4 6
1349 1 3
844279 9 31
735602 4 40
521248 16 22
4761 1 1
4660946 25 49
244076 6 17
90009 5 6
1023696 19 56
1421720 27 11
77043 1 42
267797 5 28
46655 4 28
229474 17 5
323598 4 17
116983 4 9
829204 60 6
159532 3 11
93482 2 12
282367 7 9
283832 6 12
28786 2 19
628801 6 37
1668646 10 38
6207 3 2
3902 1 7
6775033 60 31
1095595 40 17
1716071 30 20
15879 1 12
5142182 38 33
1581392 24 24
1343566 29 16
3464588 24 50
9271 3 1
3003 1 6
30824 1 26
73635 39 1
94895 6 4
106376 3 13
11534 4 1
10055 1 4
187550 1 40
384371 2 56
1180693 24 13
294266 5 16
2672929 39 22
728945 32 5
26635 1 26
190017 12 10
100539 6 5
2379561 22 50
88649 1 23
51752 1 16
1663389 43 10
4762090 51 30
1111199 25 17
17132 2 3
852794 52 5
51293 1 18
12885448 73 43
12241 4 1
66614 7 2
1558 1 1
6823582 51 43
121522 10 7
1461079 8 42
7115353 37 45
299660 5 39
1176545 11 28
125239 15 4
48223 6 5
1315092 21 40
528063 7 24
2740249 34 23
39671 5 10
2204112 13 44
294066 12 7
115929 10 21
28199 7 3
357144 3 45
1488883 12 38
77613 1 44
13828 3 1
1060220 11 22
1211758 17 23
150680 1 41
57793 1 18
64239 2 10
1188354 12 54
236452 7 11
25005 2 29
27686 4 2
10800 1 9
53759 3 31
195015 7 7
27453 3 3
215809 6 14
47815 2 51
23614 3 4
86444 7 5
225681 5 23
45174 1 16
1501839 8 43
35803 1 33
3168382 27 27
52270 1 13
464980 12 19
51431 5 13
1254238 14 34
2738338 20 45
46781 1 10
40684 1 13
25897 1 20
303739 34 2
105665 1 39
8017 3 1
268104 2 32
219472 9 8
282318 10 11
203495 2 23
10133 2 8
23228 7 1
770893 10 40
1149135 29 9
203267 2 23
137954 42 1
12828 1 11
3090 6 1
71723 11 7
102452 6 19
2596315 30 28
23723 3 5
99894 2 13
369873 31 21
82177 8 9
928660 13 28
488683 47 4
533250 9 45
253425 3 31
399315 8 15
252519 5 46
20099 9 1
776767 3 56
138738 7 22
363933 3 33
27605 7 3
102247 1 23
89872 25 3
2079 2 4
96848 5 32
144340 15 6
2438719 41 24
576651 52 3
39760 1 11
396254 10 13
832933 19 34
78485 6 3
354 1 1
46607 1 25
55814 12 1
36424 2 36
2004151 12 50
12328 3 1
101850 32 13
208318 5 17
10922 3 2
5205 1 8
109019 3 8
60541 5 3
20721 3 2
214766 12 6
4107924 23 50
81101 43 4
331232 15 5
71358 1 18
112888 1 26
38143 2 4
147627 28 20
12636 2 3
1293 1 5
277745 6 18
91045 4 24
230315 6 13
38829 4 7
75375 1 18
4694376 43 43
35725 1 13
229644 8 8
1066165 24 16
13606 1 4
30239 6 2
706436 37 7
7915 4 1
1029570 19 24
152241 30 2
187119 24 18
5107 1 14
279452 1 61
12372 1 3
2312556 33 58
22693 9 1
123385 4 9
1618811 10 37
109615 1 37
77460 1 16
19692 2 25
24303 1 57
234550 4 19
111619 2 40
162148 16 5
627000 10 19
50029 28 6
44275 1 16
91476 2 15
16377 2 6
20394 5 12
50419 1 14
2345 2 1
36060 19 4
39002 11 12
1408164 16 36
37391 1 26
484204 15 7
686462 3 65
534583 5 32
162445 12 4
530968 11 18
1347380 37 25
23334 6 4
32302 48 1
25272 2 4
218903 8 6
266427 6 17
118873 2 27
867483 7 37
4440 4 1
290450 37 7
164666 7 8
123916 5 35
743 3 1
350410 5 50
18090 1 49
2354 2 3
188236 3 13
81564 6 3
73360 1 31
456725 4 29
35489 33 3
102075 3 11
244331 11 5
14164 2 2
766053 52 13
92378 2 12
154293 2 31
36368 6 19
3368129 48 27
381506 6 21
29768 1 22
55926 1 35
30936 1 8
771867 13 21
60323 1 18
166311 6 7
2655646 20 32
35257 2 7
218126 8 19
64499 6 6
2190091 16 41
78935 4 7
526070 10 13
499266 12 10
1602339 14 34
2173 4 2
404007 7 16
590889 10 13
80923 8 3
992653 13 26
10913 1 4
562991 24 5
614093 5 46
594204 12 30
409017 12 11
3212 2 2
14998 1 15
27792 2 4
20576 2 7
657433 4 54
6316 1 3
3729 5 2
80980 3 11
13083 2 25
821033 9 21
286760 3 23
730821 10 16
46036 4 18
793044 6 39
2558765 45 16
944289 32 10
4114334 31 41
20159 1 23
2958 2 3
350624 5 15
37550 1 8
7506740 36 46
14053 1 36
14138 4 1
13318 4 12
317247 3 60
514676 5 37
3757867 63 22
90830 8 4
342516 13 23
61226 3 19
54063 7 6
48818 1 15
159931 2 29
51882 3 31
41457 8 3
879467 10 22
950179 39 9
78331 21 7
1569652 22 35
75183 9 5
952724 41 8
674740 8 22
1500 1 1
25722 4 2
8796986 40 50
205203 5 16
921935 5 42
1968426 16 33
486633 19 9
359450 3 31
453162 9 46
26051 1 8
46746 3 39
24126 10 2
6043179 31 43
6174 12 1
76224 26 1
101535 2 12
7403653 34 47
168202 6 13
919673 20 15
51845 2 16
202815 9 6
619130 16 15
5975 9 1
1852336 29 14
48796 1 43
3707489 28 40
10509 23 1
251297 4 13
35222 1 31
1418212 14 26
1980331 12 44
4938578 34 51
24830 1 11
13032 3 1
1086218 15 21
222402 22 16
99185 3 20
6488 2 13
165265 1 39
18439 1 4
14673 1 24
86689 2 10
144878 3 11
1827109 14 36
4043 2 3
409545 5 23
83593 4 7
704301 5 56
59996 9 2
1064978 60 6
50029 1 16
814282 18 15
235971 20 12
351061 2 50
4891 5 1
2779913 50 15
419096 30 3
416271 7 18
71769 1 17
93389 2 17
144171 9 5
102275 8 3
25835 2 3
232186 2 25
410458 11 8
81143 1 21
3150053 18 58
999560 15 35
1353735 9 45
409199 7 24
10921 1 26
515494 4 41
141755 8 5
3547 1 3
297121 16 42
70377 23 3
542345 18 9
1101982 10 31
36682 1 14
245387 31 2
49012 2 10
62015 1 18
169989 9 6
937909 14 26
1265712 8 51
84911 16 12
133234 12 3
83795 8 9
7397 15 1
15805 3 7
12890 1 22
435538 8 21
110369 1 34
291055 3 22
164707 18 27
45645 7 21
92894 1 36
24874 2 23
5013815 53 22
13297 1 17
40049 7 2
3970869 16 52
722756 12 13
666445 20 9
33967 13 4
272979 10 21
143825 5 14
49766 1 17
39303 2 6
341663 8 16
299227 9 8
3162 1 1
130290 3 10
731721 9 29
23673 2 7
215113 11 28
3115 1 1
23036 2 5
808082 23 48
19633 3 12
31197 1 7
189094 19 4
456999 14 36
119345 4 7
156484 5 14
84361 3 14
226294 21 18
881939 8 32
161030 7 8
1311913 20 17
358674 48 2
165140 6 17
84510 2 46
26940 2 13
1513726 13 28
803996 5 39
80380 32 1
88187 33 4
3217617 25 28
87525 1 36
195691 3 19
2672 4 2
295487 7 24
765891 4 61
96959 12 3
653 1 2
325849 36 3
74865 17 4
105054 3 9
207078 4 15
7023 2 1
410092 17 9
240907 4 48
306542 5 18
235963 15 10
120872 12 6
103121 7 4
11232 3 1
12666 5 4
20854 3 18
310098 35 17
181382 2 33
308388 14 18
1875200 34 17
2559313 37 21
118878 2 15
418177 3 44
1776787 17 42
295769 3 25
296775 3 22
98355 14 2
1393349 17 42
18875 10 1
713222 24 14
5124 2 7
111514 12 3
328600 17 41
78313 4 48
124408 2 26
95159 8 39
2974 1 10
1413847 14 25
3475259 50 20
3218086 32 23
578924 4 36
123298 1 29
119727 18 19
868593 10 30
614773 26 8
418737 2 55
6467 3 8
932264 23 10
1901153 19 27
827336 16 16
280641 7 13
21548 2 4
350889 18 23
509253 6 28
58544 6 33
201632 2 34
1327707 20 34
625781 13 11
4686887 29 57
6433 1 2
2430526 58 10
176178 6 10
2661 1 1
165537 6 41
61151 4 4
72002 4 4
1210662 21 48
535827 6 31
592278 11 18
2522533 32 32
39691 2 6
114611 2 23
1827927 23 21
21277 3 20
13933 3 1
260185 5 16
2431202 11 49
866305 21 12
951225 7 44
39909 3 13
25195 11 2
192170 13 5
39406 2 6
10739 14 1
367862 5 29
1121315 14 19
344383 13 8
1184666 19 19
69460 12 10
7968 1 2
154869 6 18
613075 9 16
58503 3 5
81501 3 21
11111 2 2
142605 5 6
61468 26 9
169810 5 8
52670 12 1
901597 35 47
42424 12 1
94027 13 2
374463 14 9
359212 22 6
79713 2 16
148484 18 11
966535 16 19
143359 2 36
348098 24 4
11065 2 12
2573939 28 31
49053 1 11
88183 3 8
14778 1 5
62889 6 18
44085 4 6
11961 3 9
4347 1 1
18440 13 1
32287 3 3
2402968 29 24
78213 1 30
1172247 13 41
71932 18 1
169478 1 48
366886 7 15
1085379 33 31
180311 10 28
624470 17 14
2276969 26 23
202227 20 15
391390 22 13
101259 9 3
1105599 10 30
417566 13 7
34055 13 7
47254 10 2
277085 5 17
21187 13 2
220264 1 62
954255 47 8
819036 8 63
617887 9 23
14349 2 2
1826808 20 20
796565 21 48
799059 31 8
59075 2 33
79217 15 2
48408 6 19
233980 3 29
1157131 6 49
23758 7 1
131713 5 7
171033 2 30
475910 26 7
478827 31 23
18515 3 2
2757044 34 18
5381628 25 46
24488 1 39
1102213 76 4
173305 4 9
27454 15 6
14800 2 11
319063 24 18
52653 15 1
6262 2 6
3227301 20 38
35134 2 18
27887 7 3
166561 21 4
144065 18 3
23329 2 6
696650 12 17
158217 28 2
3737018 32 45
1411917 10 37
179581 2 29
547821 40 4
1626315 20 24
193768 7 11
224459 11 45
116317 9 3
45112 18 1
442253 18 6
171415 3 16
738887 9 17
256870 4 14
2000842 16 31
501002 12 51
100970 8 8
1203619 13 41
291599 4 21
618447 7 24
183223 2 27
104763 2 20
193827 4 11
33523 6 3
682704 9 18
940064 12 26
384960 11 12
710068 8 27
750568 6 29
20168 4 8
468479 23 6
1562348 64 9
152511 13 28
1583703 10 41
54871 14 8
226506 18 4
39958 2 5
1048236 21 11
24665 6 1
68650 3 26
2194403 25 28
95428 3 7
55546 2 10
3079368 23 62
3073 1 8
535307 21 14
422026 19 8
71419 1 22
358287 17 37
645930 18 12
216325 24 3
37608 15 2
649377 21 19
72406 2 9
597717 10 16
2372132 15 63
72214 1 24
206373 6 10
107333 1 33
1131859 11 61
85110 11 3
40436 2 16
1151127 18 32
61906 15 1
30026 7 1
1190042 25 10
63927 16 5
85979 2 17
200860 10 7
821709 5 64
2499082 29 20
571542 7 18
1025537 12 35
151687 1 39
22734 5 9
192376 4 15
1904543 14 64
33970 1 8
5802 2 1
1294307 27 28
374251 2 61
294562 16 5
52923 7 3
79144 18 15
239562 10 8
114323 15 2
700086 13 18
94228 18 6
73900 6 6
82093 4 22
18408 3 2
816320 9 31
2531908 16 42
29957 7 13
1196774 11 24
2486016 41 13
198709 18 7
162481 2 18
328585 7 15
105435 12 2
1043742 14 36
7331 7 1
504723 11 19
1093766 12 34
454778 5 33
8958 1 14
1300110 9 49
104993 8 53
1374319 46 9
347070 6 15
70105 10 2
91597 4 7
50788 5 11
762972 9 19
23417 2 44
97268 4 6
83898 7 22
176053 4 11
8530791 34 59
814168 8 40
114532 1 35
1753892 32 12
281009 4 24
959379 18 32
1284248 28 14
2415 2 2
78034 1 25
696338 33 6
145857 4 9
527475 8 27
2229177 17 41
877605 26 14
258955 4 21
3423 1 2
229266 13 4
872079 12 26
87105 21 12
420858 36 4
1164086 14 19
190988 20 3
317401 26 7
490928 21 28
6288 1 2
30241 2 5
160616 10 23
362862 3 30
186091 1 51
40099 1 16
93230 2 18
1394029 49 8
6522 1 10
102253 2 19
40300 2 7
1616420 42 66
2096 8 1
284832 1 64
2181 1 1
24876 9 1
12821 2 26
55874 1 48
13636 6 6
16043 1 51
1381895 11 26
1144827 13 29
3518 1 1
19798 1 9
2346 4 2
874096 19 14
14437 1 4
2793 1 7
25498 4 2
361718 5 30
2326185 21 43
6305 4 5
817365 8 28
16891 2 2
210606 6 14
62870 2 11
373398 23 6
46538 2 18
501479 45 3
20438 1 5
104347 2 18
7052 2 1
1365092 12 31
960585 12 24
22178 4 10
73708 5 5
1904140 61 9
31154 5 2
22087 1 5
617511 12 14
2900 1 2
86153 1 28
173108 3 12
88066 1 24
96292 1 25
26086 16 6
287311 14 6
4318 2 1
1347861 17 17
356343 6 20
24358 4 4
33169 1 22
970431 14 18
28228 1 8
2749 1 1
354289 46 13
411135 17 12
294439 9 53
39382 10 3
73461 2 56
41165 1 12
3980 1 1
25741 4 10
135655 17 3
496309 3 64
8807 2 4
90322 1 22
5024 2 5
431871 23 7
477791 3 38
13215 5 1
249042 39 4
25407 8 6
173703 6 16
271192 4 21
1726851 13 36
1622057 54 7
1861581 33 16
5135 8 2
5280 16 1
32632 4 3
1269959 7 41
8775 1 4
261353 4 14
984414 9 39
153891 1 53
35362 2 5
18455 1 12
176924 18 19
2922175 56 17
837014 13 15
86331 1 25
80322 2 12
75881 2 18
222307 3 21
3291912 23 53
112954 5 8
684805 12 20
9800 1 6
175626 7 24
7892 9 2
70901 16 1
355832 7 27
78225 1 26
331804 61 2
28637 2 3
30608 10 1
6877 2 1
159493 5 10
44479 1 10
80326 9 2
84321 7 4
617334 10 54
2320767 15 58
252589 4 16
44331 5 26
57378 4 10
859794 8 33
820807 49 6
728067 19 15
33593 2 8
464621 17 17
494348 3 51
621294 4 41
387803 7 16
6835 1 4
27759 1 6
452801 4 27
144777 6 5
236370 6 45
51405 5 3
2235371 24 37
201396 5 16
428679 6 30
20843 3 2
69819 16 1
95412 11 8
383265 6 27
19474 3 8
34457 1 14
74230 2 10
212468 4 46
630 2 1
4984 1 17
12156 3 1
420866 4 28
48802 6 3
1973968 22 21
9066960 36 54
238196 5 11
37209 4 3
10132 3 5
310436 2 34
214369 1 50
87280 11 3
1602622 30 20
50541 5 3
428110 63 2
1628982 13 31
1232523 16 19
29518 11 5
2127756 24 25
1271484 6 52
191268 1 60
44969 3 14
95058 9 3
3217641 35 26
90379 1 29
9854 1 7
47403 4 4
141785 5 9
586219 33 4
11923 4 1
62087 15 11
2911789 31 36
105020 2 15
92040 3 8
375741 3 28
296765 7 22
85075 17 16
690290 19 8
139400 4 11
138582 1 32
443455 46 3
6743187 26 64
1303632 6 46
194715 8 6
770139 20 15
2257260 62 14
8236 1 4
21129 7 9
80340 22 1
12681 4 2
21881 2 3
56678 10 2
1965855 21 24
135793 34 4
76350 2 12
155754 1 34
72263 5 50
76089 1 16
154624 16 3
677038 15 13
1113566 13 29
15876 1 8
2591868 13 65
10435079 63 49
1114294 16 21
74496 16 3
1531992 68 28
853973 6 47
159156 10 6
1001683 68 7
663636 9 28
17116 5 1
180204 1 43
3234402 28 34
101589 7 7
77428 4 4
1757650 26 24
184434 8 17
33961 35 3
46089 1 34
784534 20 9
190980 5 8
7261 1 7
18609 1 28
465877 22 23
1297806 10 45
438259 15 32
194359 7 7
5384 5 1
76118 1 51
23860 1 7
328554 16 6
341217 33 7
156177 21 6
181376 13 3
492214 7 25
9794 2 2
647933 7 35
24895 2 4
342001 3 35
741207 13 24
11034 1 4
129761 29 1
122709 4 44
17428 1 7
15933 1 14
163787 11 5
1078565 23 31
153703 12 5
19372 4 1
320625 6 21
318152 22 3
35769 3 11
397568 20 47
79461 28 1
89369 15 15
2031743 11 49
7928608 32 55
77193 10 4
74314 39 1
12334 4 1
238695 1 53
608965 9 25
201241 27 5
28528 1 26
1107672 13 33
679405 4 55
17552 4 4
242991 27 2
381032 3 32
295287 7 11
233646 13 7
27621 4 3
21129 11 2
99752 2 32
221942 15 5
212062 4 13
3002205 16 66
436884 10 32
3558030 45 42
1098986 14 57
20633 1 8
17214 2 20
3812967 12 66
3698932 21 53
12050311 70 45
269052 7 34
305465 25 4
1288542 21 19
77071 1 21
1016358 11 23
93010 11 2
56507 17 1
1158552 12 34
60270 3 5
55989 16 2
312219 32 16
202869 2 56
19166 8 1
444018 9 22
75071 2 12
28735 15 2
694 1 1
470830 2 54
4473 6 3
709995 40 6
257605 7 13
94117 9 6
1307 2 1
726256 12 16
12781 2 9
1256247 9 39
6450 1 2
1524397 32 16
15092 3 9
5262 2 6
517871 31 4
4165 4 3
1262582 9 32
34801 2 7
92432 7 27
504167 37 17
2327042 31 29
451792 3 34
68258 1 17
19769 3 7
225486 6 15
22105 2 34
50917 6 3
78002 1 21
196278 17 12
775307 9 33
4289624 25 38
283481 3 27
161842 17 4
1185926 10 29
358672 2 58
17046 3 16
84790 7 10
3564870 35 22
19172 1 27
496302 4 38
88963 22 15
162204 2 27
28335 2 3
2041216 55 17
809408 15 25
59301 10 2
87380 3 19
563726 32 4
113415 2 14
36632 8 7
339077 20 47
173749 3 56
2601834 17 38
322822 44 2
4304 2 1
147562 2 34
420938 7 18
449781 30 4
8354 2 6
36739 1 10
391060 6 28
9497 9 2
2460 5 1
1011342 19 18
27591 8 1
134351 6 5
2079093 46 32
4172 8 1
81040 8 20
245033 5 20
80762 8 4
689417 29 6
53520 1 18
2056564 51 32
11738 10 1
186839 14 16
11608 1 15
3656 2 6
55479 10 6
12230 1 24
111104 10 37
761290 10 19
7767 1 4
3025603 12 54
1032519 7 34
1262758 15 46
58736 1 17
193150 21 2
887087 19 15
3626 1 1
76485 8 10
841295 9 29
25720 2 5
173803 1 42
242451 4 19
234251 6 19
280003 25 4
86063 5 13
532374 15 25
4862868 25 63
108271 1 31
101287 1 36
122634 1 29
4570750 33 55
47848 1 18
204245 1 46
11754 3 2
124684 2 15
2173695 13 55
162734 1 36
389456 27 4
177216 1 45
19514 5 2
212924 2 23
223796 3 16
562664 4 31
90366 9 31
1812570 9 42
402452 4 22
962757 20 17
1519896 15 23
601231 4 53
27313 20 3
48317 7 4
2925 1 2
24110 1 6
33529 1 12
648869 9 32
525832 9 13
627753 7 20
50510 16 1
190605 3 15
151929 1 48
3302 2 1
582960 6 24
221323 46 5
7503551 46 41
29291 10 5
173568 7 9
88091 15 2
239739 2 44
634036 40 6
148844 12 5
200851 2 56
481855 8 18
647890 26 19
162186 1 56
274989 9 11
3505929 23 36
99228 3 9
374245 3 39
12962 2 21
1242693 16 24
230306 3 39
441644 6 17
32972 1 42
1016 1 3
406599 11 21
13453 4 3
171140 5 35
103763 1 51
48888 37 2
40334 2 18
168230 5 8
80075 4 21
113015 35 1
440279 4 26
13355 2 2
507648 10 18
843874 21 52
1149150 15 18
722122 26 27
1540429 18 22
63632 2 10
3144937 28 27
267783 5 33
10830 1 11
256921 18 13
58758 2 8
141729 3 15
68549 23 4
747 1 2
139745 11 19
872877 10 31
27985 2 13
147668 2 48
9311 1 2
2733778 18 51
369105 26 22
95220 2 17
100476 1 37
158928 1 60
1554 1 1
1909888 15 41
14459 5 1
1575 1 2
64474 20 4
29276 2 24
1199594 21 15
1179874 18 28
480194 16 12
161765 7 5
32156 1 8
143383 5 8
470040 12 13
622489 18 8
16870 1 29
1043368 24 9
313890 11 11
139518 1 45
195971 24 8
22007 19 1
378013 8 11
712728 10 21
497203 11 15
538532 3 45
65568 6 4
124628 13 2
250410 2 42
186090 2 35
2970305 18 37
10274 2 2
259004 13 6
5203838 36 49
59420 1 48
91934 10 4
124275 1 33
93257 1 24
1003382 57 21
695775 24 10
3537185 23 43
115270 4 12
144440 1 44
18860 2 16
9393 1 7
16585 10 1
2260060 40 16
17553 1 27
467148 6 18
10952 1 3
1936660 26 24
140916 12 7
43146 9 1
7350 1 17
12122 2 3
520390 11 10
27707 1 18
92037 2 13
845855 8 23
268276 6 15
426940 32 4
1610482 37 15
219467 9 26
61852 6 4
13290 7 1
247129 24 5
386730 11 13
143532 4 33
708596 47 19
83072 6 4
228882 4 20
95184 19 6
66218 41 4
1175090 18 24
190549 7 6
22826 1 9
519773 35 35
18125 18 1
147633 3 11
1404910 20 31
107932 7 5
3544340 20 41
107125 2 39
177884 10 6
536066 37 4
186835 11 8
16478 4 1
145975 5 20
829084 9 21
1466799 12 42
278876 7 12
273871 8 9
29081 3 2
813113 7 32
2277442 36 58
534610 16 9
9787986 52 60
537653 11 36
44632 3 10
4441049 67 47
2768430 21 37
63554 2 12
752026 12 13
254221 15 5
531881 21 10
93550 1 31
203757 3 23
45270 5 3
267121 20 5
1507540 45 15
258960 13 38
696140 4 46
265685 7 9
291631 30 12
17955 2 3
258902 4 29
104041 22 1
91877 3 11
798 1 3
600817 11 15
12457 7 2
271861 2 54
394800 35 12
121074 3 32
1748163 61 10
78209 4 5
3018235 50 27
42544 10 10
74952 4 8
8776 1 8
38785 1 17
2585094 32 18
112610 12 34
147263 2 28
766989 8 21
16492 16 2
191101 10 27
99534 3 7
30562 3 13
53314 4 5
1601403 9 59
497995 35 5
7687268 64 38
1524894 27 18
403837 2 62
36902 1 15
1604549 7 54
653494 28 9
1361019 9 53
256630 9 15
1332065 13 29
423594 4 23
2446490 52 18
69454 2 44
42753 1 12
115461 7 29
175905 10 18
54798 3 22
152622 12 3
57291 1 20
43053 2 39
76786 15 2
119211 15 5
1192906 10 38
268742 14 7
1074621 5 58
1053 1 1
128202 2 23
467900 3 35
555841 8 19
247787 11 37
1688 1 6
134019 1 42
220246 4 18
1241733 19 14
260988 9 42
921582 8 30
75722 4 7
109380 3 15
13167 7 3
1161892 13 31
92386 4 9
492466 4 27
138831 2 21
78741 10 2
16942 13 4
312855 15 11
61175 1 20
734296 24 20
106218 5 6
1381265 17 17
83906 7 3
3365041 47 15
88130 3 16
261665 2 48
269677 4 17
391139 4 23
46826 1 15
46212 3 38
22746 5 1
28107 3 3
27979 8 1
429471 5 32
149635 17 22
2756453 34 27
756873 12 43
669587 12 17
649567 13 14
30729 2 4
229945 17 5
765373 15 12
22896 1 9
53452 8 4
756167 14 18
699439 38 4
89118 6 16
241544 6 13
82273 30 1
318078 7 39
638491 16 29
201452 7 22
143529 1 33
589895 7 31
42318 3 33
487565 11 15
1649246 8 62
19324 1 15
1132011 11 41
913474 29 11
2748430 17 43
19129 18 1
146910 2 37
467806 5 24
526438 10 13
411780 7 53
1114224 40 6
252883 28 17
14415 4 2
22924 2 21
165074 14 43
977405 14 61
20332 1 22
176340 3 17
195253 12 4
2315802 15 38
4783634 32 55
80697 6 9
376380 36 3
331932 28 9
422531 6 23
201704 5 13
190586 23 3
1134261 19 19
2189 3 2
295592 21 3
320860 26 9
486248 12 11
1948 3 1
38689 1 12
680334 8 21
66190 4 11
671128 8 21
31848 6 3
13418 1 7
22227 1 8
5222 5 1
489281 34 3
1252058 21 15
7259819 56 48
69159 3 7
242350 6 24
1868833 26 30
643678 8 24
13845 3 9
52452 1 14
153047 5 7
190601 3 18
94769 2 14
426669 2 50
307171 4 24
50572 2 15
65846 1 15
25184 2 4
109400 17 5
47407 4 21
702111 13 20
830718 14 22
213459 5 14
118383 8 5
754315 34 8
49403 1 16
303452 5 22
138176 22 19
37109 1 32
54488 8 4
1044112 19 13
220767 9 28
491509 6 29
1075422 8 44
266644 6 14
217735 5 16
274538 2 29
234381 26 19
307301 6 12
449893 6 57
424936 24 6
125014 10 3
19883 1 7
65184 1 21
166071 3 20
379684 17 12
56003 1 48
14276 5 1
48304 19 1
70810 2 9
1906 2 1
643407 18 14
60004 52 3
2906 1 7
983601 17 17
23493 1 21
255580 8 10
1057263 27 10
346725 8 27
235700 12 7
54248 19 1
35731 4 9
1409270 23 58
329236 10 9
725969 7 32
2466870 33 20
581203 30 29
1268529 34 9
4361 1 1
66937 11 12
1919446 39 11
40754 3 4
212420 21 4
149068 1 45
115063 3 31
245688 31 14
2270083 16 41
12119 1 4
1525491 29 13
50666 1 19
1365168 16 34
2943 1 6
1724804 23 18
1400137 15 25
660677 43 8
21135 13 4
256914 10 32
101768 9 12
120096 4 12
2734099 20 31
277846 4 18
41104 2 22
1499328 17 38
55289 1 16
485530 25 5
53756 22 1
587592 42 4
757326 15 18
958612 27 14
104037 5 5
10834 1 9
996682 18 18
390258 3 44
58958 3 6
384052 5 22
838029 24 22
687843 20 24
685371 20 9
38440 1 16
114627 1 31
600221 35 6
123747 1 29
1848716 35 23
5058 4 1
28625 1 9
218798 20 3
117215 37 1
296149 34 3
61143 18 3
4025 2 1
5668 1 11
5984906 39 36
38102 18 2
243977 10 25
484346 3 35
600639 18 24
4278 1 16
157549 5 13
229831 3 19
53730 3 19
559557 16 11
363163 14 6
644986 6 23
1276027 24 12
187512 2 20
224223 8 40
2153774 10 56
8966 11 3
2274486 14 54
21725 4 2
136659 7 11
46662 3 26
231742 16 29
165324 7 25
921864 24 10
198557 18 4
3003993 35 31
1212959 35 58
34276 24 3
171359 15 6
46515 4 4
10737 1 6
34185 2 4
76041 4 5
104774 3 12
5247 2 2
3457 2 2
49392 18 1
39437 1 14
3161634 23 37
883810 7 46
1766949 9 44
1787416 19 37
207543 4 11
560209 8 22
6868 1 2
17094 2 12
133875 13 30
1478711 6 59
8119 1 3
564348 19 8
146571 28 7
35482 3 3
71021 5 9
407213 5 22
89798 1 20
82788 5 22
2089309 11 42
769813 8 21
29883 1 17
52278 15 1
436461 9 21
109448 4 35
110516 1 32
32103 8 1
323205 2 36
330617 20 5
61446 1 24
29795 1 12
112308 6 19
52759 4 14
2837 3 1
564064 13 10
129878 2 26
26353 3 20
139439 2 24
162381 2 25
345758 10 8
12006 3 7
272675 6 10
285129 4 28
113093 1 25
375114 27 5
21136 7 4
11413 3 1
358130 9 11
706631 5 36
24129 7 1
1303764 40 10
2751079 41 26
7140 2 1
194340 3 15
104247 8 4
113006 1 27
97953 2 24
530655 26 10
2721964 33 33
890054 54 5
252710 27 3
74923 32 5
573725 10 17
359415 6 15
24924 2 12
1313850 7 46
109060 3 39
322552 24 5
50782 1 52
1213588 22 25
188071 2 52
3568262 62 45
2894 2 1
120114 1 31
3119 2 2
3782 3 1
43322 9 6
28717 1 29
43743 26 1
17433 2 2
623368 5 47
3332 1 4
2892831 14 43
178970 7 39
77537 3 24
119094 27 1
423548 16 19
384744 13 34
507856 10 11
649322 4 35
71065 1 41
57738 3 7
678298 9 17
808657 12 15
1017653 12 70
23034 1 23
67905 10 3
691780 7 34
184621 5 28
84722 1 32
43475 5 2
328850 3 24
13964 2 26
262619 5 16
27468 2 24
28121 1 7
2641968 23 27
493777 7 20
31574 5 2
3978094 25 57
31313 27 1
918107 19 22
655941 8 32
115941 5 13
67632 6 9
95426 5 20
3755 1 3
254734 11 11
116616 3 13
3119 1 3
461530 27 5
31251 5 8
78782 1 32
61224 8 5
452585 5 30
3799 9 1
752608 37 10
1364527 21 58
211768 30 2
12686 3 2
65685 13 2
438017 12 15
356078 2 49
40176 1 35
250740 4 26
616978 40 6
1997838 10 50
2480129 18 37
503545 15 40
80165 24 9
441624 17 31
248883 5 17
113946 5 14
25355 3 17
1346449 42 13
427167 7 19
1343345 9 37
350475 27 12
2218826 29 22
7616 1 3
755923 9 23
55533 5 15
424865 34 3
3387721 14 52
79916 2 10
23519 3 2
210226 22 19
1485806 17 25
641784 12 12
8111 1 22
591849 16 19
354226 6 14
1514486 57 15
81594 17 1
2221 1 1
186323 1 56
1416408 13 43
38650 1 12
11011 3 7
43673 1 28
1296005 31 30
98031 7 3
9253 3 5
1833624 18 21
15338 1 28
2590 1 2
4119 3 2
1139689 7 50
19878 8 1
7278 3 9
33360 3 4
68475 24 1
1046511 26 55
133757 19 3
20602 5 3
73711 14 4
1727 1 1
44725 12 14
188937 3 20
500881 15 20
1350587 27 20
16547 3 2
1056147 50 24
1311272 5 59
73496 18 9
40158 6 2
53119 3 12
1483125 26 38
50166 2 9
1039194 8 55
139840 25 9
688999 13 19
1273332 12 26
1773812 39 25
1710605 18 38
112905 1 29
64159 2 9
197419 3 37
16493 1 6
661565 11 24
254493 38 22
275120 7 12
563681 17 7
118374 3 9
116660 24 3
6123628 32 68
142454 3 31
59387 2 31
33749 3 42
362499 3 37
5675476 59 21
87662 2 43
929071 43 57
137080 4 9
390183 6 16
1668810 52 12
65675 7 3
2238688 13 42
6327 2 1
745137 10 18
114683 1 41
12943 4 9
12311 1 6
21042 12 3
49767 19 1
14565 3 1
5226 1 10
128940 20 6
20091 47 1
448444 17 9
158897 16 32
125727 11 18
46908 1 22
195632 1 48
208008 5 27
108485 5 5
414587 18 6
100257 4 18
69544 5 3
11238 8 2
67034 2 9
2890577 45 22
246869 4 13
585279 53 12
14431 2 6
3512522 35 29
169888 3 26
448570 5 27
1035364 11 29
4711 1 5
51177 1 16
93920 2 22
374590 26 23
18305 4 1
68344 13 8
1274970 11 46
59667 7 2
31715 2 27
969542 4 54
388374 29 3
54495 2 6
138713 5 8
407237 2 57
640280 24 18
188099 2 23
204954 5 13
407182 14 9
77783 1 26
165594 1 63
202176 10 21
18475 2 2
1230446 40 55
40111 9 1
58425 5 16
57988 1 17
62999 1 13
501520 19 22
46171 12 1
575070 16 11
3874976 63 16
474628 4 39
158964 8 8
21773 1 5
19610 1 32
24095 1 10
16772 18 1
70039 8 32
21757 7 12
69234 1 16
252956 19 5
70664 8 2
170063 5 14
121687 37 5
1758220 21 37
43091 5 11
352645 3 40
317573 8 29
436265 12 10
149439 9 7
100231 3 8
17236 1 7
188066 4 12
33690 15 7
27747 1 13
29331 2 6
7135 1 6
15742 1 31
100525 2 12
1462141 29 11
74858 14 3
2378262 46 36
95697 3 15
84066 5 29
13955 12 1
348820 46 20
1450092 26 15
33135 1 10
162667 4 47
295139 7 13
800906 8 34
19318 11 2
2711171 22 42
12231 1 3
1534 1 1
306942 8 15
1898832 16 40
46897 11 6
26878 2 3
842746 4 59
105530 2 26
515804 4 32
7808991 43 38
293087 3 21
1878630 26 37
144405 3 16
278476 3 26
95591 13 2
89769 3 14
3800 1 1
66366 10 2
724312 8 30
519816 7 29
340909 5 17
1104209 19 17
152321 2 27
316155 32 16
174375 23 2
175338 40 1
454260 6 56
1387789 10 29
681469 11 16
977677 8 40
184100 11 21
114209 36 1
144813 1 37
93031 3 9
101889 27 1
50419 4 6
142945 3 14
110397 5 7
41298 1 9
7362 2 12
501313 14 8
8182894 34 55
20378 9 1
12610 40 1
71793 45 5
836986 7 31
2254021 27 34
383324 21 11
127998 5 9
875562 29 16
48190 2 5
203397 5 23
315029 6 18
10051 2 2
414759 28 13
691274 9 26
1009336 22 42
2811778 23 52
91491 7 3
3390 1 1
261850 6 10
714042 22 13
3865710 23 49
11213 1 3
739 1 1
484184 5 20
19740 4 8
13016 2 2
515998 6 21
225169 5 13
445447 13 10
2234481 12 45
395753 42 18
657263 31 11
7386 7 3
50448 1 18
127577 23 2
67133 1 24
14844 1 13
82819 1 47
1756518 29 14
1190 1 2
712527 14 19
1725822 24 19
176270 11 4
98262 1 27
270784 62 11
127542 14 17
178549 10 21
67167 1 25
362964 12 7
940168 12 21
468745 11 13
522356 33 6
197297 1 48
93540 40 6
160095 4 19
79331 32 1
1092565 31 36
30972 20 5
743330 6 45
72610 3 14
117531 42 3
33248 4 16
1296582 22 28
17379 6 1
160612 5 8
432729 6 18
71108 5 18
323494 3 30
16420 3 2
165656 8 12
339169 25 19
36748 8 1
700759 45 5
167647 5 8
3396 1 10
1456530 6 68
77773 6 5
5377 5 2
769132 17 61
51703 1 14
2068592 36 18
68735 1 27
374128 14 7
2342354 14 46
442076 18 6
325673 19 6
21122 3 5
208048 16 4
3799 5 3
589416 18 13
887626 12 17
256563 24 4
279453 9 40
14121 1 15
1810 4 1
27666 3 4
21231 4 6
23935 1 15
300335 23 12
886109 14 19
60442 24 1
822028 10 29
1240 1 1
956955 29 10
48956 5 3
395344 22 4
123839 1 34
10570 2 2
82169 5 5
19983 1 6
151478 4 14
87897 33 6
10582371 44 54
18179 1 7
345626 13 11
60991 1 48
67803 6 23
775305 19 39
172056 2 23
1594603 22 17
20590 2 5
68495 1 15
903781 59 51
33545 1 11
55008 3 6
1420070 40 8
38441 6 17
1546 1 2
659085 28 9
1056635 8 45
218436 3 22
524405 11 30
641073 9 27
14046 2 4
158952 4 22
30364 2 6
25843 1 14
13595 2 8
3246278 44 40
1679 2 1
6501 1 15
96098 9 9
79631 2 17
32314 1 7
55963 14 4
5856766 45 40
28312 8 5
18292 2 11
103233 6 37
29795 1 35
72659 3 7
696078 14 20
413035 12 19
44295 2 13
35447 2 57
275204 5 21
777881 7 39
138187 12 3
1980988 13 34
17817 1 12
4972511 32 54
274710 9 12
1701341 16 38
1317311 23 41
114977 24 1
137345 3 12
273698 3 34
153882 2 34
201059 3 32
637048 61 7
581664 24 57
2364179 10 50
98826 2 18
4613604 21 47
621273 6 52
2111554 14 48
1760704 9 50
8932 4 1
6784 1 22
3283084 52 15
192784 9 12
215899 32 14
1187606 26 34
23020 6 2
95219 17 4
17238 1 19
957106 25 20
894929 19 13
110872 4 10
197817 8 9
195927 2 34
120775 15 3
722864 8 26
103752 15 6
1804842 17 22
49376 1 41
44488 4 33
243713 3 24
461263 14 9
121165 6 8
6963 1 15
69567 1 15
322239 12 37
843609 33 10
30054 2 17
180684 6 18
1845083 16 27
24803 36 2
142083 2 27
131107 22 3
2846051 32 24
95927 3 7
2134951 42 15
11927 3 1
122783 21 2
1915825 41 10
20331 2 30
20254 1 10
216398 3 21
17720 6 1
454259 2 53
6146068 40 41
254830 9 7
4464 2 2
28122 2 24
2713 3 3
1082335 28 13
806576 4 50
4708 1 2
158397 1 39
497103 5 34
1199010 8 46
2484 1 7
3055186 15 58
14318 14 2
2165999 58 10
3482 1 4
126523 1 50
80055 26 1
1248037 28 12
85332 3 10
883316 8 25
21378 2 4
135687 20 2
184756 3 15
1214310 33 26
1724534 11 39
18669 5 1
20251 2 20
227171 18 7
152814 7 7
1141590 14 25
97820 15 3
5229 2 1
10390 5 1
4592 1 8
741069 9 22
1904193 39 20
21891 26 1
210097 2 36
853971 34 9
3343501 17 42
34746 1 13
12830 1 10
432622 26 33
561510 14 16
61130 2 16
101945 3 15
79641 10 2
25395 1 25
4129 1 1
76627 1 30
325168 14 5
1497185 11 31
3162658 22 48
36078 6 2
38881 15 6
40833 3 8
616388 4 57
152758 2 28
444783 17 9
837216 14 13
620477 25 62
14005 1 25
670656 9 16
32020 3 4
56098 14 8
3377763 46 48
125899 2 15
289434 5 22
49201 8 2
588931 21 14
26296 2 10
371860 5 16
17646 3 5
52261 8 12
419288 3 31
6174 5 5
504831 39 5
39968 2 5
16404 1 4
1376067 9 35
1182288 31 14
232604 8 7
419569 4 28
28449 4 2
30380 8 15
9604 2 15
24412 2 4
128772 8 4
242659 3 19
448624 25 5
71278 7 10
21662 3 22
75739 1 16
179493 3 22
564614 6 35
13023 5 1
449216 11 16
3412937 71 18
1039328 12 27
179785 9 7
57524 1 17
75478 1 26
1629835 13 41
37237 5 2
1804043 16 42
27416 26 2
364189 5 16
84643 1 23
35573 26 3
4107143 44 30
1141195 11 40
79557 31 2
207973 2 24
627132 4 36
92222 12 7
287726 5 21
321986 11 12
79425 1 17
297426 19 31
3044326 22 31
141944 20 9
215915 23 2
90305 4 17
747318 34 7
4517691 26 48
98022 4 12
2627896 62 20
833796 10 25
87090 13 9
332866 32 19
232162 2 36
64076 25 1
16015 3 2
95652 3 13
37278 1 16
78154 6 4
4799106 47 25
209549 43 2
2964780 32 21
72224 5 55
1116523 15 18
300204 2 45
181256 1 56
162219 5 22
366450 10 9
231018 6 20
15627 4 1
323738 50 2
309999 4 23
51511 7 6
76626 8 2
320234 26 20
138140 1 35
94972 2 19
388860 19 5
107366 3 8
144512 2 27
163992 4 17
224688 6 14
196831 5 9
891122 13 49
155126 7 7
71006 2 57
1713 2 1
352752 3 33
32727 1 11
7956 1 19
161327 3 22
38950 2 5
692454 13 28
2458264 26 23
213790 8 6
16841 5 1
618206 22 6
4521 1 3
8601 1 3
438661 5 37
139435 9 8
178337 9 7
86552 2 29
10199 12 2
135602 2 15
1487842 7 54
138921 2 15
759635 30 7
587197 15 12
388437 39 3
2421 1 3
143468 12 12
417221 6 19
847 1 1
2709576 17 33
328634 2 35
23148 4 9
238883 6 10
16091 1 4
24199 6 5
527003 9 13
4882751 29 59
40933 2 10
441868 17 12
702559 12 22
19554 2 19
75132 1 27
8562559 47 49
1367541 30 50
130936 6 48
295653 4 17
143013 2 28
1106841 27 12
332850 13 6
471412 2 49
54050 3 5
820203 8 56
277948 4 36
3601 1 10
80895 9 4
1071920 5 65
662322 5 36
36893 1 33
163622 14 9
32688 1 8
900543 8 30
983634 12 39
21915 3 7
1369032 35 12
121098 4 18
19566 1 20
82311 30 1
802407 30 10
116264 21 2
55692 4 3
48726 2 8
45016 1 11
2008465 17 36
43626 1 12
1691976 22 29
97924 4 16
2292 1 1
491475 16 37
5277728 31 51
224536 12 10
140048 2 16
170348 70 3
1381448 17 27
435994 14 27
163420 3 57
63578 1 17
75459 3 8
600524 7 44
2004591 13 55
49502 2 33
15968 6 1
22083 1 6
2769836 26 47
305778 25 3
922008 23 18
221296 2 25
2918080 22 46
103413 23 1
71592 2 8
133985 14 6
91326 2 11
9499 3 1
2235 1 5
50548 3 23
34115 1 12
24347 10 1
61645 1 18
1232544 8 42
92537 12 2
130619 1 35
182238 2 27
1762214 25 22
471343 9 20
16938 27 1
2826134 19 40
441980 46 5
78214 3 55
54583 7 5
424473 3 46
122514 7 23
56197 1 19
1216328 12 38
9351 1 2
169292 2 30
25669 6 2
391839 15 8
297163 8 39
709646 30 30
52869 3 5
109168 2 21
73458 50 2
172087 5 11
8909 2 3
105445 4 23
28260 3 2
6811 3 1
47557 4 21
80255 1 26
1045606 18 19
122534 2 16
187451 7 8
223770 5 18
1589361 10 37
375803 17 7
651213 30 35
56867 3 5
428059 18 6
33714 19 5
6256 1 15
428196 40 4
69808 2 9
2460140 17 56
473865 6 31
347796 4 20
365858 19 6
111174 23 1
901750 21 9
1325912 16 26
256088 5 21
1970193 9 49
73827 7 6
50260 2 7
3039169 28 35
430672 7 13
68030 4 19
13721 1 3
226149 9 19
56020 2 18
474201 8 41
1461232 8 49
24228 2 7
34185 1 11
8274 1 3
250658 14 37
59799 3 7
522664 11 19
93813 1 24
223574 6 24
5604 4 4
2880760 35 20
23686 7 1
1171527 66 7
17309 7 3
148855 10 10
333161 38 3
34215 2 8
107633 3 11
372246 35 17
1010780 19 29
354023 14 7
743663 21 12
2192438 26 31
28204 11 1
4863036 31 41
64104 21 8
448218 7 23
24205 1 16
2671912 33 56
4826 1 1
30205 1 27
1487814 14 25
16345 2 12
7060 1 6
4379 1 13
516448 4 35
6820303 26 57
34901 1 9
318432 23 3
443557 17 9
101415 11 3
817804 18 14
55081 19 1
125521 14 23
59472 8 3
2188963 22 56
422055 16 14
144810 5 35
15296 1 36
1557896 28 20
1607579 16 28
1691893 15 32
218811 7 12
4744792 38 32
217024 4 12
723298 17 9
41512 5 2
452096 8 12
204164 43 17
163202 1 52
16260 1 4
46956 5 8
108456 23 1
129556 4 18
36988 1 25
10062 1 3
1005731 16 17
134974 15 5
531780 6 32
197676 5 34
73001 11 2
113301 1 30
39725 5 6
237255 11 16
2260007 18 41
81856 7 9
58731 2 11
686358 8 29
470524 6 26
96566 3 8
925521 13 31
1780367 25 24
165494 7 8
246853 2 44
28566 1 7
1152499 33 17
494827 12 10
531598 14 8
838159 29 7
9370 1 16
420497 7 20
44029 4 12
3751428 45 52
2250131 13 38
83934 7 4
74730 1 29
214585 15 4
112618 44 1
134112 31 16
165819 13 33
15044 1 5
1607735 20 34
57343 2 6
21785 3 2
36561 1 10
91639 1 47
38197 3 8
100361 2 47
430129 6 19
52077 1 11
2360172 28 18
2122112 19 33
299264 9 15
241475 7 26
1310264 24 13
686152 18 10
55659 2 23
129771 8 4
2496354 21 47
18460 1 5
3375 1 1
30741 11 1
385784 35 5
92779 21 1
66855 3 9
1952064 37 13
22882 1 9
2638 4 2
2291095 10 52
633842 6 30
9030 2 1
341363 19 5
1097716 8 38
49939 6 3
312945 16 15
109119 2 12
488900 6 27
42503 1 54
25519 8 1
419040 8 16
203528 4 16
86157 19 1
178662 12 7
69798 6 3
74373 2 31
3328491 37 51
3682026 13 59
110795 2 16
185858 13 4
167629 2 23
191720 41 1
132933 2 15
6135885 60 33
23903 2 31
5950433 39 36
843433 46 5
534995 17 11
299043 12 38
488850 64 2
815046 7 56
2164612 16 46
144858 1 31
695979 5 31
617139 4 61
173324 5 9
2765224 34 31
312484 37 2
1379616 37 9
2280484 11 62
124504 2 22
1893036 27 27
281720 13 27
174339 1 55
51573 1 15
293305 38 2
9930 1 26
65692 1 26
7724 7 1
217189 2 33
30174 1 13
344074 9 12
4339 1 8
59567 2 7
41515 3 10
92177 2 10
26222 15 4
2361471 27 33
136141 11 4
106538 20 6
28176 1 12
213330 25 4
4251 2 3
25698 2 4
73762 3 24
45044 1 15
1632335 6 59
98691 1 34
251728 8 27
110241 1 41
1291228 32 23
17539 3 9
4384 1 1
59253 18 1
596770 12 15
21517 4 2
139839 2 27
318115 3 29
4232 1 1
69129 2 16
50362 26 3
21446 3 4
147026 7 5
8976 3 7
12167 1 3
251377 53 7
246251 2 42
1407818 17 18
2921518 25 41
581456 9 15
339765 22 7
7069 5 3
41626 1 9
13345 7 1
1013226 20 24
2134613 36 18
2291746 13 42
730878 15 16
68705 2 12
20285 10 1
359484 3 34
29987 6 19
12663 3 1
2750 1 4
855267 63 8
1399322 21 53
453382 3 57
20288 1 26
730917 13 16
329304 22 5
90311 4 46
243532 16 9
5362506 42 41
55126 7 12
73971 5 16
267999 24 3
276445 18 41
18528 1 30
67947 3 37
621079 60 26
372794 50 3
491127 26 10
68270 2 26
248898 28 2
180660 3 15
106479 1 58
66874 9 6
121056 31 2
2509360 27 43
92076 1 30
1138163 12 23
40694 2 21
65641 1 44
108885 6 43
174053 1 36
121352 9 8
172930 1 54
1106376 30 19
124300 2 47
113203 3 8
1665644 8 52
101562 11 2
30242 3 19
971895 16 53
978001 27 11
1048303 8 35
2951343 20 46
77321 1 19
227249 3 16
43251 1 17
828558 9 36
34226 1 61
503390 14 41
4817 4 3
68795 9 4
725271 14 18
2940145 28 39
174687 1 37
4477463 50 33
2095856 14 32
3396303 31 36
47721 3 9
67220 7 35
343342 21 6
255696 6 16
126997 14 32
743546 12 15
2356121 15 40
227760 10 8
1525157 39 10
852810 5 40
76994 3 20
229235 3 25
15991 6 1
189142 7 8
447166 6 17
238247 13 5
251228 23 3
75163 4 5
431849 30 16
224822 36 2
149697 6 33
76819 1 23
4193534 52 44
1016772 17 24
275735 2 32
1452899 14 41
373363 3 35
61212 2 31
1377306 37 15
455057 12 10
55963 2 10
35416 13 1
56375 9 2
609278 3 45
48413 3 11
282433 8 10
825445 29 8
8667 1 3
3705 2 1
11448 1 7
25579 6 10
51263 4 22
67966 9 15
24931 3 10
2040526 25 33
103608 2 25
150683 13 4
1697 1 1
49101 19 1
160004 1 34
134964 10 5
213836 29 2
984066 15 16
37739 7 11
854390 15 27
18849 1 20
157107 9 17
414759 12 16
246187 30 3
178285 4 13
966106 9 24
290749 7 14
11231 3 2
258544 1 59
48599 1 21
10911 2 13
12591 5 3
18874 7 1
54260 18 1
35932 2 6
15823 4 2
525609 19 18
137837 2 19
69065 1 24
386723 4 22
202211 3 20
70375 22 12
2234913 16 29
3276 1 3
381791 7 41
12817 4 6
7487462 54 46
1392550 15 22
86090 24 8
431834 16 7
4918 2 2
5972492 42 30
20655 2 15
18742 3 2
876430 36 12
1496812 35 10
424807 8 14
967936 63 6
202581 32 11
584519 39 6
12343 5 3
20257 1 7
19857 1 6
9002958 66 37
7851 1 21
570827 19 9
8451 3 4
49882 10 19
388617 12 8
115420 5 15
2645027 74 38
183292 6 10
63621 2 47
129044 1 30
6429 1 14
101138 5 6
528626 12 43
40249 3 5
417251 31 19
508820 3 36
7049 1 16
404119 4 24
280269 3 23
3460029 39 20
88944 3 10
21180 3 2
31674 2 4
243237 3 27
188760 34 2
83900 3 9
1351052 19 26
14294 4 14
885164 32 38
6330 2 8
1200207 25 15
103951 26 2
46775 4 10
14258 4 1
5643628 36 56
12980 1 4
143278 5 10
120633 2 20
21667 2 10
859080 6 42
456453 22 33
451273 3 53
733596 7 22
415202 10 9
222004 3 23
231458 11 28
11370 6 5
19110 3 12
52953 15 1
315737 19 35
32394 25 5
206844 2 30
31414 2 6
827090 13 15
417290 3 40
24372 3 8
3506 1 4
21816 1 7
28156 4 23
27461 11 1
897936 18 12
20282 1 7
9275 2 9
1581618 11 45
482022 7 40
57916 3 7
24853 1 22
661579 3 60
16871 4 1
826344 8 28
48839 1 30
13288 3 9
4593 5 2
1367698 68 39
168658 12 36
2240872 21 31
928302 14 24
3653611 26 33
6882 2 12
97514 1 25
22619 3 2
320640 12 25
452024 15 12
64147 18 8
47947 1 10
12535 1 5
111560 6 5
181440 2 31
5139 3 2
7047866 43 53
80510 11 2
1095773 35 10
5138730 26 51
5901 2 11
79757 1 17
544657 4 46
126838 8 21
1162245 36 15
346186 6 19
8231 7 2
1644253 34 10
585234 8 29
353344 17 29
22944 6 2
1558540 11 34
210044 6 10
297762 7 16
547742 4 46
531665 5 28
75152 4 5
64706 3 6
4078 1 4
7416 1 10
389041 2 50
322160 4 30
15461 1 6
14620 7 1
11904 1 3
39398 4 8
1771739 22 19
5401 2 1
2222946 26 23
98453 20 2
72169 3 36
84194 5 4
39959 4 4
387445 3 47
52471 48 2
1333724 22 19
3470751 24 31
1095353 10 44
365921 4 35
43953 10 4
388378 23 9
798402 4 47
7377 3 1
2065347 14 34
50670 1 11
37468 7 8
1574547 33 24
399086 17 12
117382 35 2
220261 5 20
192572 35 2
219861 2 28
2188 1 8
333636 3 36
529416 38 6
273043 23 11
214527 3 58
135544 4 12
3600004 22 49
443028 5 21
29123 3 9
14369 7 2
34977 4 6
345512 21 22
81953 1 26
688679 9 16
39203 5 15
11772 1 26
85204 1 27
5727545 39 45
849407 4 46
91509 5 37
1511647 21 17
461149 10 15
175049 3 18
370640 5 16
88112 9 8
287777 3 26
120948 5 8
4555728 37 49
402004 9 14
120585 12 10
685533 8 20
95569 2 39
206459 20 4
320578 5 24
219736 5 18
1009 2 1
97555 2 16
217910 48 14
175148 11 4
121578 23 3
114331 8 13
1484665 12 36
14110 1 30
339983 41 12
359702 22 19
16276 3 3
172825 9 5
548903 6 37
5726896 25 51
48896 8 2
25181 11 6
4329701 36 30
75244 6 32
32448 7 1
454667 12 12
573751 41 26
818740 51 4
47966 16 1
406526 6 15
20456 6 2
79504 10 2
116277 1 57
882906 9 31
18620 17 1
38772 10 2
35228 2 7
178993 2 21
7826676 36 46
252580 19 17
478718 3 58
74979 7 14
114752 5 22
254141 9 8
29119 1 11
2179448 22 28
65205 9 2
847170 7 26
31055 7 15
168811 5 7
18706 1 20
183028 1 61
2711422 38 16
295913 11 18
731183 16 15
6364 2 2
85620 11 15
50192 2 7
4699 18 1
155351 5 9
76045 27 1
42524 21 7
17035 3 5
60800 10 7
5633254 32 43
