113 2070 5907
77 38 61 39 85 26 60 1 12 36 63 14 20 26 1 37 25 38 46 76 42 60 51 28 45 33 1 64 33 38 9 31 3 34 7 61 46 24 84 4 3 30 16 5 19 85 24 65 36 14 76 51 27 74 12 30 11 35 22 18 22 81 69 68 8 53 40 31 14 35 23 68 38 81 11 62 9 38 56 4 32 42 46 2 42 8 35 68 83 25 62 38 16 52 10 49 56 65 48 23 44 36 66 34 54 47 57 34 28 7 82 39 52
344457 33 2
60846 2 37
948124 6 34
378732 7 22
101203 12 16
1592640 5 65
699110 4 39
27536 18 5
267656 14 4
46781 1 11
4405509 16 64
18275 2 5
397983 2 79
4183810 49 21
2589553 22 29
37777 1 7
491894 4 34
180236 20 3
312107 50 17
94208 4 38
511700 6 61
577460 23 7
805357 3 47
67927 3 7
54322 1 17
2231395 10 67
404287 23 3
168616 56 1
315057 67 3
14909 5 1
6145924 40 27
128647 4 9
511849 4 22
284235 7 54
156876 25 2
163940 21 7
201237 5 7
70854 1 25
103025 7 29
399408 17 6
446638 41 3
3193383 43 22
135939 5 18
643430 5 33
22628 1 52
1374578 4 62
850970 9 66
1624677 21 24
7104 1 2
68535 3 16
289863 5 15
26702 10 2
303463 15 5
389464 5 22
4739651 29 30
17088 3 2
142187 4 11
86008 2 11
393879 5 15
952747 49 5
184939 8 24
180463 8 30
929607 37 7
1191759 22 15
113164 8 7
1995498 32 22
249857 44 1
632107 9 37
17352 1 5
577484 57 14
888964 15 19
638419 12 26
198591 1 45
960651 53 5
935266 4 79
18810 2 2
6103417 53 24
9458 1 3
789815 19 11
4293 1 1
21033 2 2
55942 52 2
14844 1 5
1091538 37 15
986918 21 9
312031 27 2
1208133 14 80
355648 20 9
766507 19 12
3244167 40 18
261925 16 5
6468 4 4
153078 4 28
162438 1 33
2168478 33 40
66271 21 3
1602787 28 24
17519 3 3
673591 10 34
10952645 46 63
81749 7 4
866283 32 17
702525 11 59
391929 14 9
2238234 14 28
157527 1 27
17484 1 5
525595 47 2
362067 49 7
729494 30 21
816898 43 11
21646 7 4
21235 2 2
17265 3 4
41344 1 10
3306 1 1
375056 12 6
86437 2 10
31038 2 4
399220 15 37
341096 4 70
722385 16 50
986729 38 70
24921 1 7
161929 4 12
442458 3 37
220159 8 6
243310 2 28
53676 1 12
89181 3 8
330513 2 52
340280 3 38
21276 13 5
29790 11 3
31343 1 29
323145 1 68
929567 16 17
170299 6 13
211787 11 4
6092 2 2
776221 19 13
40224 2 4
625686 11 14
117573 31 4
1247207 15 22
471036 9 15
2508550 23 57
886460 26 10
4442731 14 77
1879020 12 40
375025 26 3
2629172 31 51
1796152 9 36
23956 8 9
135576 5 6
557448 17 34
851990 12 50
2173763 13 46
336090 15 4
155681 17 16
366497 18 32
7856090 38 42
277902 3 16
1139862 44 6
1333899 8 49
3439016 26 31
262311 1 46
214184 12 4
1313693 8 31
17729 3 17
23956 1 52
95569 6 5
234370 14 7
7872 1 5
1585576 22 47
578947 29 4
828125 4 63
9850182 26 70
328028 12 23
978278 5 54
3788 1 1
1221341 7 40
250831 1 74
110565 3 14
114761 6 20
8999986 23 85
97253 2 27
453248 3 30
1791996 24 13
953139 21 39
165591 5 11
6512588 37 52
159687 2 22
1358558 15 28
751544 22 6
80973 9 8
283669 5 29
37653 1 47
285967 2 44
73188 11 2
4581540 26 55
894390 4 49
1386368 9 43
750560 18 10
1072123 21 10
14225 15 2
84625 3 8
1347998 12 26
199960 3 22
1430436 5 57
1163515 33 8
9248 1 5
1784162 13 32
336664 34 30
3289792 24 28
1315251 16 21
50534 7 7
7460 5 2
151178 2 18
1350469 13 26
49344 1 9
592647 61 3
6804 4 1
289272 1 49
856938 10 28
179850 5 49
4871098 22 71
35585 7 5
64415 25 7
1283327 11 23
32830 3 5
1036784 30 8
3519329 14 69
173113 3 12
3319198 18 54
20180 1 5
18252 4 9
303254 52 1
203782 24 3
11434 1 28
315770 40 4
1920492 24 66
2957 1 1
121266 2 52
34932 36 1
251938 4 65
716018 30 35
168033 18 5
5465761 26 40
241570 5 15
16931329 91 42
3091419 27 32
156001 7 48
729295 10 22
398088 27 3
93742 7 26
2979708 52 12
17333 1 38
50032 1 36
633516 7 70
2182073 47 11
32446 2 12
3324591 30 36
558681 11 13
2426471 13 41
3542 7 1
614360 5 33
20262 1 6
63889 1 13
41800 3 3
16477 3 1
39662 1 9
8583 4 4
206858 4 11
952938 5 40
12575 1 15
64729 4 6
1934634 15 41
29828 2 3
109191 3 41
3594330 29 25
165747 10 3
281825 3 29
51214 3 43
1658010 7 58
724459 4 32
209290 3 20
3349288 38 19
390677 7 16
6669419 22 52
1272362 25 11
1034364 4 45
1597849 35 15
432719 4 36
78835 1 33
15769 1 5
1751067 17 33
224215 6 7
68211 12 5
583653 9 11
853367 8 27
1476553 24 17
818587 9 52
23437 1 6
6025345 27 52
194737 6 9
850866 21 13
113806 4 22
202084 4 10
6587 1 10
1127721 38 59
1657137 11 35
15729268 76 48
1714765 6 51
399690 3 36
374150 15 7
620154 27 6
26491 4 9
704517 37 26
505182 37 3
2967201 23 33
273130 2 39
2274463 20 53
1209649 7 47
3361323 32 22
705454 37 8
114875 3 11
374611 13 27
665614 16 10
772734 20 7
23032 2 14
816466 44 6
5638448 88 16
909135 24 11
4742591 35 23
348419 29 18
5345538 61 19
27488 9 3
616697 7 57
1337111 25 10
169084 12 7
112149 4 6
4417 6 1
47809 15 6
67658 1 59
470462 10 8
401978 9 12
2102930 28 24
212579 18 3
877891 6 25
169217 4 11
465977 5 19
240116 3 42
324737 17 9
281902 14 8
12266817 61 59
61226 19 7
25870 4 2
261862 24 2
483103 4 22
17061 5 1
23845 1 12
502184 10 23
338938 3 22
2187226 18 40
1923969 18 24
476466 2 43
150306 4 12
18358 3 5
35632 9 1
112497 1 25
835016 19 33
1110172 60 33
197734 6 10
107196 13 6
555412 8 12
5910941 48 31
171646 6 13
7191072 33 38
199231 24 2
24101 1 14
58965 10 3
397335 35 9
591964 22 9
3291127 22 36
7995 2 3
7981995 33 49
1401891 14 53
22118 16 1
1813939 12 32
199529 10 4
218787 5 9
183987 4 31
801013 3 57
596319 31 4
202580 6 14
2129339 20 20
19065 1 5
352755 7 9
782721 48 3
116648 1 42
274072 5 18
1008669 4 43
508458 13 32
82964 2 58
47043 4 5
76245 6 6
613912 4 30
51953 2 5
898755 8 30
587327 60 27
14394 5 8
55925 18 8
1768748 28 13
786731 7 31
357945 22 15
5314 1 11
464861 5 31
140216 42 4
235271 1 48
795477 24 9
1128566 36 28
299820 6 65
41910 1 9
178267 40 2
4300669 71 19
357341 3 24
1350461 9 44
75157 8 5
13335 2 11
29512 1 7
1233989 37 8
2071567 10 59
84828 1 41
24915 1 11
4233727 19 43
79943 20 1
27794 6 1
28281 2 4
4611 1 1
1958422 11 42
3075130 25 45
812392 6 45
299876 4 25
139988 1 44
32884 24 1
334557 17 7
42204 5 2
268940 5 16
227576 1 62
1802498 27 14
39120 1 13
6323171 35 44
955623 18 41
29946 1 9
219689 16 37
158376 2 19
1800025 31 23
13108 1 16
103062 21 6
3937536 42 77
147463 4 7
98161 5 6
206979 4 14
147440 3 28
920435 15 35
12390 16 1
414522 31 4
440510 21 5
399173 7 23
109066 3 7
1871289 17 35
75145 3 6
217875 18 8
23894 8 4
209002 5 9
65215 2 10
49226 3 6
287539 1 50
480317 30 14
63712 11 14
542646 12 11
22048 6 9
211432 30 2
3642002 49 17
46449 8 13
110298 10 23
116997 3 12
77009 2 19
151853 2 42
8019505 64 28
523701 2 46
346055 20 23
41237 38 1
577013 40 13
1816151 28 17
3909592 14 56
451283 8 48
227387 5 52
62735 37 2
146254 4 16
219555 9 39
15353 1 8
72323 3 17
374901 36 3
20909 8 5
511160 8 30
1131073 5 48
177025 12 10
203628 3 22
244520 7 16
38247 9 7
1441408 81 12
10308 2 9
171700 5 17
2654068 10 45
4349732 47 25
209983 4 17
55109 1 15
783 1 1
144917 13 2
469732 40 21
756177 9 31
123376 17 2
642677 78 2
480237 18 7
3704 1 1
794669 21 18
3796396 38 21
16247 6 2
5218668 16 56
549535 17 7
2016674 11 48
227101 1 44
1170566 37 6
854200 3 54
130150 1 48
181973 2 48
2625200 21 23
67614 5 12
503974 24 6
98551 7 5
106985 7 4
4917213 39 35
446587 1 79
10983 29 1
1468783 10 69
5119 1 4
1570132 20 20
1100270 21 10
879678 6 38
160600 18 20
1407119 17 23
189690 2 25
938736 48 10
571725 5 24
869078 25 8
1840338 6 65
3018807 46 18
56976 7 21
1088622 72 3
56615 6 3
404065 2 46
1224258 60 5
175185 9 4
366435 6 12
40245 1 32
1367878 13 37
224858 3 25
1342269 43 10
299689 3 26
558682 7 47
839396 9 17
60674 1 16
710401 39 5
516460 26 6
79132 1 19
52599 2 5
114849 6 5
148885 3 14
174854 1 36
23663 7 1
5089067 18 60
1950920 14 28
388656 13 10
1438317 11 66
1326140 29 10
138632 8 4
989288 5 53
78009 2 9
9704 1 17
237571 21 28
4015482 67 14
316792 3 40
35304 1 27
373678 4 19
10429 1 3
766648 7 19
131192 2 25
47914 1 29
457148 11 11
689018 59 2
162278 16 7
293902 8 10
107972 5 47
171242 14 7
39302 4 2
9107 8 2
25213 1 6
339681 10 11
358873 21 3
46759 1 13
935546 16 15
733724 5 33
518888 28 4
122032 25 1
76530 3 14
362760 5 17
173854 1 34
910654 4 54
297968 5 17
5810044 44 44
24029 4 4
101359 35 8
257502 3 24
100466 10 7
3812986 17 48
85165 1 27
12072997 49 58
1259776 4 63
122049 6 39
1224477 27 10
214495 30 14
72224 13 5
249653 3 57
29007 3 3
7273422 25 84
2118 1 2
59327 11 1
1453222 9 50
29765 18 1
277479 10 9
22763 1 7
691398 9 39
9324988 30 81
1980069 26 24
1686722 30 17
161429 1 37
153224 19 15
252413 2 26
420562 6 21
609390 25 7
1363285 7 46
1039191 5 53
1451402 24 15
212445 7 8
1780 1 4
65669 4 7
860716 9 17
164693 3 40
42978 3 10
1042532 17 20
10040352 42 56
9471 2 1
155106 1 39
322984 42 7
1450006 40 12
503475 6 24
650679 6 35
158709 19 4
32347 3 4
898800 19 12
1255674 22 21
776276 4 46
152819 1 40
562112 6 16
238080 2 21
1000084 13 16
9009067 34 66
206233 1 44
62659 2 8
99305 15 12
189413 6 12
366311 13 9
90980 1 54
638427 19 7
20104 6 1
36044 14 3
470258 3 40
116676 21 4
854287 54 3
16837 2 7
123295 1 25
682523 20 32
2851086 57 12
2276011 13 43
25498 1 6
110041 3 10
1012529 17 18
79563 1 28
815263 5 52
43989 1 11
1826285 14 33
17169 1 8
539238 3 34
178278 2 27
12582 2 20
288724 9 6
1053161 7 42
142615 1 45
9453677 59 61
1293357 6 64
917247 7 24
480992 44 7
743429 72 3
1013200 18 11
107294 3 24
71813 15 1
366938 35 18
1522574 47 9
32782 3 2
945526 24 28
1663528 31 61
76898 2 9
156981 6 5
269619 2 23
224624 29 3
2680428 43 30
2612348 62 10
3563438 25 29
1548688 40 8
841478 31 6
174074 1 54
82952 1 22
566879 4 25
1019305 50 32
194885 6 6
209684 3 33
70074 10 3
5318 3 1
445799 37 18
1905306 17 24
2323910 38 15
8268 1 2
206208 5 25
1191256 55 64
863181 19 13
543804 3 47
67396 3 4
891479 8 30
343914 43 3
344127 10 14
515278 36 20
2282104 31 16
361659 40 19
10911 3 1
121336 15 2
49887 6 2
3063562 26 24
547013 47 22
2332887 25 31
7415 1 2
697756 64 2
580022 15 10
6507299 75 29
111142 1 26
1887553 20 27
665470 9 25
761576 13 11
27921 1 7
285070 4 15
6699562 31 57
21200 1 4
39492 1 28
85348 1 23
3066283 33 21
189118 3 18
2469353 48 17
197512 3 14
139418 14 2
1767820 6 52
83653 1 21
30473 20 5
223830 3 38
119595 9 20
11781010 76 48
2065993 13 51
218602 15 3
876042 7 35
336832 21 14
1222602 40 11
4388875 25 35
14222 2 2
3361768 20 50
217275 1 48
2116095 25 74
1437629 11 24
31706 1 10
579455 6 18
192673 17 2
268137 2 44
589738 61 2
3657190 55 53
164932 36 1
33787 3 13
6517870 30 66
10274075 39 62
5030 1 11
702443 4 41
29415 4 2
176718 5 6
677234 26 11
317119 22 3
1347069 20 54
715504 28 17
50052 1 20
6707 2 1
84895 2 14
185051 2 28
8482 2 1
140918 6 10
58201 2 29
51390 13 2
4469 5 2
11534 2 1
104810 3 7
32493 7 1
1099619 9 29
198983 5 11
14753 1 34
254656 8 31
5579260 51 42
1251817 7 36
548 1 1
1834387 10 43
348466 19 20
392460 8 13
482179 6 16
408463 25 44
333526 64 3
196060 62 3
2300698 8 76
751437 12 18
136189 2 32
2836836 27 18
39479 4 14
4748716 56 41
245343 19 11
131917 10 24
8968019 24 76
391099 46 2
2326525 12 64
718382 3 55
101210 19 9
385200 1 68
1016110 26 12
1190520 11 26
117733 4 5
231393 1 58
867051 20 14
200598 20 8
131049 2 23
13265 3 1
5251031 26 39
14624656 62 44
14704 3 3
100058 2 18
966219 20 12
716680 10 16
9358532 60 37
101176 5 9
681996 20 9
408098 22 10
2387376 28 16
2850946 39 19
3269357 20 29
996455 13 13
26764 5 5
34907 4 25
47891 3 4
81956 2 39
270793 3 18
266836 18 10
171689 13 42
217082 1 53
639001 20 6
5775939 21 72
147375 1 25
18864 7 6
403390 17 9
1006390 10 27
141624 2 13
133452 9 3
865923 4 65
53055 3 20
556412 5 28
76853 6 9
216972 7 14
5948925 23 44
450142 14 8
449518 21 15
382924 17 6
1311687 22 24
435107 10 37
322207 1 59
168986 3 12
20913 1 5
48675 1 30
165219 2 20
209100 1 37
169467 21 3
1280885 10 40
33997 6 1
639218 8 52
3193965 18 46
71165 1 22
423046 11 26
75267 1 17
641358 3 57
484607 14 13
37097 4 30
56487 1 12
11958 1 3
10892 4 8
275132 7 22
87424 4 5
6578 21 1
2728219 14 40
297609 9 7
964741 21 50
942558 45 8
5613201 32 58
16539493 71 44
202088 14 7
661690 11 14
2322128 16 43
894563 62 31
3706828 18 35
8989 3 2
4656569 56 15
52368 1 9
92058 1 23
174136 5 11
95437 1 18
244633 9 9
614450 24 7
88401 2 49
1414983 8 42
73573 3 23
478561 2 44
1965633 71 17
29273 1 16
167139 25 6
17534 22 1
137389 9 24
4990858 26 52
1774428 28 56
637514 5 26
76273 1 33
16499020 52 74
50343 3 42
461713 14 56
234182 1 65
71914 2 22
2524218 26 17
561690 7 27
106746 30 2
249234 6 8
602923 45 12
891230 15 17
78166 63 4
48090 15 1
493040 57 2
840137 31 7
51193 16 7
3375454 21 32
36025 28 1
433408 4 49
10613 2 1
744096 19 10
1566365 10 35
1530839 21 13
229726 11 5
60970 5 3
171045 3 14
380386 14 14
249351 7 12
2905347 23 24
126214 42 9
15113 1 3
255481 38 2
277458 3 31
3565048 19 35
1855232 33 14
175801 2 39
60004 1 38
179418 5 9
761518 19 11
175026 1 43
419506 13 30
83742 2 14
91023 1 29
191243 25 2
1794850 15 23
44609 1 9
35182 9 10
254718 2 22
9085 1 10
683900 11 37
1326922 6 60
408949 2 57
12108204 49 46
196285 1 42
1745453 36 23
749767 13 14
50151 11 12
731733 3 56
47551 6 2
6105552 27 42
3420030 13 72
599712 19 8
29053 2 22
9637016 22 75
738835 69 2
5433 3 2
133656 3 8
4552779 37 23
1532028 19 22
1015131 11 33
400449 27 7
25324 11 6
210327 36 1
255584 2 42
9070 1 3
154615 6 22
47781 13 1
16081 1 20
35218 3 4
339159 21 10
182296 12 5
2606589 16 48
85180 10 17
286940 15 53
2345488 66 28
232611 11 7
14125 3 3
1549817 31 11
86674 2 12
36526 1 7
63753 1 20
103373 5 25
154127 4 27
25278 1 31
1672575 27 13
244011 6 23
5668 3 3
245906 39 7
115209 7 3
444139 4 65
2006133 22 23
22076 1 4
326710 5 14
64344 4 7
91790 28 1
20580 1 4
128287 2 12
1614670 71 11
14684 3 1
909680 43 10
189690 7 51
746468 18 10
4755019 14 70
190616 2 23
147029 2 13
204941 1 49
14049 1 14
237865 4 11
146022 6 11
1357926 68 4
908742 9 20
297215 2 42
36036 1 28
3523132 26 30
16476 5 1
93575 1 47
1581762 29 54
267842 16 3
13644 8 3
3430543 27 33
130739 1 30
1400355 6 47
2230783 48 8
2043616 32 14
1943867 10 70
32420 12 1
1605 1 2
88967 1 16
301044 3 27
633041 16 45
126548 7 19
894744 12 17
631053 3 64
235208 17 4
18638063 56 62
1020504 37 5
12012 2 11
1097936 31 6
860562 13 18
16652 1 5
329414 14 17
166111 1 40
27831 1 6
292640 7 11
47394 1 20
760308 16 16
71455 4 4
809041 3 59
4021633 39 21
1072569 9 23
22968 1 12
972626 11 16
5523 5 3
7233 1 2
2774387 28 22
1405705 12 20
137355 1 40
414526 6 23
160856 17 3
606505 29 5
366160 68 3
1635171 45 8
935954 59 35
15070 3 7
9145054 22 73
151604 2 17
191334 6 53
1326683 5 59
263744 3 17
541534 8 44
195399 20 2
229081 6 10
1498586 12 28
2175754 16 29
16619 15 1
649151 2 59
4974507 19 61
695042 7 28
187511 4 15
6554972 29 64
704140 23 8
253779 8 14
37716 1 10
259599 1 80
20646 2 3
1031446 4 75
15041 1 36
3204378 14 50
96578 6 5
58002 4 7
6162 3 5
200261 1 61
10769246 68 44
1281919 26 15
5692654 32 35
2774196 10 49
60458 5 3
9623131 34 69
57649 1 18
165688 4 13
308730 75 3
154718 2 17
25864 14 2
129606 3 15
42708 4 2
3835 1 9
587261 21 63
334850 15 33
5674160 60 37
364980 4 29
5697941 36 33
334004 20 28
264103 43 2
136801 1 61
176030 5 7
166015 4 31
1643664 24 23
8057 5 4
118208 4 55
830160 6 34
32420 9 1
757277 46 5
5116427 26 38
424675 9 15
5808408 68 22
2671849 20 27
2490018 25 19
2826782 12 59
827059 16 14
1813832 7 52
1624941 39 10
60788 2 20
2292353 39 13
126710 3 8
676109 2 73
31573 1 53
64374 2 8
161776 20 3
231563 10 6
3514550 74 11
223735 3 35
8938746 35 47
76809 8 3
6870 2 1
135128 1 45
283108 1 52
654572 5 31
162718 3 15
3768761 23 41
90978 6 29
2686734 46 22
71912 2 46
10013 1 3
1175376 7 30
87028 9 12
1401494 23 27
1898387 10 54
278800 50 11
3051970 42 38
8104574 25 59
152226 2 27
67773 3 5
202525 48 1
2960 2 1
773014 9 32
336262 9 7
123594 9 4
148825 5 36
149995 1 33
162521 1 32
341884 25 4
619482 55 2
452654 37 3
50703 4 5
889482 9 57
581699 21 13
26165 3 4
3843 3 1
266083 2 52
273827 7 26
308636 2 31
28783 7 11
37014 1 10
66034 2 6
34218 1 23
183163 7 7
19223 2 19
6148 4 2
188412 1 46
721835 5 31
45851 5 4
4508946 11 71
391375 12 62
246217 2 58
225285 8 6
2920 2 1
53788 8 9
1300819 55 5
106714 2 18
479862 4 25
1245545 41 6
650330 8 26
12103 7 4
18505 2 5
4191039 21 58
3137926 32 20
14680 3 4
30670 3 3
94191 1 17
3551401 18 36
344155 9 8
3660 1 2
86647 2 9
61397 2 10
440127 2 60
3311 4 1
324605 5 28
149147 12 5
3582780 51 36
95107 14 3
79986 16 1
3517 1 1
20284 12 2
1278053 7 46
70958 28 1
64760 6 3
4234634 22 61
30433 2 3
18348 1 37
3689 7 1
3512614 49 34
6278 6 1
10963 3 1
54083 3 4
6226 2 2
34292 4 7
9719957 36 67
2345364 17 46
21882 7 1
974433 12 26
13889 3 1
20530 2 3
11297 2 2
6046 2 4
2367352 30 19
350202 2 40
122229 6 6
537551 2 46
7421421 69 36
34180 4 6
213006 10 5
8582 1 7
424441 3 31
152269 8 21
188788 1 35
68221 1 13
1315739 41 65
1724169 17 24
376554 4 19
16322 4 11
9262352 71 23
1497991 39 9
1076617 7 43
95173 6 3
134008 3 15
34778 5 2
5199424 18 60
860228 14 29
1644745 23 50
11384467 32 77
412248 9 15
376940 24 25
3338075 17 52
193348 3 17
1356212 12 23
605976 13 17
1119094 14 27
50892 2 32
161640 23 2
1744358 25 42
1487367 15 29
108034 4 9
1718998 23 16
1367 3 1
16278 4 1
6888 1 6
6556742 49 29
927441 7 29
56202 20 9
403606 14 56
1211089 9 42
54717 12 3
81770 1 24
6678814 26 64
241465 3 26
99361 1 29
2155225 44 54
227120 10 8
103874 6 11
104646 23 1
62991 3 55
199417 12 26
135319 5 7
383454 16 6
33239 3 14
39807 1 18
87713 1 28
116055 13 2
442648 2 45
153290 13 3
4093667 14 61
45630 64 1
644517 14 57
1105154 13 21
73110 6 23
300688 2 26
100323 1 30
1323219 17 14
222441 13 6
506030 3 43
74344 1 32
545842 6 18
25776 10 1
18936 3 8
7230863 44 34
478792 20 5
1365641 7 36
1450227 48 47
784433 21 12
122333 2 42
12679 4 2
743823 9 30
247140 1 75
7340 1 2
213531 20 2
2450933 5 83
711943 30 7
1224499 9 39
14020972 58 47
9188 15 2
20705 1 5
45895 9 4
55101 4 3
674549 30 14
394819 17 12
994608 55 6
14925 5 7
5752400 46 24
52561 1 14
17015 1 7
13562 3 1
343469 3 30
481732 3 31
120256 34 6
508105 3 51
15138 3 1
16894 1 20
6059 1 2
52964 6 5
1202647 5 44
905594 23 44
2076746 40 12
95630 2 14
32207 10 1
198318 11 6
24362 1 6
8010 2 13
102255 8 24
325248 2 44
26203 2 9
561841 24 11
2859611 32 28
16794 2 24
426607 3 35
73737 6 4
255296 7 7
8091038 54 56
692510 11 12
3231908 33 34
2047176 19 21
6412179 23 70
2303 3 2
6311064 67 20
1982889 15 29
582847 3 39
217709 3 22
1236990 15 26
153953 4 18
3405828 10 61
176236 1 39
77340 3 7
55128 6 5
40174 4 12
549033 12 9
1465506 36 9
157084 1 36
8839 4 4
9837 1 8
2926934 31 68
24272 2 23
163425 11 10
143180 7 4
1036152 33 9
907916 17 39
168157 3 10
884297 58 4
6964 1 2
236166 41 3
930791 66 3
2356512 54 8
41413 7 5
2385150 20 39
962287 8 28
62360 7 2
582301 25 37
143256 30 8
391933 7 17
5336222 63 25
327575 23 4
946350 4 75
1675547 42 10
925242 9 22
39390 4 4
63820 29 1
151328 30 1
3275279 18 61
425676 4 28
474041 50 12
58001 6 2
24417 2 5
2671195 49 52
1057575 49 27
488861 14 18
221133 1 50
92566 3 9
2292092 12 48
688121 8 29
134792 18 2
4607151 17 57
75340 1 18
1054737 13 29
1684241 22 15
11201 1 3
78540 6 24
5206110 42 33
7430564 36 48
208248 26 2
420789 4 33
51025 16 1
31068 5 19
63865 4 5
3149 1 1
114950 22 1
63332 5 3
88759 5 8
3003694 65 8
2101750 12 33
169307 1 57
3029187 14 37
606410 3 45
2003696 34 64
367575 22 5
76010 1 72
2237293 23 29
1370067 18 19
42391 5 20
445781 12 61
12020 1 11
179386 24 6
27719 2 10
1572409 63 6
935138 32 9
3675576 60 16
5281327 30 33
190117 5 35
80596 5 4
314690 6 13
37885 1 9
1773012 15 31
145816 3 16
156310 21 7
5073 1 10
14932 1 4
6698267 43 32
70526 16 1
191141 1 45
1205821 13 19
484970 24 12
17847 6 1
290139 29 2
50010 4 4
161804 3 16
2215256 55 7
87968 9 15
129994 1 33
1900859 23 16
306731 8 9
17181 2 8
6482 2 3
35953 8 1
1016357 8 26
25124 1 5
27637 36 1
1075373 21 21
66314 8 12
281914 3 29
74949 2 7
336015 29 3
3399933 29 37
11440 1 3
123460 26 1
203529 9 16
75508 18 1
289585 6 13
106369 4 6
2466420 57 10
71467 13 1
513599 5 84
246109 14 4
2950755 16 32
2023347 22 19
6046563 28 44
988792 11 23
292872 17 3
397795 25 5
138132 5 7
37784 2 10
3238389 16 62
1148497 30 12
87896 2 12
97234 17 9
897772 9 27
406346 8 10
23272 25 1
1505511 67 4
1340426 32 16
3423842 38 40
608659 5 25
381547 3 25
654570 29 11
604581 23 9
500644 3 44
118241 1 21
858319 6 36
2042481 79 12
168393 3 21
1807949 15 21
2416287 32 24
964383 19 56
706271 71 20
1830010 12 34
864540 11 14
545935 51 14
99702 18 1
1048734 64 4
5903595 26 42
836668 15 10
960731 8 34
90955 4 13
288530 19 4
1873624 9 69
316382 2 27
54789 8 2
36417 5 2
336251 3 24
990787 42 6
160055 9 38
257628 5 12
49535 6 2
3954777 20 52
476616 21 5
41985 4 3
232910 1 61
3308818 13 51
341070 23 4
9857 1 3
718456 5 25
444286 5 24
1414387 7 35
912745 14 55
3917 3 4
26804 1 6
323932 9 12
152090 3 19
275778 2 70
212143 10 60
138755 1 41
1603202 33 15
641474 14 39
106578 48 7
731628 5 29
91547 1 27
1069864 5 40
242689 19 8
404426 16 8
216472 18 7
42133 1 13
491634 7 51
365959 6 14
2882662 39 17
176861 10 15
213838 4 12
171735 38 1
686103 21 9
1559398 55 5
37797 1 10
34768 1 11
11266 1 31
102263 1 18
597251 22 5
36143 8 1
56284 1 19
2187663 13 32
33047 2 6
55399 1 10
76109 10 10
236456 5 41
189978 12 5
522620 3 49
319357 5 20
82895 11 2
27298 2 35
49975 5 8
229246 1 47
2941715 33 29
134497 44 4
17030 1 3
233653 9 7
4171 1 8
188756 4 57
309150 8 27
3433 1 3
7952 1 16
222969 4 42
1157018 34 31
418079 8 10
5140268 37 63
2500352 12 36
28799 5 1
5107317 53 64
4305113 27 36
1798447 9 44
73781 1 13
435948 13 11
902294 23 12
68075 16 6
555617 39 4
66454 8 14
19233 12 1
152998 5 9
1811936 65 9
1820698 33 38
2364814 47 55
474846 9 49
6349944 28 53
98691 1 45
620788 2 60
273035 6 29
3161480 17 36
10933816 64 71
398069 2 43
198441 12 41
5314003 46 34
10549 1 3
31623 13 4
2738279 28 29
58895 14 1
386947 16 26
6116298 37 38
197102 39 1
11368297 70 29
56693 3 6
933530 6 63
156607 7 5
2320 1 5
4688 7 2
2121713 16 44
238105 29 2
63299 1 14
1001315 20 10
269826 6 11
162438 39 1
78740 1 15
94452 1 62
313021 7 15
253279 14 4
1080802 16 14
577963 2 58
360609 23 3
670080 11 11
132462 8 38
457294 15 8
894836 6 42
657880 14 9
373529 46 22
31736 10 4
22186 3 8
256399 14 11
27472 1 7
52559 1 10
29694 1 7
113952 2 17
162237 2 22
874904 22 24
26242 3 19
262872 5 10
1145170 10 33
20573 3 3
77380 4 6
321145 7 14
6956460 58 34
3384739 21 29
6299843 58 25
1385029 11 35
136230 55 1
449729 4 44
112691 2 16
94191 1 60
68733 1 14
440792 6 65
6540 5 1
966070 6 47
1188551 8 28
307050 9 15
217765 16 21
69089 3 19
166578 2 22
1109736 51 4
373606 17 25
48500 1 14
892013 64 4
5330 1 1
42471 2 8
520979 33 5
1838763 8 68
381457 13 47
1333295 12 33
495216 14 39
19154 1 45
289494 1 67
256971 75 1
2995039 22 40
11745 1 3
257835 6 9
3836562 34 22
28953 3 3
1242291 14 21
29038 2 13
27603 7 1
112988 1 24
47990 2 5
4272565 41 38
986851 31 40
1253164 6 36
286097 5 19
10523417 30 68
12831888 45 73
2813795 19 39
5614384 29 47
3547 1 1
350410 10 60
17950 1 12
19279 5 1
22244 2 2
704380 8 28
621578 27 4
274558 10 11
49405 19 7
941250 43 47
17122 40 1
337390 22 12
6849995 26 53
6798533 19 72
1325 1 2
2549994 64 13
539620 2 65
29534 17 4
212468 15 4
1455858 74 15
1004470 50 5
1397586 11 42
135003 17 4
596364 34 32
109454 5 13
83878 1 43
436561 4 28
137182 14 14
255777 5 46
473211 5 19
78095 3 6
3720621 24 37
91726 2 9
294725 13 4
98238 2 15
882252 13 16
318763 2 78
4866 2 1
226245 42 1
120224 9 4
723015 38 7
137140 4 7
656450 22 44
4057709 25 41
33729 1 35
445452 4 31
36049 1 11
18634 1 6
49833 1 25
242040 4 17
30138 2 9
2566318 27 27
4627834 30 36
605534 17 7
1530987 4 73
915251 6 28
5689 17 1
62092 8 4
16004 1 6
10373 1 9
34138 4 13
318643 8 8
140844 5 12
240388 4 37
71225 12 9
2696 5 1
51242 1 45
209082 1 60
225805 7 7
4361 2 1
44239 31 2
547875 6 20
84511 3 7
28452 5 3
58851 3 5
77966 3 8
278354 24 20
253128 7 19
45867 2 11
997871 9 26
1520286 7 47
89543 12 2
69024 19 1
3413 5 2
31741 15 3
239155 20 3
26851 1 11
692767 3 42
5333464 33 31
866199 5 34
5172 1 12
38848 2 4
299539 5 13
3575099 23 32
2914245 27 41
200314 5 7
30335 3 4
1899544 24 26
747429 41 54
945802 19 17
4527238 37 32
385896 23 8
8017270 25 57
68743 1 23
2551919 18 50
1159147 12 32
163709 10 46
189761 2 24
423387 15 8
217097 4 19
147553 8 11
7136 2 1
747604 29 9
5221244 59 45
688929 9 26
4187717 32 39
2254682 25 34
36290 1 16
48217 19 1
571274 9 68
558366 8 12
4419916 29 38
7046579 38 40
760735 9 16
14144 1 8
5177196 55 56
3674510 71 64
175420 18 2
1854856 37 12
230649 13 6
61801 1 20
415995 3 44
314352 2 56
17273 7 1
236249 24 18
7766 1 2
93087 22 1
889998 50 4
987561 10 18
664341 7 31
583167 9 13
2323292 9 51
601927 17 9
1181741 5 44
3320738 12 80
554355 16 7
588958 2 59
5481662 46 35
4603746 60 15
979699 17 17
1099844 24 11
64836 72 1
3295401 33 17
11992 1 4
421619 4 33
389782 8 33
160850 3 28
269520 12 7
115569 4 6
158391 9 5
17470 4 1
79605 2 8
166062 5 6
3948063 20 63
6249979 52 25
1055985 6 69
1966380 26 17
2154667 9 53
622598 35 9
11140 5 2
306330 14 27
120012 2 19
2632773 17 57
158421 3 60
906871 11 16
416683 25 11
8768936 31 62
112729 32 9
529127 2 55
345652 5 53
5559 2 1
990679 9 23
13319 1 15
23567 28 1
123645 1 41
744656 6 41
1487038 5 55
34761 4 2
262310 8 7
133244 39 1
268301 5 45
62089 1 60
493135 7 16
166615 10 41
7585853 48 35
227469 6 12
34288 6 8
1233753 62 10
321579 21 24
5017759 26 37
21082 8 1
542849 8 20
90821 2 17
111455 6 20
72934 11 2
1241577 4 69
540263 27 55
696200 6 37
306763 13 6
245613 36 5
4114173 40 20
70419 2 70
270000 12 17
555768 17 36
4202957 68 19
322514 2 38
432074 9 11
562877 7 26
3962385 16 53
162256 3 50
74737 9 2
1997270 38 31
221696 2 36
274704 21 16
561998 31 15
871441 10 24
103897 22 1
1092681 13 25
990 2 1
346025 12 22
1614772 31 44
106093 47 5
11946 6 5
47072 5 9
477783 3 28
143363 1 25
146393 6 16
35226 2 8
367968 14 5
505191 6 31
7391757 35 61
153605 22 14
