76 4006 4199
75 39 100 37 7 93 80 62 38 69 66 108 42 4 19 108 6 31 32 101 36 53 86 41 31 99 22 1 98 43 97 70 53 6 28 12 15 88 35 63 93 16 16 27 108 57 19 22 1 72 74 86 15 51 106 45 15 8 12 89 26 18 102 91 4 14 100 100 16 51 51 99 27 69 87 43
36224 1 22
112456 2 26
324023 18 7
35607 1 16
64802 8 20
157178 9 26
541369 14 25
22684 2 4
665925 5 36
21064 1 6
10743569 41 89
10275 4 4
104253 3 15
26424 28 1
149616 1 45
308623 2 40
6863 2 9
120668 49 1
47195 1 15
1007 1 1
221316 22 16
85315 1 35
3034923 20 48
346030 2 77
470116 26 7
5009 3 5
871960 7 42
80352 3 9
610752 17 15
227866 1 68
374955 12 11
42782 1 14
422672 35 5
214743 3 30
199277 5 16
3029856 35 32
39487 2 19
781696 5 74
4452426 36 46
56037 2 12
1040144 6 51
240692 8 9
767646 14 20
5512 6 4
1529882 26 28
117651 2 51
747714 19 28
434909 4 39
235067 5 60
86123 7 5
140290 4 40
284735 3 29
1021582 4 74
106927 5 32
87705 20 4
17445 4 2
211 1 1
37417 4 3
78320 2 28
33519 6 2
40381 7 2
259400 17 44
3637873 17 59
44293 3 8
163859 4 15
306648 5 30
1325727 13 44
101206 5 37
3886 1 5
115551 1 48
9085135 43 54
15980 12 3
2332944 7 98
696055 10 64
25155 1 44
74980 1 39
277337 36 3
81832 10 30
50380 4 4
22802 3 33
31306 3 3
662043 16 26
19845 6 15
35438 17 6
15907 1 11
1060011 24 19
1931598 32 30
1055357 21 24
742185 5 45
3835735 49 28
123870 1 36
15997 1 51
279682 7 59
6176727 27 68
190416 10 48
1340204 7 68
182253 13 6
395065 19 19
130297 10 18
216050 2 40
88421 24 8
105369 19 3
32814 4 5
6865325 39 48
294948 5 59
9327 7 1
811 1 1
29245 15 1
20834 2 8
255801 8 10
32472 1 13
4658 2 6
264778 1 100
1048970 13 55
54064 1 20
1356213 5 77
646619 13 15
7373786 26 68
358150 13 20
235878 5 94
250997 2 34
62126 35 1
52982 9 13
176860 1 48
127902 1 45
645477 4 40
910738 6 43
1105765 5 67
9794 1 5
39404 2 9
263712 19 5
14384 1 24
32087 10 14
299071 4 20
2162 4 2
239669 12 10
17690 7 1
1676131 41 83
37317 1 15
20643 6 5
218545 2 30
99523 3 20
3602 2 2
1292544 4 96
600170 18 40
756223 2 101
16264 4 4
71292 3 39
67524 2 16
558802 12 20
16876 2 5
6710764 37 56
188470 7 11
13125 1 20
877395 15 31
97425 6 6
36673 1 12
1301182 28 28
2222209 21 30
72383 1 23
3005 1 1
415587 3 87
30370 1 18
445877 26 5
13063 1 37
1827798 26 29
49330 3 17
94940 6 6
9843 9 4
1415902 16 26
107096 3 26
496718 6 33
7267 1 22
112624 22 17
85834 9 43
143906 2 28
682876 36 7
39099 7 7
1286304 25 26
325858 20 5
215953 10 25
46594 4 12
301191 2 36
1049491 15 23
59752 1 16
1408969 6 61
14965803 44 97
1835851 18 27
143231 6 12
1138307 10 66
154089 7 6
17506 4 2
17680 1 6
3391750 38 70
2226 1 1
341712 2 63
10541 1 34
7989 2 6
1086377 29 41
2519394 40 15
80518 2 59
13813 2 2
298616 2 41
958878 14 25
214399 4 25
12846 1 8
2773132 30 44
399323 8 14
396827 34 4
486546 18 46
946419 22 11
34958 1 11
24940 2 14
27775 11 1
57347 1 19
254734 3 38
2355327 9 77
719864 28 36
621254 5 65
222805 2 30
242500 6 10
104674 19 2
188454 10 25
20598 2 31
1202949 12 27
1167214 29 39
336147 5 36
40923 3 5
391066 37 4
207791 2 40
103233 38 8
2248 1 1
42606 1 26
2181826 30 23
118950 1 50
2135079 8 79
112032 2 15
44134 2 7
1425909 9 60
3145 1 1
111948 5 12
98293 2 72
49104 13 1
2405991 36 29
260117 13 7
2454957 38 41
2185580 9 73
698388 5 51
168336 2 35
870575 7 32
51044 1 18
20645 2 20
9413206 58 42
81865 2 20
95308 31 1
41151 1 66
17075 5 1
1050070 11 24
404508 15 14
705 1 1
67220 12 3
217431 6 14
207039 5 15
109262 6 5
620099 9 21
68699 1 34
72004 3 6
272658 1 92
71536 21 5
744016 12 16
3664212 23 65
153631 6 79
257969 4 52
506078 23 15
25171 1 20
3052246 55 67
959796 9 93
432745 7 52
12320 1 5
209921 4 24
918759 4 80
96136 5 24
1103219 17 19
2727 1 1
898488 23 11
665453 24 16
517232 3 57
1653825 22 27
342505 9 17
126578 2 20
45361 3 7
240807 1 70
21095 2 5
1219324 10 41
1654655 6 81
1897880 14 57
112009 46 1
313910 9 15
3333363 19 74
3346275 22 45
304076 27 4
29954 1 29
562190 9 31
284356 8 21
70343 4 9
1505541 50 65
1023808 8 38
42004 2 9
4959110 24 75
238832 3 22
452127 4 104
75879 1 19
1077986 9 33
186104 2 25
199739 12 69
1353158 25 59
799220 15 22
806894 9 29
854956 26 97
434910 19 9
5507 1 20
466481 31 5
2373323 6 98
313370 7 19
1596402 10 42
11537 2 6
608688 4 46
80853 31 1
11545 2 21
5367 1 6
89657 1 23
542143 5 27
45708 7 22
28448 7 1
1935593 12 55
64791 4 15
211037 22 10
258922 4 26
633863 3 56
563816 40 6
99658 9 3
33585 1 11
160029 2 22
156563 3 53
178577 4 16
967109 13 25
92559 2 56
118571 2 23
723640 45 7
72609 4 9
37950 15 3
263762 26 46
315668 3 48
4832 3 6
112623 11 26
51595 2 9
2150760 9 72
47849 6 5
1722857 12 49
978540 3 79
34422 3 7
176344 2 27
17663 1 7
321469 7 12
188683 1 52
141617 5 8
506392 2 68
172136 12 28
35721 2 20
47426 2 15
981319 39 11
58537 4 5
607657 6 28
2397113 22 27
62056 1 20
2559220 25 29
1396836 14 37
3100555 37 32
91751 7 42
660476 4 47
643314 19 83
445403 7 27
110852 29 1
6045229 27 74
187109 3 22
676817 12 24
777846 5 45
164336 3 18
446447 8 30
1176692 30 46
245545 3 25
7734 1 2
481452 20 8
923442 57 6
3475794 18 82
178487 1 56
140154 4 30
155289 4 13
23601 8 2
70712 15 20
66231 10 22
309706 4 35
208504 19 23
3762 1 15
1045257 13 28
588817 8 23
273067 18 6
368252 5 27
16611 2 8
610921 5 37
773360 4 62
264271 16 52
80840 1 26
980832 13 23
3965218 35 40
6315 2 1
893742 43 17
263620 13 9
590662 5 34
128435 1 40
58396 5 4
255656 2 45
152423 2 27
356427 2 79
87974 11 7
24955 2 41
289495 6 15
17963 1 6
1036 1 4
144755 35 6
11208 4 10
351744 4 22
459698 4 46
509982 5 33
92278 3 12
37624 11 1
2470886 10 95
38446 1 10
36328 3 4
67685 1 27
187276 1 47
22723 1 6
30174 1 9
3229140 54 24
8373 3 2
356850 26 7
2891 1 3
1066795 9 34
141114 1 61
6819 2 1
125921 13 20
10472 1 3
495411 10 18
99154 7 5
54412 1 23
1626196 7 72
100317 41 10
2400026 24 50
216671 12 11
356794 4 42
87787 1 29
206505 1 100
569445 19 21
63730 25 6
7095 1 3
119663 8 20
3827 2 1
319682 5 30
2376829 25 33
118986 26 5
301205 10 9
384022 5 23
86613 1 42
183747 1 54
25597 1 41
125199 3 12
902441 33 13
9148930 43 52
96313 4 16
59521 4 65
135483 3 11
85573 29 7
21403 1 67
4199149 28 39
14636 1 5
966298 21 17
69360 1 49
172283 5 10
784675 9 28
381698 13 16
187655 8 8
2104886 11 85
329173 7 33
151919 52 1
403033 15 10
4694778 28 45
854718 9 28
285688 6 19
527178 16 44
85432 7 4
281195 4 24
1999611 13 48
74873 7 11
10342 2 2
81783 2 60
164177 2 26
470016 40 4
597017 12 47
2646139 20 32
168989 4 15
1916603 12 48
15984 14 2
991409 8 31
771398 13 24
9860 1 3
178728 8 18
973644 3 93
96872 3 13
104685 7 5
271173 12 12
227139 11 6
563065 17 33
12134 14 2
4224 2 2
9541 1 3
188909 31 7
54201 2 57
418042 3 82
88679 5 26
43496 1 70
345536 14 61
1571362 9 42
148633 3 22
4513662 20 89
18349 3 2
45225 1 20
32434 2 5
260251 11 10
308321 4 60
270905 12 7
14870 2 9
162475 25 7
47409 1 35
161118 8 7
296461 2 70
457325 2 65
1108474 18 20
14408 25 1
232562 3 23
3793 1 2
62047 3 16
27950 6 2
97220 2 15
2191461 30 20
143824 6 11
55536 2 9
471780 40 18
58173 2 45
5679726 45 32
150002 10 8
515703 3 43
3278771 20 42
81431 1 30
81779 5 17
441855 5 29
25125 20 4
371502 43 4
145439 5 42
429126 5 33
535865 14 11
556509 27 6
474763 4 55
47833 3 6
26040 12 1
666837 20 31
1295262 31 11
100332 1 37
7477 2 11
66367 1 51
104303 19 2
6060602 25 64
116919 5 6
9452 2 3
319004 2 38
1478453 6 70
263783 19 23
178141 2 36
322660 5 25
80204 1 22
14008 7 9
314651 3 54
14492 3 2
3441978 26 33
235781 23 40
525534 36 47
3481751 28 42
296085 12 25
189950 1 46
1953594 14 47
196544 3 22
7752 2 5
228715 8 13
190942 4 17
4276681 19 68
3811 1 7
6413560 29 58
276774 6 14
6977 2 15
35700 1 21
469565 2 73
89697 3 9
327553 2 44
346614 2 87
187914 8 10
2675640 30 46
479509 5 72
63918 11 2
12757 1 4
512365 4 42
24410 2 5
21337 7 1
116192 5 8
45972 6 7
8436192 24 103
635148 7 37
386964 3 38
27417 6 2
50443 23 1
3999739 15 91
3029107 18 53
382558 15 33
107327 2 42
1650 1 1
336965 1 94
463492 13 46
50191 1 82
171727 1 43
195543 4 68
232358 1 71
161868 6 10
675096 6 54
18728126 57 90
1695520 29 20
58826 2 12
48931 23 4
91472 8 10
8549 31 1
108606 10 17
1071992 32 20
52149 2 41
115950 1 47
637265 15 41
121272 13 3
1095597 40 10
3233795 29 33
1258838 6 51
284771 12 11
276909 6 32
296713 9 48
1288962 39 11
4252930 28 65
1314079 8 53
445880 18 7
32001 29 1
707285 10 30
454651 12 35
21810 1 49
271440 3 40
336548 2 59
442231 2 57
86582 1 32
2586192 25 38
1488680 38 26
404352 22 8
2341158 27 70
5374 1 2
781036 7 31
543256 29 8
95404 2 16
724296 11 24
87529 8 21
1680785 22 27
632674 13 13
4718 1 2
191897 2 24
37454 7 2
60669 1 27
3194035 18 81
664120 22 32
211335 4 49
506986 5 27
591250 6 71
36509 4 6
7314 1 2
220176 1 63
26345 16 1
1050925 12 23
41053 3 6
461302 3 48
29142 25 2
94178 3 9
536103 3 61
629144 4 39
2067528 17 29
408862 51 2
90069 1 28
39262 6 4
199356 2 42
4101146 33 35
98782 5 34
7759400 66 44
35984 5 13
211138 4 31
79089 1 21
210443 3 33
65435 3 6
94418 5 6
387736 4 36
4732 1 2
4092 1 2
8057 2 4
812681 5 51
163772 16 3
196220 4 23
269769 15 6
21767 1 10
5359721 50 29
695027 19 10
20648 2 8
63157 3 8
135727 7 7
140405 1 63
324642 5 30
209849 13 41
1706027 9 48
26945 1 12
185427 3 45
3289 2 2
178278 1 64
96703 13 3
264855 5 39
1200676 5 83
1659727 8 79
57726 17 2
870426 5 60
145760 9 7
6167730 41 52
46336 8 26
2975349 27 32
43990 8 5
281349 9 8
971374 9 41
155853 3 22
4694579 57 20
1446991 16 46
100729 4 36
564258 32 78
1316231 35 25
288983 3 29
107029 7 17
280044 1 67
32820 2 12
1635793 11 39
70341 21 4
625113 10 25
3812608 17 66
6106 1 2
120279 6 7
2318 6 1
97472 1 30
429879 2 88
14375 4 1
115179 8 23
58727 6 6
433321 6 19
288804 19 16
1068706 18 28
54844 1 16
210872 16 7
871471 12 25
359152 3 46
361649 7 19
132365 8 15
565639 7 36
918108 5 51
8597 3 6
126049 1 33
455285 12 11
61758 1 58
51457 2 18
2326 3 1
386086 4 39
281376 6 26
71638 12 17
1420534 13 49
406645 37 46
84448 3 7
1709591 21 26
1101498 10 52
80903 2 52
273030 5 26
419108 21 14
87329 10 3
137430 1 48
397090 2 49
27563 2 7
3659706 23 50
54075 7 3
6231 2 6
181880 11 7
158971 8 9
108439 1 31
44120 2 9
79318 6 13
397141 4 80
140670 2 25
29538 2 7
98614 2 58
862220 7 49
787963 5 57
26235 1 9
1139633 11 34
143562 2 22
276552 2 40
229952 3 21
195514 2 65
40839 12 4
249309 11 6
1101593 16 31
1303105 35 13
2845 8 1
3001888 39 64
78431 9 9
8512 1 5
449987 6 78
284534 9 13
583032 6 54
349502 13 23
292312 11 11
335967 7 77
49063 3 41
164984 1 48
1976416 11 43
31721 10 1
49192 4 4
77674 2 15
5240 2 2
9572 1 4
654032 7 25
145851 5 43
6157 4 6
3320031 37 39
65815 1 57
1338483 9 56
101663 1 43
3573388 21 58
250821 1 73
1293071 16 32
2050525 31 36
315235 7 16
7368 6 1
118842 7 6
2781 1 1
114153 1 36
62100 6 24
771334 3 68
171324 3 18
568538 7 24
505090 8 16
1285341 23 21
2547311 13 48
191283 2 36
822160 6 53
38640 1 15
195113 22 11
54210 1 13
1091563 15 60
3403 1 1
81025 1 24
37654 1 13
196819 13 10
855949 23 16
637875 4 52
226955 3 45
57588 21 1
266332 21 4
2238126 11 71
2769225 19 67
46674 3 7
5049120 24 57
195344 2 27
8372 2 1
6291 3 8
115851 4 58
47364 59 1
621897 6 41
399289 13 12
102972 8 5
575731 8 27
224314 8 29
2989161 35 31
3814198 21 52
75501 1 26
7852 1 3
2249823 11 95
779562 5 73
8441080 45 55
2035338 7 82
14993 1 12
813574 11 37
129478 2 18
640683 14 36
794642 6 57
730140 6 74
94768 2 41
672752 19 12
1712658 10 46
505264 22 25
2104605 10 52
162787 2 22
3188688 50 18
38927 12 1
19411 1 51
9569 2 6
143941 13 3
108079 1 60
1472 1 7
22896 17 3
14679 5 1
154942 24 6
758313 15 60
105835 2 18
69851 5 26
221293 2 47
46469 1 20
171104 13 11
1423774 16 31
204959 22 43
23427 4 18
2000353 18 42
153780 21 5
595861 12 20
1747303 20 47
62460 2 54
158041 26 6
1392574 12 33
363640 20 7
5160 3 2
416762 26 72
45137 8 9
211658 20 15
73067 3 8
46784 8 4
3716938 43 38
8678729 42 66
14198 3 12
672554 21 27
485096 3 53
2315051 14 53
25070 1 10
33863 1 13
155825 28 16
434003 3 44
78286 1 45
1084199 10 26
216150 2 49
8129 2 1
228647 3 28
43465 1 11
701046 23 8
149301 5 9
4883 21 1
280967 7 19
817421 4 55
202753 2 50
4581 1 4
30337 3 6
59723 3 59
14176 2 18
281667 12 9
231225 16 21
4020 2 3
171126 5 11
46675 5 3
73161 3 49
810073 4 72
59862 5 3
8560 1 33
23859 1 10
106322 1 29
46388 21 3
1057093 19 20
226655 8 10
118205 3 18
602258 12 18
9569 6 5
14458 6 1
521136 14 15
848208 5 53
764198 6 61
816578 26 36
217597 5 22
195997 7 7
23034 2 5
200996 17 48
1334498 64 7
142043 2 26
606 2 1
866393 10 32
1180214 4 80
158638 3 63
417245 9 13
27108 11 1
34208 14 1
218615 7 20
333778 6 81
85777 5 6
4070 2 3
51183 4 9
2664299 18 42
2176618 20 69
8415 1 4
96119 9 4
261543 6 13
853785 11 29
14709 14 2
633206 19 38
215857 1 53
100876 21 14
45515 1 30
47460 1 12
13697 10 3
777386 6 39
23037 1 6
174607 7 8
513131 70 26
48002 19 5
507226 4 48
239034 11 14
112778 3 14
14252 1 4
73025 3 19
39914 1 65
35913 1 10
4264705 24 56
367239 4 56
1541620 13 44
4760 2 1
103804 16 11
645602 4 46
152898 5 29
31760 6 23
7542342 36 60
368913 6 16
258158 12 18
148827 10 6
77407 6 10
81017 4 5
46365 1 63
198930 3 33
182786 2 23
1009014 21 17
34582 29 1
7668032 37 51
919747 3 94
68624 1 21
44135 9 5
93305 3 12
246883 4 26
563574 3 48
15234 2 3
404809 13 37
159939 14 5
17351 2 11
167511 1 51
14434 20 1
305296 7 37
40327 1 79
523126 9 15
79545 2 35
243119 11 10
637997 3 61
4083 1 1
1370295 69 5
146213 3 13
376421 4 44
625638 6 36
774710 16 61
181724 8 6
1039639 12 30
38718 18 3
457029 4 29
573291 13 17
12013 1 6
1149082 11 28
282826 7 15
876749 9 45
27079 12 1
78334 1 21
17862 12 3
1440081 10 42
67138 13 2
5291033 25 83
5022036 37 33
35773 1 61
21661 1 54
20323 1 18
143725 27 2
161134 8 7
142591 32 8
500240 2 75
395011 11 16
205628 43 2
126308 5 15
95476 20 11
552401 2 71
22602 2 7
7479 1 15
630218 16 38
2613505 9 92
23597 2 10
26031 1 40
62165 1 26
264946 8 9
107734 19 17
4057377 25 47
234955 7 13
210715 11 12
2258692 18 38
1317495 14 36
17339 2 11
676067 20 13
205833 12 6
220255 6 14
253266 3 36
952361 24 14
2095 1 2
70640 3 8
137633 12 20
1910158 23 32
26935 3 22
439055 5 23
19677 1 11
456470 26 11
1559227 18 28
889372 4 78
180896 1 71
16591 1 16
1560573 5 94
31245 1 26
2280825 7 79
113181 1 56
1068691 10 31
37195 4 5
16756 4 1
538412 2 67
43913 3 5
617173 31 22
21102 2 17
288681 3 30
6047840 40 41
1370594 13 27
607999 37 7
1487834 12 51
178953 5 56
57196 29 6
331444 23 14
8342 3 9
12081 1 4
621055 5 48
300966 5 24
1472335 9 55
905 4 1
7796 4 2
22360 17 3
438845 5 33
286012 8 43
73280 13 11
9883 1 4
115903 2 43
34871 12 1
31544 1 13
86380 20 3
3397349 34 36
374557 2 62
1353493 24 21
7255 1 6
330838 17 6
612282 5 36
87070 9 4
594656 37 6
308509 12 66
799670 21 17
266004 21 60
13843 8 6
574318 31 5
1201663 13 28
24823 1 26
847569 8 44
2705395 27 96
157407 16 7
530207 10 13
17685 1 7
1660544 17 51
340334 4 35
266642 4 30
61897 12 2
1336338 6 56
175446 4 15
227963 4 18
194686 2 30
417896 6 24
1261408 27 16
234878 11 23
34771 1 10
72649 1 22
610922 5 30
14018 1 5
18814 1 17
4813741 36 44
37312 6 13
178965 37 2
4115341 32 56
5901 2 1
14440 1 4
1143875 13 91
4235794 60 27
60974 1 27
172207 27 12
482581 5 43
78669 3 9
5382 2 3
5391238 65 63
2978467 19 54
625113 8 29
147405 4 13
2536872 43 25
86214 1 28
3077527 25 49
20846 2 5
124466 2 17
2755 1 1
7253312 25 75
83886 1 36
1082862 6 105
906226 6 88
383362 6 19
415638 10 26
55426 1 14
5952611 47 48
320081 3 35
2623905 11 78
416315 4 60
31242 1 65
447328 2 77
134281 6 39
141743 4 79
46392 5 3
258386 1 84
3085090 22 45
9136 1 4
2781472 22 48
267822 8 13
1039294 8 42
668259 34 6
439199 2 73
189605 8 27
24687 6 2
357794 8 17
1523487 32 27
231541 4 20
9275 6 1
255105 15 8
672145 27 35
1439079 30 43
519855 40 8
40680 3 4
21936 1 27
158189 2 51
1543671 15 31
979532 7 53
161516 8 10
20021 1 8
1160790 10 92
62496 3 8
1763616 30 21
51832 2 32
1095027 12 43
361367 5 22
435198 5 87
380276 13 12
64388 1 26
1436078 22 40
104080 8 6
302958 2 49
239487 3 25
28438 10 1
213234 4 58
37485 1 31
2948264 45 18
33478 3 4
2760 1 11
270728 13 9
14704 3 3
84367 2 94
6709722 33 61
88383 6 6
35580 1 10
165887 2 35
283366 7 11
51742 37 2
110892 3 19
768608 22 11
5627539 23 80
134800 1 38
268089 5 15
1464970 13 59
187024 25 5
6687818 29 74
819796 3 85
1097937 7 73
1119756 7 72
3094661 13 64
256708 4 23
41094 3 17
359258 11 11
4245949 31 47
775860 6 51
14439 1 59
17625 1 6
739223 23 16
2520253 25 32
306686 6 61
2115151 51 63
45334 6 3
21179 4 3
36786 6 4
97396 35 3
4429 4 3
4081499 13 92
314645 9 20
467404 7 39
10507 1 17
58112 2 7
3964213 24 60
344546 9 38
1766266 56 13
38841 2 7
552903 21 11
24772 17 2
225189 42 13
125116 2 18
17378 3 2
48671 1 20
892970 20 19
3600719 48 19
14134 3 10
414139 10 19
877802 18 29
43799 5 5
31953 6 2
733405 30 10
95148 5 83
14633 1 6
3647659 24 37
98881 20 17
523248 4 33
17064 3 13
1597323 34 17
351895 7 16
115179 17 4
2876483 12 68
1160291 15 32
262597 12 10
86748 1 83
145437 1 38
2052152 8 79
28829 5 14
421741 3 66
301709 5 48
151486 9 7
21703 6 14
3042808 27 28
155079 1 92
123300 17 7
2028235 46 12
810352 25 74
216049 6 17
657453 9 31
793737 5 56
47470 1 13
1676015 6 84
453924 5 22
654 3 1
414554 4 39
16894 1 6
104823 5 6
5981481 35 49
445015 7 30
62912 6 29
177613 16 6
121454 4 13
262879 6 16
15920 1 4
2030652 34 67
80363 6 5
8158 5 2
52351 2 8
26717 1 12
40054 4 3
75267 1 37
48714 5 34
20503 1 8
81757 7 3
1108555 7 67
1326877 24 22
28287 1 11
4216486 23 51
429154 5 36
66666 1 24
28811 4 2
5250941 54 54
294569 6 16
3977 2 3
92028 20 2
798601 7 97
353179 3 45
2622565 10 91
297258 2 58
1025327 7 43
116164 14 12
74889 1 27
88707 3 21
233415 4 26
1032382 24 16
1288067 44 8
16742 2 5
189894 5 16
41690 1 32
117131 1 66
2570557 12 56
21673 1 7
21490 10 8
191235 1 46
3421605 19 43
6231380 45 38
489989 6 39
48224 1 15
105445 4 9
213085 20 3
2690857 26 33
2192144 13 76
13602 2 2
745490 28 11
206423 6 13
61793 3 9
18409 1 9
2476604 11 57
386940 12 14
104410 1 71
228532 13 8
310003 7 30
13288 4 14
112934 10 5
828147 3 106
8742959 33 78
525214 10 15
22522 2 52
72714 7 7
99834 1 24
43410 3 6
3730 2 6
58739 1 29
3470823 17 57
63238 1 18
26564 5 8
256275 6 15
44618 7 4
80789 1 27
3073558 15 70
203696 5 15
3715750 33 51
64613 5 33
412620 30 8
8768 1 11
143052 3 44
30401 1 17
41068 1 13
2175157 19 36
118440 4 40
85912 2 38
1480525 26 26
2519521 11 67
199807 5 14
8113 1 17
85926 5 38
72379 3 36
473884 3 74
837755 8 30
14079 1 5
725704 6 45
12137 14 3
8674 3 1
2759 1 1
541525 18 8
557944 5 41
30912 2 10
83763 2 47
18046 10 4
20298 3 3
29853 1 26
49871 10 17
2094384 12 70
296520 6 19
2399219 35 28
68333 5 19
588610 39 7
163793 1 41
34457 28 1
402415 13 55
209050 6 59
436 1 1
4986 1 10
32423 6 2
370665 26 57
114344 3 63
227556 4 16
616438 3 68
393679 2 66
1536775 8 64
1613740 45 17
252249 8 12
822506 20 44
1657468 22 27
35563 1 66
283063 23 5
2377900 11 87
64308 3 65
367035 4 32
66376 6 8
636079 17 17
158824 10 6
4535590 42 48
69435 11 2
5138 1 2
2787065 52 16
2886642 30 36
228056 4 15
13677 1 36
94693 5 21
12559 2 2
8521 1 4
18495 9 2
44807 20 1
3492401 25 59
56188 2 51
91388 1 26
199127 15 15
1019975 10 37
27893 8 2
623303 6 39
324168 3 35
49121 1 17
1347335 43 15
27428 4 4
483657 25 6
1497413 24 31
12718 4 2
499913 6 23
68919 35 7
59727 2 22
195555 2 33
51593 1 38
64355 3 20
2645096 14 50
144543 9 60
315257 2 71
141242 1 62
121167 17 3
140530 10 8
3376 1 2
1215827 51 18
21554 1 11
1263864 9 54
73971 3 34
13189 5 12
11502 1 28
44624 3 27
331573 5 20
1803751 6 78
176038 2 28
15449 2 21
2843268 26 37
17367 2 5
1011596 16 26
223760 39 2
97779 13 2
137440 12 3
160472 6 7
1588123 31 13
2285 2 2
404080 16 21
227488 7 9
306636 9 11
41403 1 16
3054191 23 72
52351 4 5
13920 1 5
23815 2 45
1396279 16 21
207064 2 26
202379 6 16
318685 2 40
23919 1 10
63042 1 19
2379586 17 64
1373393 9 56
265828 4 27
198449 14 7
113428 6 9
673270 9 54
314582 6 19
23793 1 6
9790 3 2
272815 18 7
614618 4 44
3152724 23 41
19040 3 2
23738 9 1
138613 43 3
261822 2 41
367245 10 17
3201238 25 91
7075 1 2
122007 2 48
787725 7 31
377510 4 64
18886 2 20
102446 39 1
136245 6 27
64578 5 21
110933 2 28
6582014 34 83
28569 4 3
717627 17 18
174331 4 12
418552 30 25
104090 2 13
24213 1 9
242393 2 49
610688 12 16
34885 14 1
444773 11 60
2915352 12 92
73257 5 14
580278 25 8
657949 7 28
456961 10 33
33264 1 50
106765 1 66
299520 25 7
40837 1 18
76666 9 4
286936 21 16
85549 7 4
182160 10 9
233882 1 74
826924 12 25
125659 2 29
39191 13 2
11774 6 3
7843 33 1
24372 39 1
24815 1 8
88249 6 50
3955 2 4
788030 26 14
598838 3 61
704706 3 60
5540 1 14
520891 2 71
13823 7 1
45808 1 27
573573 4 36
25039 9 1
8882 2 13
152153 1 64
1217541 5 62
478774 3 50
1178904 5 77
16502 1 12
98979 7 5
2618197 13 57
261168 5 14
2409 1 3
573182 2 93
791863 7 47
1800885 13 42
221325 4 44
31638 1 9
99150 9 9
2745462 9 73
908789 14 16
2735 1 10
1135327 18 58
38482 4 11
79855 3 11
421434 9 33
22704 28 2
2155 1 5
40086 3 30
596114 8 19
123786 2 28
705372 17 12
23782 6 1
97755 5 6
839075 48 5
31960 1 16
2336256 10 81
14886 3 11
41827 2 26
159060 1 46
346356 7 16
175438 15 3
639886 40 5
16683 2 2
496107 10 20
713926 7 27
1337787 12 30
332598 8 19
138929 4 10
5446 1 2
27880 5 4
1640300 44 28
111743 7 26
134223 4 12
311694 5 51
745474 14 16
161385 17 23
53103 4 11
54476 2 33
221404 7 10
56330 1 84
156449 5 14
728 2 1
16484 1 9
1060146 4 66
168328 2 37
946030 44 38
156698 14 35
852290 18 16
289155 2 55
172718 14 5
4984850 35 47
3784662 43 27
20635 13 1
45146 7 28
244788 6 25
8680 2 2
17925 10 2
1007869 14 18
5806330 25 59
199760 12 23
143087 4 30
109297 7 15
146626 1 43
1051390 30 9
56471 21 2
623988 23 56
1293236 32 12
46929 2 12
629238 7 58
258089 1 69
1189711 6 55
3279867 35 31
412532 4 49
1180214 17 36
793225 3 78
21597 1 10
110989 1 50
2809627 39 24
441314 3 70
11812 1 3
28512 3 4
3496 1 1
739796 9 95
176701 7 15
31299 4 7
103893 11 42
150884 2 20
6657 1 3
10809037 31 87
37663 5 6
30101 1 18
145522 13 44
1176398 52 68
111184 11 4
170853 2 40
16759 8 2
53184 1 19
707260 7 32
2943368 20 52
387379 12 10
679187 11 64
337579 50 12
55196 6 39
76654 4 7
368971 11 8
24738 1 8
313005 1 93
2047589 22 65
782900 7 36
73925 4 7
388152 5 80
892876 10 22
110136 3 12
1036059 35 13
12578 1 16
9777 3 8
3580 1 2
8137 4 1
23130 9 8
391618 10 69
396835 2 88
184300 28 5
2223874 24 27
152862 30 18
438877 4 38
298573 24 31
3560030 35 33
199442 7 20
65362 2 20
733343 16 17
826184 17 16
240331 2 53
312649 9 10
6852 2 1
372627 20 24
749420 20 12
992432 10 59
2460478 29 34
1255985 27 65
381520 5 20
2353138 20 32
23077 16 1
632472 19 21
147605 12 3
6684 15 2
3293601 34 37
3459099 35 28
11899 1 8
4470 2 1
320440 5 25
79011 1 24
663659 16 17
2091420 15 64
24883 15 1
13457 1 6
105789 4 26
1566166 40 51
185488 7 14
100365 5 7
159185 9 12
32076 1 10
1224031 14 32
17247 5 5
635407 11 27
93003 10 4
90107 1 25
418253 14 16
75969 3 49
13893 4 2
23941 1 6
290430 11 7
78650 5 7
370845 12 45
350329 5 22
350195 5 33
1884500 20 31
1698492 42 16
6506 3 5
2155 2 5
30716 17 1
1397986 18 36
109648 1 30
918973 11 25
372543 4 33
54196 2 9
58277 3 24
463524 23 33
9319063 63 38
6356282 35 60
341669 2 52
39955 2 5
409620 8 24
282736 6 17
368934 19 9
99320 1 26
20322 1 53
61987 33 2
1185839 6 76
161098 2 25
2550052 28 47
808982 17 19
71029 37 3
115272 3 16
275941 45 4
458842 19 7
216192 5 40
153756 1 57
39340 1 52
1256748 25 20
78418 1 98
1956985 10 55
109755 4 12
155389 2 40
30775 1 13
45326 3 8
60852 1 25
460487 5 30
178333 2 31
1331450 13 46
54689 1 41
196704 4 101
35449 1 49
461 2 1
458331 26 56
257474 1 75
1210944 27 14
46701 9 7
1099932 5 65
6317 1 3
331460 3 64
250072 6 15
24101 1 33
20583 1 51
1197658 9 41
641802 10 25
115496 42 1
3689800 54 45
23852 1 23
11576 7 4
20331 3 3
75868 3 11
163225 3 17
205320 4 15
527700 27 15
888509 6 44
488515 11 68
36926 3 57
15778 1 4
33064 1 14
1085685 23 20
96084 35 10
937428 30 35
9516 3 6
17261 5 5
169503 9 7
130108 25 2
1871752 14 102
130708 4 18
247981 1 69
2812802 15 64
190203 29 2
1423340 36 73
283397 21 5
9684 1 4
390660 3 41
25001 1 47
264055 2 35
1097190 29 12
55012 8 2
211422 2 32
250650 6 14
32871 14 1
2081383 12 55
4172624 19 75
993200 26 95
74356 2 22
692399 8 33
234785 10 9
118455 1 43
237455 2 31
221401 3 33
19168 1 18
9458 1 4
346880 7 20
104751 8 29
89071 3 31
677387 16 34
366305 20 6
983675 10 77
302036 2 81
172509 2 32
292419 6 15
9269 3 1
2030883 16 54
7277 1 3
184988 16 4
20076 1 24
3522117 27 37
521160 4 68
340364 5 25
66174 1 77
32640 1 8
11987 4 7
59173 2 25
65863 1 40
1833370 9 61
165637 2 20
193073 2 34
2128126 15 47
261509 12 92
2206150 42 45
373873 2 46
38434 2 60
47432 7 3
267855 20 4
694709 7 39
751784 6 38
151015 4 88
422872 3 58
45740 2 25
539042 4 47
642125 16 18
70405 5 12
2460607 35 28
3205070 42 41
13436 1 9
3750595 45 21
602909 17 46
383145 12 14
707101 23 18
31145 7 2
1805180 12 47
1148238 29 14
61150 4 63
2494 1 9
325528 27 4
439927 19 17
1172968 9 59
427906 27 67
318206 14 29
2869815 45 92
85522 1 22
2326553 21 31
866279 45 14
238980 1 69
68300 1 19
270372 6 15
15002 4 14
318299 14 6
337533 5 28
546276 6 58
466331 4 51
389297 5 32
433703 6 41
1014 1 2
97999 4 10
71464 5 51
11416 2 2
1948739 8 61
460853 7 23
114035 6 41
712393 7 37
8442345 37 57
110747 2 25
129936 41 1
3154 1 5
119856 1 39
97526 5 30
68696 10 17
39868 4 3
1556122 17 53
952865 9 30
28518 1 11
3208 15 1
2232676 19 29
81216 2 18
479801 5 24
465472 6 53
2945303 52 15
17876 1 5
12605 2 5
340777 3 40
3090001 17 74
88636 12 4
155518 1 67
142986 1 53
48394 7 2
83693 14 3
129667 12 28
224841 1 70
264636 2 44
9242 1 5
148544 3 18
1290263 8 51
9900 1 4
201739 3 31
128816 7 5
135942 1 64
308966 10 22
1094705 16 26
137188 7 6
215846 2 26
5477 2 1
61687 3 6
61809 6 3
706848 8 23
1261407 20 22
1355449 11 39
7748 1 2
70151 5 21
332971 11 42
133637 1 78
3381592 32 35
39145 2 12
3686200 40 31
240964 3 44
1362 2 3
257179 3 65
161329 4 41
703203 20 9
228449 3 39
4392 1 2
9053 6 4
427103 17 43
161084 1 40
27517 1 11
724687 22 13
128760 3 15
389203 19 43
578866 8 30
435398 10 21
426905 8 22
20558 1 7
1099880 44 25
104104 2 32
149123 4 32
34885 1 19
103230 20 21
123349 6 18
21679 1 8
568879 8 30
237069 21 5
687691 10 32
41554 5 3
415937 26 4
614692 14 14
393952 3 33
77537 4 16
1527278 17 37
940604 21 18
1027409 19 49
176581 3 22
1010543 5 62
484039 17 22
317719 8 15
421594 3 48
151903 19 2
1080305 13 35
20834 15 2
5723399 23 103
20737 5 5
13882 1 4
39406 1 11
15835 1 4
1927713 13 49
35608 17 1
376694 4 38
170348 12 4
151432 25 5
740403 9 38
36796 1 28
1370364 7 71
46358 1 21
64820 1 29
231374 1 57
953407 6 54
439753 10 17
278447 16 7
388883 3 36
17541 1 7
24504 7 2
26706 2 15
217939 5 12
3535966 28 47
152518 2 25
2524864 14 57
14530 1 4
28364 7 2
301807 4 34
2343945 12 53
2436544 14 69
2974784 11 100
328590 10 10
1779209 12 56
58304 1 21
1658811 45 11
29702 11 9
73070 9 2
2367 4 1
99810 12 12
3113928 26 32
140851 1 47
257726 8 9
105739 2 13
2118127 10 59
2754271 14 63
327600 10 8
373215 9 19
32773 1 15
3041556 19 58
21021 3 8
24596 2 5
3679901 22 53
46235 1 22
95961 4 17
72280 2 12
188127 13 5
682761 39 41
112892 1 27
806552 24 26
19313 1 8
1922 2 2
295511 4 29
188679 9 51
33335 3 35
69077 5 5
64034 30 2
94023 1 44
395049 2 59
67952 1 25
73283 1 23
96437 1 25
83625 7 3
4527768 20 69
34828 18 1
52353 3 57
32037 1 13
77564 5 9
1413646 13 41
40905 3 5
105659 1 49
511998 8 28
1434462 6 76
11970 1 6
3339846 38 28
194536 7 64
6550 5 1
146533 1 52
57110 20 1
48390 18 7
621387 11 17
11753 5 1
94952 2 17
351445 6 28
161181 1 64
2716203 15 76
1817458 31 22
24650 1 17
994533 11 45
36312 3 13
1247454 13 45
87780 4 32
3836 7 1
16535667 54 75
1262177 9 39
10250 8 6
1899 7 1
134954 3 15
1885990 20 33
162538 22 18
240777 24 3
1222125 17 55
20588 4 5
3946838 22 64
336096 2 42
84532 11 16
92196 1 41
1270020 39 10
165830 12 20
353439 10 19
172696 1 68
97766 12 6
50013 1 12
52613 2 11
674250 4 71
5066479 34 47
73945 3 8
15572 2 4
3335486 40 31
55759 3 27
150128 2 27
442954 14 8
1141174 5 59
143720 1 68
339761 2 97
16252 2 3
13457 29 1
730504 5 51
9081275 51 47
71903 2 81
250408 13 13
826566 3 97
1717012 17 52
69466 1 27
120789 26 2
338971 3 71
23133 1 10
234274 1 57
141110 34 14
5005840 13 97
1109880 8 38
1043637 5 71
520593 8 25
787511 10 23
165171 1 40
325739 6 47
629467 3 50
2165104 15 40
1793983 13 57
82921 3 9
176764 17 3
4458188 31 53
65826 2 83
265742 10 7
160211 2 28
3473543 16 68
4489623 42 47
1091 2 1
216437 2 39
42242 6 12
1715089 12 55
611495 10 44
117526 7 6
2731458 20 48
260591 11 34
143236 8 25
15392 21 2
26672 7 6
170002 3 39
84654 6 6
174241 23 10
4414980 13 98
118505 4 16
11661 10 2
603202 14 20
346656 3 30
320114 6 54
610447 26 37
81913 3 41
320705 3 42
336831 35 4
283824 8 11
603336 15 32
29861 4 2
376153 2 49
184176 2 33
67961 2 11
1057531 26 54
115817 16 4
55497 10 2
594669 10 26
85801 1 24
647076 21 40
848027 7 42
74186 2 9
20308 3 31
43858 4 16
132364 6 26
869571 28 8
25265 1 15
98308 2 18
94865 1 77
360225 13 13
107010 1 49
244505 21 6
15048 1 7
58809 2 30
69458 5 22
4745 1 2
24250 1 7
277340 2 40
3764691 24 43
88135 2 24
401769 22 11
917842 12 22
35112 2 11
5844 1 10
234089 6 11
11634 5 10
609000 19 15
137105 4 12
67367 1 24
417296 11 10
18510 1 59
32329 5 7
37719 2 9
56076 3 5
607793 4 54
86897 10 3
261937 13 17
66733 1 21
460476 7 20
52223 1 15
133272 18 2
237195 5 16
949434 10 27
66921 7 3
54955 1 73
94499 4 18
122077 21 2
1984557 17 28
229596 4 39
134883 1 55
1025623 11 36
217202 6 39
443519 2 70
5830850 29 64
395024 17 10
935987 5 45
3196365 47 18
201647 1 76
105366 4 77
253521 3 35
1335732 14 66
52239 3 74
38720 10 3
333199 37 3
31316 2 9
5971 1 28
86772 4 7
49706 1 85
94116 4 16
568768 10 15
75929 1 21
46777 1 22
10938 5 3
90274 22 2
2097175 14 41
1531490 10 48
3031684 32 27
159562 5 12
768169 7 31
136941 42 2
42001 1 14
525575 5 42
477694 4 37
1029643 35 18
2134 1 2
547059 3 45
1075711 23 18
37781 2 29
1099947 15 26
62464 1 17
5702 1 2
562925 35 4
14748 1 6
18365 2 4
269737 23 10
7158 1 8
1591029 35 19
322908 10 33
142352 8 26
209433 8 31
67887 1 22
987434 10 33
694178 3 80
26810 2 14
1091941 15 34
66617 4 5
1345706 18 44
33181 15 3
13123 1 16
5371266 34 48
248732 25 4
88060 9 3
25147 9 5
103035 27 18
1641532 22 29
158309 9 5
475245 6 37
1157943 33 39
15814 1 7
292273 1 85
207278 4 22
637643 13 40
8275 1 26
545073 4 71
1674246 8 84
4010918 24 62
341312 8 62
2776815 16 49
64020 6 3
521406 18 17
25045 1 15
11897 1 4
1171 1 4
458898 4 68
1912 1 1
28845 1 34
304452 2 70
1741105 12 61
26449 1 9
4280 1 7
69162 4 8
128160 24 10
138373 1 34
262654 14 19
1199366 8 38
3669450 33 36
944704 10 25
149265 14 13
1587336 18 51
1163201 14 20
294051 32 10
52988 2 12
108498 1 31
187666 14 4
1330633 24 30
388126 11 42
245404 7 11
10820 7 7
22417 1 9
347792 2 68
819992 5 43
223905 6 16
110544 1 40
100494 21 2
1072065 6 66
156895 4 17
352211 28 11
777969 26 80
3385361 18 66
164693 2 23
1465397 7 94
24068 1 7
572353 29 7
1197520 13 37
66729 1 22
8724 3 1
110651 1 31
308757 13 23
286603 9 13
150802 10 55
5720 2 5
414869 31 4
20526 1 8
106753 20 8
236350 2 41
47302 1 18
1911892 31 17
297592 9 51
1252306 13 34
151835 3 44
204898 1 86
412605 11 13
207633 4 20
564229 15 48
5085848 32 68
1413649 24 23
35114 1 30
6668 6 5
1014887 5 66
830483 16 31
2048032 13 38
1774612 14 58
882063 36 6
66826 1 20
1390138 6 72
516129 18 7
203971 1 50
9704 3 2
632603 4 42
1655559 16 29
4070770 18 97
103800 1 26
35652 1 39
206396 7 11
6409 1 3
167552 33 5
5780368 30 53
84405 1 43
15823 2 2
437040 15 10
237843 4 21
21705 3 3
79173 2 66
105915 11 14
124452 2 21
29137 32 1
558600 3 67
2979723 32 43
5448700 32 48
101933 4 47
79992 10 3
672093 3 62
230336 2 46
66265 2 15
472673 27 5
17816 1 10
10324 2 4
21030 9 1
52885 4 5
800683 14 19
170658 2 24
18416 1 7
1334964 17 26
1880536 38 86
69763 3 65
1133597 25 67
133301 11 3
152617 17 10
41472 1 17
110808 22 2
86401 10 3
193565 28 2
55690 13 9
8645 2 2
17371 2 4
6007917 25 60
859101 8 26
67717 3 15
10002 4 1
1722 1 6
31732 10 4
17208437 52 108
1631370 39 18
139277 6 38
686855 18 43
120526 21 20
37250 1 34
176892 25 2
210769 12 7
1648423 6 68
5039 2 1
210100 2 51
85769 2 41
137620 9 13
157585 11 9
22555 7 4
159465 4 71
99723 1 39
1507088 14 87
62804 15 15
35414 1 9
579839 9 48
50097 4 6
37290 4 37
346439 22 37
258919 3 26
1233971 13 39
1131317 24 12
205816 3 20
2723 3 2
12042 2 2
351499 5 46
258103 6 26
1842364 9 57
42265 8 2
10291 3 1
134400 12 39
6111 2 1
779656 28 11
197646 2 26
742792 20 13
198683 14 10
346033 6 36
139985 1 37
157816 13 3
21237 2 9
153413 13 8
698437 45 7
4310857 33 58
55370 1 15
345025 32 42
1232 1 1
1918 1 6
113070 1 30
1585546 28 41
27403 1 10
277579 3 30
557931 8 25
5411752 34 58
115716 13 3
497460 12 24
702485 4 50
225398 20 11
22971 1 25
3125233 16 52
4238294 20 86
146712 2 18
718242 12 18
2809303 41 17
3168056 17 58
348092 8 28
29361 4 3
524001 24 7
38712 2 26
195698 4 33
417112 52 3
18197 4 2
19459 2 4
625894 11 25
1501096 25 45
12472 3 18
264292 2 54
147587 2 31
817776 7 34
198754 14 5
370824 13 70
295126 4 31
73449 8 4
397461 15 7
494065 21 9
529143 23 9
550606 2 78
1395279 22 62
242761 6 14
274911 1 92
3166404 20 46
1686859 18 39
49093 3 15
7914777 40 53
13304 10 1
1804941 13 45
33481 2 4
532029 3 66
103102 4 12
52507 2 11
135558 11 5
104624 2 16
727453 6 29
21378 1 11
154741 17 6
3842675 32 29
1036296 8 35
87566 9 8
228211 16 6
154069 2 36
2362238 17 37
3167 1 9
125871 7 51
38973 9 15
8126 1 24
111095 7 7
193238 2 34
479026 7 22
588389 5 31
334246 4 21
1697090 9 66
1227159 15 25
1537566 13 37
34343 3 4
130759 3 19
9616 1 18
314366 4 21
414164 12 20
172367 10 28
44231 3 6
2178 1 1
703120 2 89
32624 1 18
333590 2 77
94085 11 4
95158 1 24
113055 2 80
1079992 46 28
241438 2 33
8969 18 1
40174 2 29
295041 12 55
164812 21 7
144174 3 20
27630 7 10
333545 17 38
89369 9 4
37144 2 9
4367 6 1
63341 4 68
447626 8 56
398677 15 13
268 1 1
487301 2 66
491176 23 84
5928263 71 23
13522 4 12
39882 1 70
4282 2 1
32083 15 1
7693136 24 88
40214 1 20
13904 3 19
20875 1 16
230036 4 27
93819 1 48
864756 18 16
21517 3 13
1239138 19 20
834916 16 17
5171 1 3
19443 3 3
1422 2 3
355112 4 28
253464 38 21
4222429 25 56
30641 1 8
3563031 32 42
2190223 11 51
869489 21 37
171315 1 50
16566 8 3
954086 10 42
47543 17 8
1596003 25 17
3265739 41 37
188551 2 28
1631763 19 33
193881 1 55
501301 2 62
80641 2 48
10431168 50 71
1090765 5 55
100531 8 6
2916453 8 96
87057 7 28
576271 15 12
899776 6 60
282933 2 41
4139362 15 66
247130 17 4
1940 6 1
139063 1 36
181842 16 12
74660 6 3
1093635 9 97
2315584 9 84
19967 4 5
125043 2 17
116861 3 22
123601 2 20
187040 21 41
34370 4 40
42971 9 18
384212 51 23
456569 2 61
104362 2 67
58573 1 25
77369 21 1
3837871 38 50
1695644 7 73
43018 2 47
45300 6 5
2220260 18 100
3925 2 5
170881 2 47
32040 2 34
69028 1 29
807476 34 45
19097 5 3
108565 7 6
179201 5 30
1393403 19 19
57816 22 3
8583 4 1
387751 6 27
384344 7 33
1115862 8 54
976294 4 69
99204 14 3
180088 6 26
5691319 20 69
2191937 21 60
195802 5 26
337851 3 79
689527 19 12
21318 1 10
2052169 15 58
710184 8 38
36756 1 32
889325 7 38
1786072 24 30
2241316 8 90
1859782 35 16
388535 5 72
3339427 23 77
51103 3 5
63568 8 3
24411 1 69
334883 2 65
137363 7 34
95890 1 29
117844 2 27
745622 5 71
958758 21 21
42149 1 19
183199 1 65
328228 3 43
974133 44 8
235879 3 31
833021 14 16
6253228 35 46
15176 2 2
377001 9 33
380332 8 14
346112 2 47
1252504 7 73
236113 17 6
68723 4 7
194300 1 48
66836 1 16
9472 6 2
3277119 16 56
323544 26 4
13711 2 3
8124 3 3
8837 1 3
5328 6 1
159384 10 27
6099 25 1
931686 10 31
923007 14 67
114693 10 34
73907 2 14
392202 4 76
180462 3 20
25468 16 6
149143 1 46
57754 5 48
1112208 14 45
279690 12 15
70748 3 59
487830 3 74
22382 2 5
333049 23 6
156930 2 63
38575 1 37
2560641 14 65
1132907 16 29
910385 9 44
1917 3 3
107672 46 1
5282984 38 43
98038 3 8
85238 2 11
1088845 38 22
554579 5 48
616655 30 22
29625 7 4
1652314 17 42
69302 21 1
131184 25 14
181276 4 12
1047102 14 35
4960759 26 75
424562 9 55
66393 1 20
218511 7 15
25935 1 26
796154 37 6
67799 12 8
1758706 17 37
1170103 6 58
559282 11 17
2428 1 3
994752 12 27
9151 1 5
232012 1 68
4550 1 3
70951 3 44
1462576 49 28
262154 7 9
1266383 15 26
323374 2 44
28129 1 9
440564 6 27
355447 23 10
639613 11 21
39072 31 1
174136 37 2
2267103 24 41
3928578 22 49
598206 6 45
717092 11 58
40305 8 12
725 1 1
3603 1 8
716363 4 45
1909839 15 50
3484671 26 38
4070396 16 66
2627 2 1
180198 14 40
3598193 25 58
33925 4 4
358516 29 37
204229 2 28
252716 28 3
2338 1 1
28892 2 13
92278 11 7
2003986 17 33
760089 8 34
27630 9 8
70313 5 9
32540 6 2
69996 3 8
1166278 11 38
749898 23 8
490786 4 85
3177030 23 39
246014 2 34
751245 40 19
17558 3 2
28262 2 23
107933 1 31
6890 2 8
209167 6 16
10710 2 5
3561933 24 40
18032 1 33
531124 24 8
201536 1 68
151587 11 36
66968 1 21
43463 1 17
19506 1 9
121564 4 19
30625 11 4
325854 8 38
489268 5 78
562303 9 28
1035272 11 44
15045 1 5
3648103 23 70
113591 3 10
4960292 21 75
1480746 14 49
662488 12 46
1248125 5 65
588323 9 34
15130 1 5
1208495 9 37
1212843 26 27
5565 2 1
2031780 13 39
3118819 13 85
1373511 25 18
55735 46 5
560092 17 10
1806911 35 51
190861 1 57
43220 4 3
141026 3 14
133677 18 9
71565 3 9
110612 16 12
158631 2 53
495334 2 97
1279023 6 70
61606 6 9
227850 5 12
19452 1 78
44764 5 3
135398 10 4
2680784 18 73
467914 14 26
464271 12 42
224309 1 68
108059 23 5
17727 2 10
104890 8 5
726956 23 40
19875 20 2
266278 12 7
960663 11 22
258356 2 33
410746 17 6
115639 4 9
4234656 38 41
352038 44 38
8457424 39 90
26480 6 3
2969227 16 79
24479 4 12
2216518 34 19
90468 7 6
112758 14 7
431516 20 7
55315 8 14
153026 2 48
567397 16 30
699550 7 48
196424 2 49
539362 4 38
45169 10 2
56162 1 68
15415 1 6
65260 3 18
226396 3 36
2218487 8 78
163916 9 11
43310 13 1
1873496 8 57
1453852 16 38
30870 1 16
109848 15 7
6316812 25 63
619306 3 51
18921 1 7
91814 1 38
145767 2 31
38988 2 6
36427 2 39
8146 1 10
58032 1 23
48399 1 46
6734709 32 82
65931 2 13
204026 1 61
1130402 4 68
38598 9 3
13349 1 6
158085 4 33
938923 10 42
652434 7 55
42349 2 6
264266 1 88
630048 8 49
29116 7 1
422685 8 24
630382 7 33
350161 12 9
6055 14 2
606472 4 47
229082 5 15
1870603 14 74
279267 12 9
53068 1 42
1756225 29 22
150375 3 21
1687522 22 33
424936 3 41
97191 2 19
548916 8 24
211569 3 32
18435 2 8
154334 8 5
59031 2 12
3117 1 2
103841 2 16
765 3 1
231169 30 8
194148 20 4
1393037 13 36
1911463 34 26
6852971 27 76
42188 1 51
1260573 8 66
583627 13 17
9661 3 9
1326140 22 26
18209 3 13
70020 5 17
461092 5 61
19264 2 14
6306 1 18
147462 14 4
4151413 19 97
108495 31 1
323688 2 73
31402 1 12
42032 1 11
10750 1 13
347591 2 69
37624 3 9
1087723 16 26
49799 39 1
155855 15 3
1016039 16 36
3758 1 1
81470 23 1
231780 19 34
8855 1 4
40600 2 19
403242 39 26
1748394 18 89
1338470 18 39
6613 3 1
29122 2 5
152593 4 16
1292538 5 79
2115 1 1
32726 4 2
321420 5 29
589710 19 11
64580 5 5
326916 56 8
143173 6 9
55163 7 3
48860 5 10
581694 7 22
273435 18 4
70782 1 20
18034 1 9
336733 10 16
377605 23 11
1079802 6 44
8586 2 2
56545 10 2
500017 22 8
1257240 5 70
82327 6 7
362549 9 15
483744 8 15
584583 2 77
501954 26 5
39577 2 6
4887 1 2
188618 3 59
217203 1 99
666674 12 90
1533517 8 55
147863 12 11
86731 18 2
352717 12 13
811933 5 48
135471 34 1
1054829 35 8
217037 1 97
145981 27 7
201945 2 27
659402 6 29
657663 5 47
11620 5 1
813348 20 14
262670 2 86
258803 12 82
931576 7 48
1402206 28 13
491189 7 39
358637 28 5
1893526 21 38
97149 3 13
1239883 12 49
53444 3 6
19619 1 46
226003 2 54
261146 44 11
2492 1 5
27369 1 41
33778 8 2
13044 1 6
3762130 24 47
2199848 13 72
253269 3 28
911992 13 23
112550 12 9
111134 17 3
163638 1 52
77416 4 7
327534 3 36
306848 3 43
635796 19 9
50745 1 22
361439 8 23
3201416 41 32
378634 11 19
105198 19 15
421302 17 24
29445 1 8
38006 2 21
40796 2 52
73595 1 20
2054793 15 48
610799 20 11
3840546 23 55
20504 1 30
35319 4 4
50435 6 4
2930803 17 43
39592 33 4
116080 5 13
103089 4 12
2846098 21 44
4625 1 6
396519 4 33
253574 13 29
210829 15 6
130700 2 25
556231 6 36
229859 2 35
331674 10 8
117778 4 13
57910 1 30
45131 2 32
1192954 13 31
72404 1 30
61735 3 8
60594 2 10
214305 1 52
260273 1 87
26918 2 53
233503 2 67
4233699 21 68
59603 3 12
351162 3 37
80263 5 6
45063 3 5
449946 13 11
10083 1 7
30961 15 8
40318 3 7
71137 3 13
97806 1 44
415200 3 64
8857 1 4
1011186 15 53
1055934 15 40
152439 1 65
174394 5 14
16406 6 3
790750 17 13
55623 1 42
188783 6 8
286754 6 19
13190 3 15
1906747 14 76
1671020 11 50
540463 6 25
5803 2 6
3380133 18 49
897706 6 68
108003 9 4
35711 7 2
530908 20 21
32296 1 12
168264 7 8
176357 8 8
10593 18 2
1767 2 1
239518 22 6
101268 3 28
961063 20 18
16725 1 4
4057475 21 49
2957358 40 69
11326 1 4
327969 19 8
177651 27 3
87828 1 26
1004350 15 35
111815 1 36
3024006 27 47
543833 19 10
271990 7 10
1539888 6 101
51157 11 2
86641 2 18
197596 4 41
254356 5 22
456962 64 10
57521 2 10
847970 17 27
119790 4 9
106669 1 51
7758 1 15
201827 21 42
1845514 9 70
433984 4 44
49217 14 11
377111 7 17
51485 7 6
7986 7 1
8073 2 2
107073 3 13
442437 8 22
85887 1 38
13458557 45 72
58993 6 16
502668 4 52
154927 2 32
254329 2 38
321930 8 19
105777 49 1
425132 14 11
270227 9 14
971885 10 31
16408 5 9
41876 1 59
7280119 23 106
656830 5 49
115560 11 4
191190 5 29
1769485 13 64
279961 12 28
28702 5 5
253991 8 13
573546 4 38
35917 16 1
73317 1 29
32302 2 4
29421 9 1
239633 3 21
1647 1 1
863410 25 57
2799 5 1
24653 6 8
87512 1 25
51262 44 1
102559 5 7
3008669 47 25
201724 3 22
145221 3 45
1027538 15 25
16925 5 5
17779 3 5
16640 1 29
404515 8 24
1454028 13 39
133740 3 20
66134 18 1
400927 13 14
1762428 47 19
511160 14 34
1278311 15 63
214186 3 29
20252 2 18
164545 16 22
855755 13 20
308070 7 12
2335068 29 25
77875 13 7
5954540 21 87
31857 1 11
209120 12 5
152365 5 12
1135342 23 22
40361 12 11
78531 1 31
480837 8 32
1231365 21 47
86958 5 6
521982 28 30
956016 6 52
240736 11 15
6175 1 2
1161488 14 29
98055 1 35
978197 24 43
289281 32 10
221725 2 28
193454 35 20
4197137 13 80
3063 1 4
46155 3 6
41661 1 22
22922 1 63
1197184 10 40
110894 7 7
170625 10 5
10376 4 1
26683 1 7
97770 13 11
116509 2 36
1772 2 2
325491 8 29
114963 34 1
5162 1 6
1075581 10 40
441910 19 8
11641 30 1
1561720 17 41
386765 14 8
28169 8 14
1270152 39 8
391708 8 57
145580 9 6
96849 2 41
48134 3 24
4842 1 2
17418 3 2
162595 2 37
17838 7 9
4056 16 1
27077 1 27
119349 3 50
6382 1 3
200193 2 25
1673736 23 24
19269 5 8
361638 6 24
9806 1 4
145678 1 35
447595 5 41
563366 11 52
108314 4 17
169017 3 14
416760 7 22
310332 2 50
68236 6 4
57750 4 15
1577 1 1
5707787 25 99
1507795 45 8
326617 30 5
159507 3 23
716940 7 50
356478 2 54
254373 22 4
208312 2 47
2713 3 1
1473780 14 43
564533 7 21
60460 5 53
28734 1 17
79503 5 11
186646 8 39
5127 1 2
292416 4 20
242519 5 14
43625 9 2
2747184 44 20
1762817 16 52
16819 8 1
9995 1 3
29229 1 88
597959 34 5
563543 18 9
125243 1 50
4899 7 1
452221 6 44
1986333 26 21
24146 13 3
47461 20 1
49591 3 6
1353484 29 29
178420 9 7
73405 1 20
29260 4 11
880788 6 58
55232 2 8
809712 5 63
141172 8 5
34396 1 17
1093038 5 53
416282 19 29
33205 14 1
39933 2 23
873772 4 53
282086 6 14
30352 1 53
93369 4 6
174057 14 14
9053450 68 39
46127 1 16
59135 1 25
643753 3 80
546726 26 19
36682 2 7
401649 24 28
50624 12 4
55959 4 4
74533 1 56
98745 14 12
76153 1 31
14154 2 5
708110 26 17
130249 3 14
443166 30 26
620540 9 29
1034676 20 46
142314 15 4
147674 27 2
1065489 12 34
99284 2 16
50688 5 31
6569143 39 54
11434 1 28
65751 7 9
457700 3 49
662567 18 12
37730 4 30
267029 2 68
244867 1 85
3701866 29 49
542827 6 40
348047 14 26
8089 4 6
4795736 23 69
721524 3 108
4859 1 4
840699 8 61
1257895 24 17
241147 20 4
1129130 17 46
11868 1 5
158418 14 5
15334 2 2
105135 13 8
1898717 9 91
12760 1 30
959221 3 90
646389 17 96
699961 23 33
600502 3 75
3942173 45 32
45802 16 3
116172 5 9
12268 3 1
95503 4 10
13554 2 2
359455 4 32
203392 12 19
1129650 35 21
19515 8 1
184707 17 6
47350 3 6
42256 1 24
637179 11 31
7391 1 14
232596 4 20
115674 2 14
1647195 23 21
6236 3 2
1312868 26 51
465024 3 40
158802 15 7
288653 12 18
279122 3 26
174268 33 15
39703 5 3
151207 1 42
77269 5 5
695118 12 26
399438 11 17
1153614 16 31
739127 33 14
390129 2 47
50028 17 6
205551 26 3
9393 6 1
8958007 32 70
95048 3 19
106705 1 33
29084 1 31
3153542 9 86
14493 10 1
478412 3 43
12575 5 1
194766 5 11
15118 1 6
2153294 12 77
41768 1 18
124238 3 18
114886 2 18
7898 1 2
74221 12 5
15216 5 10
165158 3 46
46576 11 2
1970055 23 27
141456 5 27
585667 4 39
168484 3 21
437225 3 46
27699 11 2
1909669 32 15
176661 6 41
1855157 11 73
96011 2 69
122729 9 6
296328 20 6
144356 17 3
187418 1 75
651182 3 58
25842 5 21
66928 16 6
23905 9 11
2424743 17 65
1170286 55 6
342262 4 41
1035148 7 51
35286 7 2
3391 1 1
419239 9 12
20139 1 7
68273 4 6
23722 1 30
4259 3 1
79071 1 26
65413 1 18
5343 2 1
324586 3 46
44202 8 2
20219 2 6
19610 6 1
452490 6 35
104981 12 6
640174 3 68
466190 14 9
52304 7 8
1582 1 2
91818 2 16
190782 22 28
148898 7 6
15532 11 6
22531 3 3
1128774 31 39
480679 33 4
34311 4 10
117278 13 6
59695 17 2
373193 2 45
620421 9 74
23988 1 21
13359 10 4
25043 2 7
758980 15 58
338604 22 35
24137 7 4
123210 13 4
2088 1 3
861486 16 35
124955 23 8
442605 12 29
287142 5 20
97532 3 11
178587 3 25
74694 18 5
432208 4 43
71557 4 5
1210900 31 18
56371 2 8
39964 5 3
175167 2 37
66432 1 25
769356 40 24
75799 21 1
2840409 18 39
90979 1 24
302278 1 88
66147 22 4
603213 35 69
430272 22 5
134057 4 8
215420 3 59
538371 7 31
11739 2 16
1050569 11 37
864587 22 14
31547 1 15
59678 1 16
104499 5 24
1214197 18 35
24377 2 23
27263 7 1
172391 12 6
424381 4 30
132300 7 7
668910 24 16
152004 3 51
29598 5 2
36196 13 8
4570 2 2
356189 61 4
68475 1 19
3727624 23 43
1146316 15 92
179387 3 24
1194316 10 51
168348 12 4
474489 9 20
32994 1 40
8802883 29 82
286374 3 92
1094394 16 27
645905 26 9
3802640 25 49
138381 1 90
22546 3 2
653407 7 63
79573 1 28
6276994 21 74
32672 1 15
1663700 22 57
1149248 15 23
920224 25 59
290704 5 49
3522 2 4
469347 10 13
58342 3 17
4926094 45 59
630195 48 36
18320 2 3
1239393 59 80
801461 7 32
616927 9 24
162497 16 3
7371 1 3
5072284 21 102
233846 4 15
46578 1 20
765479 22 39
78688 7 6
233865 9 14
13617 1 10
84654 2 30
577530 5 29
69741 2 20
9002953 55 75
347892 12 8
42553 13 2
268739 29 12
82612 5 12
1076162 8 41
719141 15 19
10833 1 13
771 2 1
68206 10 5
496846 9 68
170736 1 68
2426 1 1
236129 1 60
96394 6 11
147979 3 22
1740274 11 47
46194 3 4
703767 3 67
259912 11 31
3284557 34 35
22896 1 11
102895 3 13
70446 1 27
18240 3 2
693120 3 56
141617 10 6
576073 5 40
1920443 11 44
12071 1 3
1974562 11 54
21499 1 23
472399 7 17
301943 4 33
4447443 20 73
1741488 14 40
2314630 27 36
827538 5 55
47355 2 31
162096 23 2
1354564 16 32
4749 1 17
10037 1 12
817090 21 19
1661556 42 14
185040 1 71
79222 13 11
28343 7 1
1296488 18 21
170572 4 22
767262 6 53
55328 2 9
260072 1 63
701407 21 19
712816 18 35
477879 4 48
59382 1 37
14502 6 1
1581384 24 33
2751746 38 21
4872 1 18
107592 5 7
675458 7 26
88536 2 20
17857659 63 84
1213257 5 76
42289 5 6
4418 10 1
27604 1 10
35914 3 16
57463 3 32
938226 32 25
86032 10 31
781872 3 75
2329 1 1
262906 2 55
337430 2 90
453430 7 17
83482 2 14
1602470 17 43
6917968 32 71
350557 6 21
1579872 10 71
210394 4 40
1220757 18 32
143228 2 60
180239 21 3
2950425 34 38
3802873 14 81
192062 1 47
190536 9 84
5920 1 27
20193 26 1
1204676 14 23
1025891 8 37
19360 4 18
31781 7 13
2629 1 1
236075 20 4
158082 12 8
131920 15 4
234208 2 59
365880 3 48
278746 1 97
36931 6 14
80308 3 26
413132 4 43
125383 8 4
239021 1 68
187181 2 85
132178 1 46
409504 13 9
67413 2 10
43297 9 2
31179 1 9
7667 1 3
8626188 49 50
453545 2 70
605058 17 11
121899 4 31
390177 4 29
673252 18 17
478803 8 21
67758 19 8
514993 5 37
311810 5 25
2133 1 1
265760 9 27
968731 7 33
351012 3 47
585234 12 49
1844028 34 18
232803 2 42
808989 3 78
6632 3 1
191739 1 68
168059 12 15
2103287 28 34
21341 1 9
265197 35 27
53100 2 7
719238 39 9
41326 4 4
1298089 10 37
119433 1 44
203972 14 5
57030 5 16
40677 1 15
13385 1 11
203302 2 43
25189 1 11
37304 1 10
1400637 12 60
3786248 21 62
100479 1 32
20745 24 2
795486 13 17
22080 1 15
5435 1 6
3588 1 3
131259 19 32
163318 1 65
281343 30 36
271438 3 40
91187 1 45
134804 2 25
1025 1 4
1045989 24 11
52440 19 4
49618 7 3
118112 2 30
1629846 44 19
51034 3 31
46828 4 21
2584477 31 38
23483 7 13
143343 33 3
1635983 27 22
23860 5 4
16049 2 6
41651 2 7
52059 3 26
4346 1 2
18784 1 6
107369 1 27
4872788 55 42
48368 6 3
338755 4 28
22917 6 1
55508 4 27
314163 2 77
814101 12 60
413122 19 19
220236 31 16
3303 8 1
