132 334 1946
55 22 5 58 37 49 70 77 59 148 2 26 124 95 135 64 93 106 135 95 42 110 10 137 34 94 81 131 10 140 38 66 20 90 64 67 2 32 55 43 100 119 102 131 60 35 19 141 146 88 90 46 109 87 30 89 142 105 142 40 122 136 78 12 42 141 19 22 10 5 127 53 132 7 75 37 110 5 19 55 74 83 8 30 41 22 141 139 13 48 72 16 17 98 28 61 110 109 132 129 88 20 120 75 7 34 21 69 59 31 126 124 57 97 92 24 105 27 38 58 44 14 38 2 144 53 81 74 72 144 46 21
287685 23 39
602980 59 12
3788357 27 94
111457 10 11
43616 2 16
793652 27 21
88093 1 60
147103 5 26
51759 1 53
770314 23 26
235070 26 8
14881 3 3
114401 4 24
51851 6 9
182140 36 44
553782 14 40
18190 21 1
6245 1 61
84768 3 19
63007 1 60
159497 2 81
1304827 30 31
9058 1 9
90995 1 64
288410 42 4
7791 1 79
112721 5 30
129819 1 111
3635370 29 74
217106 5 40
390 1 1
102528 43 13
10817646 80 100
454407 21 127
1679348 17 99
15111 15 1
11140 5 15
510966 14 93
148232 20 28
17343 5 16
523527 18 23
449153 20 20
234485 6 32
539164 17 27
186972 3 54
343681 8 23
26825 12 22
760125 73 8
493685 4 72
135342 5 18
272387 36 29
2109197 10 114
1251310 13 80
2089432 27 64
446057 26 9
47738 8 6
92789 1 109
705230 50 11
9659 1 5
38928 6 5
609973 123 19
32453 7 20
323714 5 87
30779 13 3
260175 30 9
367064 53 48
169708 13 11
469851 26 10
1391 1 1
49487 1 51
36432 3 7
5294543 46 84
253716 19 10
12744 1 11
140926 3 33
18720 2 8
56360 20 3
66659 2 26
57731 1 33
8521 5 1
7944801 51 104
119475 3 40
63308 12 10
17529 3 22
2233295 44 40
223959 3 40
614833 18 28
1082764 49 19
488274 17 46
286024 59 3
94124 1 59
1428765 10 101
2216937 40 57
2368591 67 32
122199 2 94
20756 2 24
2808 1 23
33862 15 9
16706 7 15
140288 3 42
800862 19 23
37028 1 27
4645341 57 76
54361 9 5
46187 4 8
33111 20 1
57771 1 48
532615 32 9
2442691 64 34
50125 1 26
238426 3 59
25530 18 9
331661 7 91
498799 15 61
33135 1 24
29669 9 3
1635180 11 127
18861 2 12
95512 1 81
99367 1 128
769703 77 59
947 1 1
1570330 23 47
42825 13 11
994921 23 44
4214222 71 40
64092 6 16
78043 11 9
237595 33 10
522 1 4
97381 1 62
408483 18 26
66798 5 70
315293 33 29
31408 6 8
17081 2 6
114297 1 75
182475 9 12
5294 18 2
100733 2 44
749 1 3
1923 6 1
493186 22 23
1715412 25 48
30980 3 39
156095 28 3
90773 4 19
269702 37 35
334760 9 21
259423 6 28
208244 27 9
507569 36 12
10110562 69 104
1774 1 6
108269 3 27
84839 11 4
22441 4 5
496718 59 22
514602 78 48
53527 3 37
994815 25 71
23685 7 15
3382 1 7
70205 12 10
4733401 57 50
136401 2 49
44894 9 3
8733 1 5
6203 1 6
201797 3 47
1158367 9 70
1281031 34 86
2245107 17 77
57690 1 59
57238 1 61
126201 2 105
8543 1 54
119994 5 100
3115164 42 80
71168 9 7
2246359 80 32
2045443 15 82
375505 30 57
124134 3 40
143604 4 31
11645 11 1
9554 1 17
1198663 18 57
16988 2 30
48293 2 14
50349 20 7
8392 4 2
25272 1 50
508916 22 13
526735 8 71
2145084 18 68
27926 23 12
1395011 44 48
1679412 52 85
53008 1 65
243531 9 15
961677 19 27
90667 3 18
76439 1 65
6659 6 1
37057 1 92
3113022 47 39
1169 4 1
83739 9 17
4724 1 27
113437 13 17
1006854 14 69
128133 2 59
100230 18 3
1116813 26 42
3576491 17 130
749344 32 20
772410 15 40
1162590 11 70
172959 3 48
861082 29 16
619122 33 77
3959 4 1
2761349 40 68
44906 2 45
547134 14 33
34476 1 21
1109332 60 61
1758 1 6
45658 19 4
4756811 48 72
67153 24 27
88994 29 4
7317 2 3
61999 1 42
2987 2 3
28581 9 2
34035 4 8
1096190 44 21
4861506 62 90
42251 5 15
2166062 38 37
28701 19 7
8763 21 2
1809761 22 100
416555 28 25
735966 13 42
1029 1 3
364040 3 109
237077 13 16
12657 1 10
396410 30 11
1186347 12 90
29466 18 1
11599 1 23
2756825 35 67
781155 6 102
160006 5 95
1105519 8 108
402514 11 45
87618 3 36
259709 17 8
1547505 18 54
299435 17 27
761197 14 36
811605 10 62
5647 1 4
2451011 20 81
1096376 19 32
132361 2 42
116642 9 8
3248593 44 54
197413 4 85
2181 1 3
298094 2 117
407720 13 29
89423 27 3
227300 4 40
548441 10 29
172362 13 127
121098 45 3
3130599 41 40
283969 26 8
254443 12 45
209430 8 20
25941 14 4
462324 31 115
186463 7 22
148986 6 18
50657 4 81
38226 5 6
78665 11 65
682445 8 94
2521 1 2
286162 19 11
33189 1 36
112607 3 77
2178109 44 46
526989 12 63
440934 20 35
8491467 62 92
45713 1 45
166790 15 15
54727 4 14
11148 4 2
688393 12 41
399890 10 44
80288 2 52
442153 5 89
303287 5 49
4127883 41 60
6669337 47 111
36081 1 35
28773 6 3
41426 1 39
129593 9 10
36339 5 6
69358 1 45
192330 18 22
32491 13 9
2047910 10 131
29505 2 36
860573 28 63
291818 41 4
21652 1 30
57974 62 3
58868 1 71
8477 1 6
38395 2 10
3307145 22 87
19506 11 1
205663 5 32
1594 2 1
137327 5 23
