116 2889 7589
52 33 81 142 101 7 99 80 130 2 57 104 104 38 65 106 62 103 31 126 4 130 107 29 136 124 10 28 119 36 80 36 21 4 59 49 87 130 127 73 43 21 132 96 43 101 32 105 21 115 5 123 97 20 57 77 41 104 9 127 4 96 48 4 113 31 20 32 35 93 132 107 103 60 113 102 93 114 60 138 64 97 7 43 89 69 33 94 32 42 88 88 103 118 136 4 91 80 60 83 21 10 98 118 59 123 96 139 59 20 108 89 1 46 140 144
29625 1 62
4877139 40 47
3876526 12 68
1086101 3 60
452369 1 68
194437 15 10
536396 45 8
1574264 21 59
8575299 30 57
8129 7 2
907817 30 5
28723 2 3
1905516 38 7
54271 1 8
3260955 30 19
161644 1 27
197160 1 70
266159 17 3
72639 1 16
52702 1 7
4219962 38 24
98057 4 35
3383479 29 25
95708 1 14
12897 9 1
21507 1 4
161853 1 35
329071 14 17
2105129 53 59
8185803 42 31
448754 12 30
15504283 50 59
264354 29 8
118564 2 8
1788509 6 71
947203 6 32
173713 2 17
63144 3 15
481985 12 7
36398 1 55
332548 13 27
770280 50 3
200289 51 2
158691 21 4
4792910 31 36
299010 26 6
2202128 11 52
3172949 10 72
12585736 50 53
2243682 5 114
445341 9 7
734051 2 87
3478039 5 134
5822325 47 22
2015761 3 91
269620 6 9
19049418 35 102
4759395 43 28
171481 3 112
205025 5 15
3445928 12 59
81399 1 33
313931 5 10
515305 1 86
5791323 21 87
114908 1 27
883803 6 23
113257 1 24
312153 2 21
547841 1 101
50916 1 8
3738273 18 40
1105563 11 19
387236 1 66
115477 5 5
787101 10 16
6227319 11 75
197130 6 6
479116 1 75
1342814 3 88
2510138 11 125
315050 5 11
108372 7 7
40410 1 15
101524 1 19
1056802 25 10
23650 2 9
2042189 10 30
49544 1 7
749351 2 63
2493740 26 28
1217904 5 58
3361 3 1
933507 9 26
1210703 10 27
716672 3 58
508932 1 85
317643 19 4
879105 2 58
398429 2 40
5093029 44 21
178938 3 41
413827 6 18
13393051 31 67
188663 7 65
19159795 51 68
24787 1 20
4901471 26 26
1374910 5 55
595731 5 28
12004 1 3
228130 4 11
235685 1 62
27938 20 3
92028 8 13
1337506 2 109
459938 5 27
4260893 41 16
217542 9 8
55727 2 5
233069 2 22
1598066 20 16
9037160 29 60
75722 5 6
1186466 11 18
555058 4 31
198087 4 10
35675 6 5
8599502 62 20
1352932 18 12
1594655 10 42
248120 8 9
121947 3 22
13669226 40 54
303093 3 66
459330 14 83
175154 8 4
81693 1 25
4529829 25 33
1182171 17 16
2118210 13 34
854515 19 23
257628 1 42
85873 1 48
6739400 18 55
553427 1 106
26715 1 48
3873601 61 16
771295 4 87
5163848 23 53
4304672 14 45
7977674 32 46
6855238 34 35
724962 12 8
80887 9 3
103845 1 27
2076754 6 47
117354 12 4
1288814 32 50
438127 8 12
271307 3 38
599148 3 30
2386880 5 68
557316 35 18
4323895 26 42
79065 3 5
15795244 56 60
189221 1 44
36759 4 10
14497252 32 66
3548716 32 21
545533 1 89
12414690 27 69
551534 6 15
49570 1 12
157837 2 13
15342 1 9
675265 41 33
667387 3 42
502899 1 69
1026249 82 3
45022 3 3
262747 14 27
17693139 39 70
958849 24 10
123752 3 84
1283130 6 111
137983 1 22
4264873 44 13
165640 5 11
13225203 26 106
4173349 11 75
225219 1 44
9145680 10 132
156582 1 25
462803 22 27
42498 8 1
475952 32 10
1465648 62 58
1428795 43 10
34953 1 5
6672837 15 136
226127 12 12
428150 1 102
360792 2 43
1809344 27 11
269421 2 21
220927 15 3
21716 1 9
564693 1 81
593049 20 44
7270028 31 43
638605 31 37
737972 11 16
6950027 17 102
608216 1 93
250109 8 5
890497 9 17
2274915 15 52
272903 35 7
605856 3 49
4489355 9 92
67478 2 55
98628 12 8
30063 1 14
48637 4 3
785471 11 19
35593 2 45
36263039 60 97
467600 4 22
1559546 10 21
1650333 12 31
831558 20 35
305741 5 10
1705005 4 118
21937 2 2
594161 3 62
678253 2 69
38448 3 3
8418057 84 37
1647006 3 104
1099062 11 56
52029 1 14
12605210 34 76
1042652 27 7
260272 7 19
1459624 27 22
12710747 85 23
118902 3 9
277185 3 59
1981120 16 30
780728 12 68
477727 29 3
1587894 25 9
100542 7 3
77111 3 5
134443 4 5
6308209 17 117
1451664 15 25
687876 60 2
144350 15 2
959782 4 32
251427 3 22
5560172 18 47
72795 4 4
270899 2 30
31691 2 4
1183944 8 29
644106 3 117
4203555 33 103
298465 1 52
257032 12 11
6274301 33 39
119269 6 14
440032 25 43
4137593 28 42
32553 6 1
8950 1 2
1667704 14 23
3378771 31 15
321146 1 45
163794 4 10
6669588 13 132
152036 1 32
12110823 29 75
469327 14 8
2028462 14 24
632353 9 15
5333926 14 53
7287962 18 59
150079 7 38
2332976 23 72
1055943 18 27
283160 17 16
8228142 68 28
8290640 33 46
17686876 32 98
1573016 76 3
210572 10 5
763433 2 84
574019 15 6
61200 6 2
286053 5 12
218097 1 55
221169 5 56
5846730 77 16
48128 1 26
173074 4 6
301072 3 24
97986 5 4
39216 1 12
1310916 9 20
2076060 40 8
304410 10 8
67662 6 10
6250253 8 117
188699 6 51
18740110 29 99
6457981 24 39
2316831 4 93
145627 5 45
1061259 10 21
1545 1 1
409340 11 7
4306967 64 15
2997379 16 76
185306 1 38
1327344 9 34
64657 1 115
7864373 43 77
1236961 17 102
20238 1 14
18296927 27 96
1361369 25 12
26713 5 4
127337 1 29
1644873 6 39
239585 4 21
766363 6 57
95051 3 19
9519081 24 75
316856 6 11
8342910 23 49
12512727 49 43
424786 1 68
7445986 32 57
247029 10 6
293015 2 37
10970899 79 66
32985588 92 106
165183 1 37
2229853 35 24
516421 17 33
1291363 3 80
2110185 41 52
173938 37 5
761167 63 2
17017 5 2
1370545 37 12
1101567 16 14
62131 1 9
321169 31 2
268713 4 11
6318488 36 33
62547 1 13
8439709 21 76
2197432 21 38
1794994 6 63
73438 2 6
65806 1 135
2333682 16 37
142854 1 39
1122320 5 30
1657044 4 70
2311053 35 11
604868 36 10
84533 5 3
218041 2 92
21311 2 16
4457291 50 13
1010636 9 27
9235315 32 75
1110660 24 10
1263674 50 6
2465425 21 74
8292026 16 77
1213880 4 44
58368 11 13
48878 1 10
2423417 36 12
10489 3 1
12828478 20 101
167109 21 8
145423 5 14
676501 4 35
312077 1 45
1107326 33 15
28314 4 1
21357 5 2
1182092 18 44
5208123 36 85
353127 1 57
1872462 7 49
358512 5 16
3261173 16 36
1119847 80 3
3566007 60 42
21372747 32 115
5415664 16 59
27159 6 1
181150 7 50
1205610 28 8
6953370 32 61
26879 2 7
2980474 14 61
7410475 87 44
22525 3 19
325138 3 15
1508869 29 47
481772 5 19
3916830 8 73
5903678 10 120
520566 8 16
22547 4 3
1744297 30 8
280606 1 61
65808 13 2
860995 8 17
1300773 10 81
938701 26 8
492584 9 60
122315 1 23
1327090 13 25
7035661 20 74
727012 12 12
6280617 20 62
120715 3 6
43570 1 10
112245 4 4
826153 16 9
15662 1 4
2903614 9 65
224631 57 3
344569 10 42
491691 6 42
2887738 4 99
19706 5 1
3842497 7 78
74588 3 22
2747685 23 19
888241 4 86
6048061 45 18
463959 9 9
31171 12 2
57362 1 38
53866 1 9
344686 2 45
284305 6 39
409532 6 25
3241288 17 40
418751 47 3
781420 32 6
129199 8 4
6324 3 1
535695 5 22
1909468 5 52
27186 4 4
6353673 14 61
5296325 15 75
1827831 10 37
445724 1 66
1612699 3 85
420342 7 74
154164 5 6
3376385 5 121
1285044 10 41
93367 1 13
1663791 30 12
1234115 36 68
49445 1 31
3693367 31 27
21899092 80 62
1089907 29 7
301506 7 36
14407447 33 72
1205650 5 59
627716 4 59
3657795 95 30
2155981 14 27
12789292 32 54
5055 2 1
661881 4 34
9733 1 2
1099767 7 42
3266729 9 80
1021671 14 13
125222 1 65
192440 22 9
186897 3 56
68831 2 35
413100 7 8
338073 23 2
3791738 64 14
13956396 33 57
2222746 31 18
2786693 15 68
9323854 55 42
408983 4 15
2444380 24 15
9610799 62 39
415842 3 35
996229 7 33
5092308 14 65
44449 1 39
2726604 9 71
795583 10 13
486195 1 66
1736612 9 41
1902762 26 38
1129573 22 7
1494425 4 68
22106 1 47
706546 3 40
938637 45 25
41050 7 1
1167968 39 7
1749729 29 20
75793 19 1
53598 7 3
314110 3 30
271754 2 34
1038811 12 13
97645 3 8
319636 1 73
1490145 22 12
1130309 50 5
180208 2 16
1583024 7 36
556995 8 11
60231 2 28
33733852 48 97
57284 6 23
220890 6 9
203355 21 2
292715 2 105
12222739 82 22
209417 7 6
3315127 11 51
447928 2 31
5655922 23 41
1231581 7 56
1811969 31 65
1837108 22 16
11718536 45 55
100625 2 9
160740 8 9
1212054 27 17
158037 12 10
672705 10 40
396016 7 24
120602 14 2
67741 7 23
340928 7 7
87380 5 12
98120 12 13
190760 2 18
2590073 24 67
3145375 23 30
314309 4 16
1206681 12 23
857663 1 138
3310501 10 57
4983 1 9
285015 1 67
783152 31 14
829459 7 29
405808 15 4
98670 3 6
162611 1 69
241438 2 27
65792 5 5
147657 29 1
9585925 20 92
10901386 33 71
1413443 6 55
162614 13 18
926140 3 45
102128 2 9
81762 8 16
539410 3 45
9517 3 1
287569 14 3
4585974 42 27
13719004 46 46
720841 25 7
193277 2 22
517833 14 23
382453 1 75
1140127 11 26
7873578 20 81
522712 43 25
4268132 53 19
1216734 10 44
3787357 16 86
2843963 21 29
105299 1 23
1667305 5 78
1338950 5 49
1307573 14 14
479056 2 104
553350 1 74
186350 3 79
15279 1 17
27388 1 8
864066 10 74
393570 1 61
49820 1 28
373910 2 30
535905 1 74
301889 13 6
1406878 82 8
150443 3 12
41479 5 4
788821 42 5
117580 7 24
247418 1 49
127148 4 6
4073659 45 39
334310 6 19
18218341 38 101
37233 1 16
4311468 52 33
5548519 37 122
193033 3 11
18117 1 5
25112 1 15
415951 60 7
582510 38 4
580602 18 24
3174038 52 42
468069 1 93
2261605 5 84
7763842 31 61
226761 5 7
309797 3 38
500739 21 6
69336 1 10
157752 3 21
1428939 4 83
19913163 41 91
4670612 23 41
41218 2 9
2077 2 1
206288 22 3
41891 11 3
587206 2 67
228280 17 15
1003120 4 95
1051441 16 17
1359247 6 39
62601 1 15
161886 11 28
450826 17 26
1840140 52 13
39379 2 43
376657 4 23
875825 7 30
792784 21 42
288827 13 4
2397971 16 20
6620543 47 27
284026 20 13
3058675 6 85
1015225 72 25
372025 7 18
310093 2 40
101513 4 27
127443 2 11
141986 1 45
943130 5 29
62969 2 20
12710847 22 93
2318449 21 36
12353 1 22
1831581 9 60
336609 19 3
560333 4 28
3950177 7 113
596642 14 6
6300 1 1
26441 3 8
21014 3 1
72251 9 4
3738873 27 22
192255 4 21
46036 1 11
5675767 15 60
680536 24 4
54462 18 1
85939 1 30
419454 3 22
171569 1 36
412417 8 67
4805604 31 115
3363184 19 37
177767 4 11
1080964 8 34
1269795 30 6
1415927 10 32
653319 25 17
3062664 6 132
2594334 17 38
2002598 11 24
26177 5 1
15940 1 4
476660 1 68
304656 15 3
899551 17 29
225285 1 51
37860 3 15
94388 1 19
701667 1 109
69773 8 14
730778 41 4
2375013 14 63
565890 69 3
3506000 18 43
1021500 11 73
1085379 7 80
644589 3 52
40811 3 3
22756507 39 81
280677 1 67
1197860 5 77
815787 41 8
2188970 23 129
1546000 13 47
5075909 63 11
11375119 25 94
1509731 40 7
309860 14 4
264781 1 49
366420 43 3
120807 11 8
1573061 41 53
799902 3 65
3782549 17 31
682888 5 80
420687 3 117
3082974 48 32
1733560 19 14
48635 1 7
1065791 21 13
818062 18 13
7786684 50 29
1305967 5 44
4371219 10 72
6975707 33 54
2068254 25 69
283977 1 41
1036231 67 7
18580 1 18
1234648 4 47
138998 21 8
510296 3 29
2617496 9 63
15379 1 19
1477801 18 11
1017617 3 84
3549618 37 18
3443263 30 29
1820423 9 34
602649 12 8
73757 8 15
198009 16 3
4544353 37 102
254791 35 11
152427 1 65
42074 5 13
57153 24 6
35364 4 7
7905464 49 39
18904 1 4
716960 22 20
167028 15 2
261393 5 11
549985 5 29
336956 1 65
425871 7 21
8623392 18 92
302239 2 22
1255584 40 22
149011 2 17
143658 1 37
12444077 35 106
2898721 5 109
7560650 25 52
1834977 17 41
5326538 43 21
3544957 29 25
225384 4 9
10641 1 2
6933559 27 36
1708990 21 39
431078 9 60
27253 1 4
904097 15 16
2318044 46 9
7595644 13 77
261851 5 13
7965855 15 133
2714444 31 22
1109508 30 9
3418782 55 15
3991930 11 60
371700 3 24
29992 1 5
59971 2 7
411005 9 43
93418 1 42
488461 3 35
1878243 15 24
560258 3 41
456107 8 87
1761140 20 123
5331658 29 34
297636 3 20
1719851 11 26
54710 32 3
1276583 36 5
88936 11 2
4455454 6 127
731635 19 13
89617 5 11
219223 4 11
144091 1 20
5976468 30 132
270712 1 63
3833 3 2
220699 16 2
687967 4 45
328742 26 12
1552911 2 128
512161 2 48
740878 58 3
106802 2 44
10218 3 3
87395 9 2
45804 8 2
218152 2 36
718396 6 25
6589455 22 64
43542 1 31
243708 30 10
41237 2 3
26497 4 2
242203 6 6
1919545 11 25
2032194 14 23
1515972 18 20
784340 1 125
93249 19 2
1833761 7 36
66507 3 16
161251 6 7
208048 4 30
173684 1 62
136176 11 11
7230056 21 63
1179151 12 16
369366 2 46
1788919 37 15
762495 7 15
1048872 4 41
1853236 6 50
2553475 25 23
57021 4 2
5338162 26 32
1127803 4 102
737177 5 28
795332 8 17
103863 8 2
380068 6 13
870414 1 143
16295802 22 113
1724801 7 42
1119379 4 110
12432 1 3
123526 5 20
168840 12 6
268837 7 6
81276 14 1
703284 11 17
59970 3 6
1651190 12 64
41741 1 15
406115 1 102
2275734 9 46
351979 14 27
4416370 12 53
30744797 50 123
118549 7 15
4879566 87 10
1238567 25 13
944540 4 44
416209 73 7
911992 4 39
1092601 4 94
395285 1 93
554562 4 26
12564 1 5
148606 1 26
727496 6 18
5313797 18 45
4893755 14 70
4692425 6 116
2441779 8 49
203685 2 29
17182 5 1
1825760 12 38
8328752 19 66
154227 93 2
450025 18 18
691651 12 42
2843668 13 58
959070 9 22
814200 25 13
96058 8 2
333443 1 48
9431247 44 50
49270 8 16
2341728 4 123
10478610 51 47
7474301 43 24
3885882 8 109
417412 2 62
65589 1 16
1919235 19 23
973735 41 5
206350 4 28
551488 1 82
270260 5 11
5883377 21 70
10015369 46 33
136463 3 13
996292 45 5
1129267 36 16
178167 2 17
550004 1 82
404093 30 3
6682544 74 23
245321 33 17
176513 3 15
4602420 13 47
47897 56 1
1364984 46 17
429129 3 28
241690 35 1
19591523 83 66
58572 1 15
4467713 12 81
151870 6 18
1832047 24 17
8181478 38 83
201061 8 9
5249933 37 35
3461789 12 53
236125 9 7
6534188 27 41
6390752 15 111
585121 5 89
117627 2 13
671300 3 35
4899550 20 73
6961824 46 30
1853005 19 73
3358263 13 49
15949 2 13
6944262 75 15
3689074 56 12
2656928 5 110
184653 1 36
5168646 15 92
337580 2 39
621595 1 114
226752 8 5
1189852 5 50
556896 5 64
1913305 36 12
217409 13 19
4842187 43 56
599966 10 9
522791 1 133
11176388 14 126
3235370 17 35
673971 3 103
803189 10 13
545749 8 57
4011481 13 52
837981 5 37
1193443 6 47
1069691 7 35
810394 6 23
12967566 89 29
53643 10 13
389361 5 19
477224 2 78
4589195 17 38
4570 1 8
3823086 22 43
2517035 77 11
1260493 7 98
7815340 37 48
721729 3 38
1374713 4 87
306233 1 52
8429 1 6
4473234 12 139
534860 42 2
299041 3 92
153604 2 13
13938631 27 83
23425 4 7
100867 17 10
28971302 33 133
460684 2 56
75028 1 30
2076104 14 73
2028457 11 39
1133457 8 19
5037474 25 27
467180 1 71
67163 8 2
26925 15 1
45308 9 1
13848139 18 105
5858795 32 36
1256 1 1
216276 8 7
141655 22 3
21143906 70 44
46976 1 69
234052 46 1
187537 15 2
64069 9 1
165019 1 41
41953 1 16
3137568 6 124
219291 17 17
62253 5 10
1066574 5 45
243199 7 16
4677764 14 48
1515547 8 38
13093285 45 48
3567606 18 29
130837 76 3
3699425 6 95
287187 2 31
28526648 41 111
142576 13 27
2014630 17 18
10481353 37 53
1122038 4 61
4182191 15 49
183621 9 6
810925 4 36
958096 4 42
15041499 27 77
885490 33 6
159828 5 71
80150 3 5
505178 2 34
127526 9 3
1184493 21 24
152600 11 2
1543688 18 17
613362 9 17
130034 1 26
923958 4 33
162723 35 1
1003043 6 24
3243158 9 99
74643 2 60
131274 10 9
32759 8 6
4994268 34 80
12118 1 28
463109 2 34
4634087 16 66
43291 5 2
627340 6 16
1223384 9 24
8562457 14 94
694902 6 20
398661 1 85
16773 1 6
1714835 7 36
1538846 21 10
2927459 11 80
2812017 8 76
1795398 14 24
3103644 9 77
186426 4 11
6849160 54 21
17926157 23 122
1728768 14 30
648275 57 2
1369239 18 41
3787856 16 89
1357275 44 72
18755 11 2
42156 1 32
25023057 51 86
123568 5 6
904515 57 26
8328 4 1
490807 8 12
141384 2 11
28689147 47 141
785297 13 15
123987 1 28
17390 3 14
2568498 27 24
101668 14 12
110150 62 2
88492 3 21
4619606 13 85
145042 11 3
147663 1 25
1307322 20 24
69246 2 5
1379682 3 64
5172306 15 104
102744 4 6
120813 2 18
43319699 104 76
3561169 30 66
1093229 28 6
228226 1 36
9652516 18 113
7993977 57 30
2214754 6 67
713741 2 74
156768 1 50
2014015 18 19
451 1 1
2240440 12 32
1540823 24 10
2087302 13 33
710343 2 65
146012 1 22
4473509 30 31
914720 48 34
11866 1 27
1118451 2 94
469536 45 3
1589817 10 104
3223393 17 48
291461 1 64
85609 1 25
13664352 40 81
72289 8 22
328982 1 49
12785938 41 62
378521 48 2
264482 4 56
9853 1 4
98284 1 32
344215 29 2
441314 27 4
921410 4 56
64544 1 39
191963 20 2
509129 7 13
228630 3 13
6657670 61 43
1959867 83 35
158358 3 7
2372298 14 23
871472 11 11
2989214 13 60
2199805 41 9
661675 21 6
1136589 50 5
4320567 48 23
91959 1 13
413268 23 40
375525 31 26
4359267 35 66
14225 3 9
2209994 23 28
14646 1 15
2419414 21 51
7385781 26 66
6387 2 1
629442 9 11
667912 22 31
16326862 24 98
32827 33 2
199658 1 33
769095 12 77
490839 9 62
582356 5 28
407462 3 108
10334 4 2
810847 7 22
754578 26 32
602993 6 46
437596 1 65
148745 8 4
34746 1 22
63812 1 19
9768 1 12
82169 5 41
1892239 21 24
27500 3 12
717836 14 7
464553 11 42
12629 2 2
91558 2 33
279921 8 9
24848528 76 74
108759 10 5
34975 2 5
19258 5 1
5807821 7 111
47760 11 3
300764 1 66
3207300 6 75
558202 3 40
1248592 5 41
1772248 7 46
191685 10 28
791699 4 33
7923 3 2
1140514 10 28
412247 7 14
8646 1 5
245276 17 24
71563 5 2
1043755 11 75
2874263 16 42
206028 12 9
26906 2 12
1423507 30 12
318671 6 46
1263679 43 13
3951673 43 41
759362 22 6
304403 7 7
209916 19 10
1311381 8 130
1531228 6 62
504987 28 4
3782228 9 92
60874 5 3
1396411 10 19
132646 14 9
220146 7 12
613188 20 8
10992609 23 102
188079 1 98
3536419 10 67
9262 9 1
868838 8 64
807088 7 24
2623772 3 117
30296849 53 101
3456504 8 102
13664246 39 68
627355 2 75
68721 1 11
134102 4 47
237945 1 36
771074 5 21
3733348 22 42
1617223 53 7
200308 2 22
61175 2 5
4886497 10 89
246851 10 31
540506 29 35
2045068 40 49
23691 4 2
38131 1 6
8124199 10 111
5639582 18 49
2302483 15 72
2750 1 6
384545 17 5
90992 12 1
2967806 24 51
119515 20 5
3177161 17 40
172884 5 32
1245249 4 69
2678404 73 9
1250630 2 101
207980 2 23
170335 17 26
275226 4 35
108564 8 5
2979767 37 45
1168926 4 89
8919652 16 99
1890398 16 24
6456842 24 41
478698 5 65
9999 1 21
2991323 5 124
242478 21 29
97100 1 23
42551 1 7
250955 1 61
48424 1 28
945559 17 14
147113 2 29
226350 4 8
331191 17 14
394672 5 20
632226 21 5
442206 1 66
1464732 10 66
1383387 10 25
50535 1 31
196383 11 12
166064 4 22
189828 1 49
230157 3 20
1600327 4 57
10897988 34 46
1436536 8 92
8247 1 15
6055656 34 50
2270613 13 91
58801 1 9
173345 2 53
4163371 6 105
1463482 18 26
1634912 3 85
16702 1 5
214593 2 20
1334831 4 78
3942194 9 61
276976 20 3
6381039 18 60
1700824 9 28
279898 2 61
2314752 59 15
146130 1 31
479122 2 35
466175 1 79
1472480 4 61
2132228 32 33
159706 12 2
28657809 34 115
7028893 12 83
10425437 30 120
169656 14 4
202360 9 8
1691782 22 14
4012066 34 36
235079 1 56
12653 3 1
2136061 9 44
619887 7 17
390002 4 47
535118 3 46
6704350 20 80
1036087 10 65
223221 2 57
3411621 9 50
1582189 5 79
5690322 27 29
29074 1 15
1106227 3 71
7908579 11 111
95045 5 5
4024107 35 19
10427 4 4
2010250 8 76
38614 28 3
4105 2 5
7034 1 1
169734 5 7
447630 6 11
30580 1 14
358043 11 26
435634 20 5
39836 1 47
418373 10 9
207482 1 87
40560 2 5
2728 3 1
325977 3 21
54842 10 2
72520 4 4
145746 3 32
1025764 18 20
1261354 15 27
304588 5 13
64884 19 1
11657659 28 98
127209 3 14
190588 19 20
4743 1 5
451839 2 32
3432899 15 39
417729 29 33
160674 19 5
341871 1 86
592167 2 94
303990 21 2
963803 8 19
1807919 8 42
34635 4 2
2892682 8 48
4648632 12 78
10815679 29 57
187861 2 39
43681 31 1
99444 3 5
63453 1 17
6318704 41 76
179216 3 21
7459500 65 40
246486 8 8
51146 4 3
1649496 8 53
10882139 20 90
382788 21 3
411944 29 3
4044378 35 104
408275 22 4
1503730 13 20
174932 11 3
301840 2 26
527527 1 104
27728 1 4
1775905 20 26
170798 1 27
384825 1 61
10351524 19 84
7089583 25 57
281568 14 3
114200 15 2
975078 69 11
660806 22 46
6268022 58 16
206805 2 38
179786 2 22
990801 9 24
1684996 24 37
834270 1 142
268151 1 52
281933 30 4
48496 8 13
947040 18 7
2809521 13 49
4642865 11 79
1477146 15 22
393875 20 9
15822646 46 75
2175993 20 69
881065 5 45
131566 2 14
2266173 39 91
782206 14 56
1112226 12 15
7208508 53 18
528441 3 118
5393 1 1
1158498 9 37
35068 7 6
120613 17 1
2367586 11 33
8684 1 10
170932 2 25
395466 8 10
1134830 33 7
2843787 3 132
48743 1 55
2627367 61 14
59911 5 8
3040856 23 18
282656 2 28
15296 1 7
1450187 59 31
20390583 43 77
4593 1 4
2420507 19 25
260867 35 3
2441743 14 31
331407 3 23
287042 5 10
10744 1 2
119697 3 28
14449342 44 59
2360848 10 47
60689 5 23
17861 2 4
567537 8 13
15703863 65 38
5082731 64 16
299574 4 13
46717 2 24
508303 2 42
24489 1 4
176774 42 4
116516 8 8
1468005 83 37
3914817 41 58
435335 20 10
387463 22 44
1262027 29 6
6237120 34 36
83010 5 33
7938791 25 44
256240 1 40
128082 6 3
1406449 21 20
1010022 9 21
3698127 21 76
329077 1 78
446518 14 5
648379 24 7
3857515 22 91
1650276 7 44
1073179 18 13
773897 23 10
8568 2 3
540660 43 2
961394 24 8
730720 1 102
8341996 14 86
1514355 26 8
356219 9 29
281334 2 33
137966 1 107
2514744 9 51
561515 6 13
2030500 10 51
1960773 15 26
660460 15 10
1103106 3 95
2736690 33 15
1000032 6 104
2102616 8 50
346448 5 87
25735 4 1
298894 2 56
15507 5 8
2429897 13 31
291485 3 14
369376 4 14
126721 1 21
1048888 26 8
61213 7 6
5050679 26 45
2115078 9 34
23739286 57 74
109064 1 54
1464577 2 105
1116434 30 24
2618710 42 10
4271 1 1
50249 6 15
413134 41 8
2012992 23 29
8569996 36 32
487976 2 35
365135 4 13
1336042 9 56
63833 13 1
172031 24 1
455241 10 11
475204 5 23
5794019 24 59
154432 12 8
694362 1 104
2035429 14 21
372477 2 38
2551372 23 26
1487218 21 10
10497246 17 116
102146 1 22
353874 13 4
3675902 27 27
2705924 8 59
1602765 53 6
7854524 49 39
4554149 17 68
2519383 26 24
20386058 45 81
1950062 27 18
2207699 12 28
468599 7 14
12125779 20 86
11682530 77 49
4228 1 10
17291 7 5
2118971 26 40
2631423 20 65
11157946 14 134
11381975 40 67
5095588 19 46
6179024 21 52
543382 55 5
271104 24 15
17569082 56 56
394281 39 6
11995326 113 14
4415330 19 32
3507941 35 22
1468097 11 35
242714 1 39
2053730 5 111
2063476 15 20
2287347 39 12
37595 7 6
102559 13 4
372959 14 6
3954071 15 51
3047 4 1
205742 4 13
49046 4 30
13527 10 1
15516 4 3
1962997 4 125
2792616 29 23
116916 3 8
6646038 21 43
6104871 25 34
2554 2 2
517170 19 5
370921 1 54
22635385 38 111
455651 8 11
1434355 4 65
45673 1 23
3673662 29 18
16001 3 1
11468 3 2
91553 3 6
2390949 9 101
95881 34 2
5269735 40 22
89815 3 32
1326859 37 47
629124 6 46
3060390 9 47
2439400 39 20
626049 1 85
5516222 58 40
247649 2 25
541064 2 110
547580 5 76
984715 21 10
22097 16 1
27922 1 8
3500445 13 43
1132561 42 4
149027 10 2
501607 1 72
3928457 75 21
6449659 24 53
336997 9 31
45596 1 40
458721 1 81
211642 2 16
287871 9 18
2392587 7 75
98438 2 21
2140436 18 69
1377541 12 22
724012 6 38
499083 9 10
276079 5 21
161853 3 11
316628 6 9
12183249 52 81
712324 2 56
263588 10 28
277401 3 16
2888325 12 62
3120454 11 46
84661 5 7
78761 1 13
989367 7 25
922607 19 79
314325 2 44
2382661 14 57
242715 3 16
31084164 58 90
7726369 17 96
647544 3 30
73962 18 5
806032 6 90
492883 12 6
261396 2 24
2316729 17 26
8947794 31 42
39066 1 43
2712254 18 37
15787 2 14
242902 1 57
49821 1 22
18615 3 4
3660091 7 70
805951 3 49
53869 3 8
1354887 18 25
9338 3 1
1606935 11 30
3157283 23 20
343560 18 5
1433848 3 72
3985774 52 21
54810 14 1
434169 6 19
1151813 5 109
89920 1 15
14595804 43 79
201564 1 87
310138 6 13
140791 6 28
537537 13 62
1543856 23 17
169763 3 24
623647 41 13
2397735 5 66
1487258 15 103
102062 1 20
557233 10 11
267424 1 46
2401418 6 71
25309 1 4
7049744 30 40
1538057 27 24
13959467 32 71
834135 5 52
302490 8 24
2721035 9 58
23470 2 3
9493628 18 71
69564 22 2
7120 1 11
1182246 4 57
7304715 21 49
19297 1 42
797039 15 34
736090 4 102
4157985 12 69
1118281 29 14
664232 10 134
1251472 4 67
3505769 22 25
492930 53 2
929463 18 9
195308 18 11
19864 10 2
76617 8 2
898876 38 5
12725 1 3
1628158 21 16
699705 18 17
1926439 49 17
137023 2 98
6083370 17 77
104239 2 85
2920552 9 60
8323736 23 68
5700876 8 112
667965 13 11
3736365 34 17
591085 5 25
4098577 43 13
1138738 3 72
1192286 2 116
4097888 17 38
5760120 69 20
752303 9 75
969505 2 82
1978829 22 19
3697595 54 10
305903 1 112
223782 1 43
609682 2 74
222140 1 44
149911 5 78
274441 8 5
33168 5 6
14889 1 4
38279 6 12
1134887 14 37
7651379 12 85
29268 1 4
1904836 3 101
1995391 21 16
164211 1 70
214562 2 57
7590140 34 68
4592899 19 69
13618948 50 68
75405 2 6
3304769 16 33
18114841 51 62
18778 1 48
302722 3 32
521432 5 61
399419 1 56
1862765 66 4
2711732 19 34
323537 5 23
32101 1 9
2236175 40 72
761666 14 40
801878 11 18
3138380 10 71
2424783 26 32
81286 7 3
145550 20 1
1372038 25 13
353886 5 31
47324 3 7
5419 1 6
214417 34 1
2271042 12 44
202191 1 41
355645 53 4
7222023 33 34
2701754 8 51
660335 4 39
606867 8 25
30663 1 32
819843 27 6
302359 12 5
125164 28 2
37460 3 2
81566 13 4
466352 10 41
263244 3 29
383137 4 13
46535 1 9
285670 7 9
1692756 16 25
159638 1 30
189009 1 49
859034 7 17
93859 5 4
1250522 18 51
2109874 12 45
102318 10 24
2451859 10 43
614855 4 28
377174 19 14
37038 1 6
2585 3 2
1281663 7 37
2411582 32 10
202852 4 12
611215 6 49
1759 2 1
5098340 26 53
53979 2 39
329269 1 52
3091964 20 26
7509957 28 48
21217 1 5
730644 8 117
753424 16 7
267376 17 20
2340587 11 53
5262817 12 113
415450 1 76
13951750 53 36
355923 2 25
1164938 30 6
6848387 18 74
135748 3 29
9854885 32 47
6893786 25 49
3860490 26 42
185258 2 48
1974404 8 38
36700 8 1
2686116 10 56
304169 3 45
9750893 17 117
1298234 4 80
905602 18 13
498759 2 59
846742 20 6
275959 2 31
4001501 12 66
3438 1 2
8708013 24 48
3574126 11 44
71871 2 61
379523 2 28
6102504 41 39
35466 1 39
161119 26 1
308789 17 3
979750 3 71
60199 1 15
49390 1 8
1531157 15 30
307614 6 41
877379 12 19
757905 24 5
139304 1 37
789077 2 65
1132481 3 76
3336295 24 23
214555 3 51
151162 3 11
9201669 42 40
183942 8 9
12114874 21 143
1725524 4 72
703881 10 50
788704 5 37
770687 12 33
8177316 25 52
25096 1 7
124033 27 4
701313 20 13
47157 14 3
10723341 33 69
897818 11 21
83944 1 20
2144055 27 15
62834 3 20
325112 3 31
50770 11 1
40276 9 2
4840331 11 72
23655249 66 55
68959 2 9
1350253 54 38
286216 2 26
304463 40 2
8496 1 2
561710 39 10
601959 17 7
565137 24 55
1665283 6 58
3309870 22 108
798171 27 4
103721 2 34
1670844 14 17
546861 4 35
177504 1 25
1703265 22 49
1560756 74 5
1041671 4 93
670881 3 34
15488 8 1
278058 5 33
747142 18 38
292419 8 6
6207041 7 121
3719494 34 27
1177757 19 13
302146 4 12
994756 12 20
432337 5 23
10588171 28 67
403695 3 31
1248002 14 34
75993 28 1
561722 13 55
47165 4 3
34939 4 2
1975758 25 17
13062589 36 70
6913489 36 43
17247989 42 66
72687 9 16
1226671 13 15
186349 5 21
1215118 11 15
1425361 14 19
29254 7 2
16846 1 4
21655670 53 81
358823 12 5
172706 6 4
2204317 8 45
316077 2 39
15848329 58 49
868692 5 115
21917 1 3
57130 7 2
24357 1 30
9715675 45 46
64957 5 2
690211 3 48
66383 1 12
870942 6 64
145828 22 1
3710099 31 19
387582 4 24
1256199 18 26
1037363 39 55
3295586 10 47
1255519 16 40
385277 3 27
691589 2 47
2010746 31 21
63375 8 2
838197 2 74
1275868 4 77
149901 4 5
356664 5 11
1776321 19 16
472315 32 3
5862867 59 23
180619 11 3
1519115 5 45
765268 58 14
52786 1 84
562932 20 11
3844321 36 19
1276962 3 91
3626414 17 31
4624511 20 43
21713 1 3
7576694 33 36
4545485 33 34
369193 3 44
122184 20 2
175363 1 56
3728190 19 42
3171988 29 60
455015 3 45
2835432 4 122
789752 4 34
1913952 21 23
19397 5 1
207251 15 3
1148423 23 29
250191 1 43
3175271 11 59
616444 39 4
475820 13 8
50461 1 10
3216641 27 82
1408895 38 7
5666951 56 22
65219 1 14
856173 5 58
2948963 8 94
37620 1 6
2437243 42 14
226479 34 1
4711405 12 73
148859 39 2
1752883 4 112
3047869 7 85
395070 4 21
180114 16 7
42538 1 10
510249 31 27
4238693 15 69
261351 10 5
180332 2 21
593676 25 6
341571 22 11
424210 7 37
1547248 4 70
858175 9 19
38288 8 1
110129 7 3
998858 19 7
9149851 39 49
1661871 37 8
8226 2 6
3380961 6 93
13843678 31 65
5712561 12 66
93728 9 3
918791 7 19
18216 2 21
91364 7 4
1926971 7 56
1114221 32 6
9852201 27 85
3739770 28 91
1370962 3 70
96629 14 7
37092 3 3
751026 5 34
605287 8 13
5762506 20 44
844734 13 20
301730 9 23
16348 4 1
4427888 16 54
18652504 20 126
23730586 54 80
2453679 17 27
126032 7 18
320825 3 22
35490 15 1
2761038 13 31
4371605 10 59
125762 1 30
3533122 45 14
5669 1 1
964665 12 14
15420032 42 54
8371535 25 93
107702 16 1
145719 2 16
466176 4 22
118303 9 16
44776 1 9
146475 4 5
81447 12 2
1270712 12 74
9089429 43 91
10696000 20 90
2216164 16 46
1061545 18 18
1138822 20 13
146416 2 16
1103440 28 10
515222 16 5
6943467 67 57
12272565 74 35
216384 26 3
19050529 55 64
289039 15 15
12994916 28 80
155813 2 19
1866350 8 66
566367 8 51
1832276 13 50
2389033 14 35
29565 1 52
2137360 8 65
2727220 11 58
461800 4 25
777911 9 29
75351 1 20
422426 5 15
15876871 22 99
256127 9 5
729703 18 10
20600672 38 98
1137996 6 99
806435 56 9
823838 4 78
5553710 77 22
66155 7 9
44836 1 19
371445 6 30
1606924 8 61
106499 2 22
510592 12 85
2606339 17 34
454972 2 42
3518681 17 37
305733 5 20
2675 3 2
2911246 10 68
7686715 12 104
257411 1 38
542033 9 10
323225 13 29
2859527 6 104
2504249 8 56
101671 1 24
2955180 17 32
21880946 54 79
6038792 14 75
24790605 68 50
963860 41 25
76981 5 19
72682 6 2
265855 1 61
6389335 17 51
2862120 13 36
983370 2 101
117724 1 31
335245 2 23
1097184 15 87
42552 1 62
5037084 31 30
2843932 4 135
566321 2 76
506107 2 63
91000 2 39
8149834 35 108
1612200 46 59
3463040 9 107
942864 19 10
7732740 15 75
3281898 10 111
3912543 7 119
131926 3 9
936198 5 31
1312901 27 16
2743961 27 16
83158 1 99
6456479 39 24
1244003 2 118
2981711 8 52
124539 2 46
1162292 44 5
2022457 14 23
3233458 25 23
9667838 41 94
6794838 21 64
3357026 87 77
67973 1 13
136832 5 14
806303 17 9
2917634 6 81
284191 5 39
2867362 18 35
529899 1 82
271644 35 2
639977 35 3
5047003 25 39
202747 5 6
836291 66 3
144298 19 11
3282891 21 121
7641322 43 67
1982777 28 36
134920 2 14
26834 2 2
6275907 29 80
296749 13 6
468791 1 97
2841141 34 35
6194368 21 71
98379 8 3
1507777 39 6
9480700 45 29
190294 2 16
1521 1 3
184566 10 9
49165 1 36
390722 2 74
10442 1 2
10369915 21 69
239925 7 53
11855879 41 62
174538 1 44
87688 2 31
11032221 29 114
114166 4 7
3833577 31 32
1042714 5 37
71657 1 43
1391276 4 87
8497380 31 62
782383 7 21
13392348 37 56
4200671 16 50
12870270 45 58
2034330 57 22
263930 6 19
1326740 19 14
1612899 9 34
134408 12 23
10056811 30 57
72114 19 1
5742 1 7
133521 1 58
1099530 28 87
548453 5 20
954655 5 26
698693 35 4
194835 10 33
7317869 33 127
47839 4 4
2218943 19 33
3728422 8 98
229717 6 10
1101566 23 21
531767 18 10
662624 28 31
2385390 4 96
1214887 12 26
3941154 9 90
542501 3 91
81983 5 4
30635 3 2
8893852 24 71
303647 1 85
28013 2 19
5296109 90 94
156106 1 23
7843508 17 65
571998 1 113
929193 2 82
1431483 15 65
62583 2 11
273089 62 2
6139270 32 30
204833 31 2
241115 3 11
203343 1 71
1037659 4 56
1204668 4 65
81837 5 4
418858 16 6
542387 15 5
81186 5 3
740091 16 15
1400968 32 93
1132777 7 42
631748 11 89
681960 6 16
248561 1 94
2548771 44 12
2473006 7 76
967425 14 13
750872 32 23
177848 1 30
546669 30 3
1420171 7 30
9446 3 5
66106 3 13
5117 1 1
190243 54 3
369646 30 3
201830 3 64
157157 2 13
635900 1 84
677002 4 32
90615 1 23
12238 1 13
158111 2 20
1128077 15 64
464479 12 34
8201 1 19
1601029 2 108
367618 16 52
509445 4 55
9919587 44 46
414212 57 3
539509 2 138
1943929 19 15
3725785 17 39
9850916 84 16
54475 2 12
445644 1 88
97949 1 25
442022 15 11
3329454 18 30
1200120 15 53
613410 4 34
72016 3 60
890081 17 25
14397 1 10
4550015 10 97
768062 9 87
1883940 21 19
63900 8 2
59299 11 3
7736179 13 121
16694 1 3
3413918 11 106
9746958 39 35
279711 3 71
4082932 74 30
613135 2 91
5304672 8 118
2569078 8 47
9036202 32 73
6121 3 3
137380 61 1
163641 3 86
1528320 3 92
2005431 10 28
1540692 14 18
25250 1 4
1446153 26 12
394604 3 25
1759807 44 9
1421071 4 49
9447 2 1
263734 17 3
179964 28 15
747911 66 2
397736 21 8
115936 2 32
401925 41 7
1383218 36 9
58126 1 49
758680 18 6
78207 5 28
1899623 10 48
40635 1 12
3263035 49 9
379284 7 83
4076 2 1
5717894 36 24
738715 2 65
2180050 5 80
198551 6 19
131022 18 6
3609560 33 17
611444 19 7
152320 1 33
5820091 14 55
2705233 10 53
227378 1 44
228931 3 34
1270679 8 23
68894 1 43
4310714 30 37
75968 44 1
5651418 35 40
17903759 43 79
494591 24 4
9872303 27 96
1615931 9 39
168448 1 86
244865 1 81
5866 4 1
8621444 41 62
181804 4 7
125186 11 12
19840 3 1
1294076 13 39
2002587 24 11
89881 20 1
1225510 13 13
5167770 7 99
749992 25 7
274129 1 88
248482 3 44
145129 11 3
10491680 23 62
296284 26 3
87482 4 20
439244 3 20
536135 6 46
4644796 27 87
143369 2 17
784995 3 93
29125 4 3
10053430 28 79
3282368 35 64
1584577 66 5
1735232 10 34
1751524 12 56
76808 3 6
1013149 33 5
240915 7 6
1517636 14 35
8305757 27 60
203199 4 9
80524 2 26
186612 2 14
14278707 43 47
176929 19 19
614470 8 16
40605 20 1
38469 7 1
41429248 77 116
968729 5 91
18339 1 3
13091 19 1
177854 4 10
115077 2 26
385562 19 4
6748884 22 73
2772248 24 78
1505541 6 35
2620111 17 100
1752798 6 61
1039088 2 78
15493 3 1
34308 1 37
242641 7 43
10760814 40 60
91529 4 6
4903528 44 15
5308305 28 67
2978111 6 75
11492307 19 128
746245 16 11
1737784 6 66
5039556 59 21
6786120 9 107
1562765 8 106
143102 5 11
15218 6 3
3309231 84 8
577047 17 47
7357557 74 15
1847472 13 72
616610 1 135
75867 6 3
549302 2 46
25307 2 4
1343570 54 21
5751708 22 50
3794452 16 51
1969909 7 91
121123 2 24
200860 18 12
1059311 3 84
12444617 68 71
8840238 13 101
563817 4 32
160576 14 3
5843870 20 42
24674 8 8
6336140 41 26
842410 70 2
1655663 7 38
1202562 13 95
3518742 10 88
29914 2 2
456029 5 22
1848915 3 83
1493119 11 30
325986 52 1
101179 2 13
18086798 42 103
11272330 25 85
153620 4 8
20128 5 7
2807268 20 24
210809 1 41
421864 3 29
58066 3 5
450869 62 13
511927 47 11
71611 10 1
377188 1 53
61350 15 1
6662509 50 19
37565 5 1
5226992 14 52
86741 5 3
2933 1 2
13128510 41 69
5051236 75 12
2399651 18 72
5008406 22 80
140904 7 14
1017923 15 9
2443115 25 17
2689295 13 68
368594 11 19
6190289 18 84
4509669 46 29
278938 1 59
119534 7 15
12133844 70 69
1000515 3 115
807612 3 47
144761 81 3
1873825 4 117
67482 1 39
15711591 64 36
92910 2 51
403920 14 13
1519186 7 29
1007746 6 116
609444 9 10
53225 5 3
10915527 31 59
426159 1 112
374101 2 25
219695 4 61
5718976 42 42
197160 3 12
47725 43 1
26162110 51 103
33752 4 6
946599 6 43
1953794 18 21
2226198 8 41
47198 1 10
4187068 16 43
278425 1 57
32883 1 8
14121137 31 76
266250 7 6
8164132 55 23
7652466 34 38
95427 3 8
45111 2 5
1190930 2 125
76454 7 18
2979001 13 40
1409125 6 64
1033419 8 26
535780 10 14
15376333 39 57
4738060 29 35
63824 30 4
473994 20 4
117934 16 4
1280268 11 16
1123612 5 57
629393 21 4
4029050 18 42
92740 1 56
2195945 6 104
494149 11 6
1098532 2 88
181035 20 2
1907028 33 14
101670 4 6
3664007 20 47
3215134 24 67
339861 1 45
1621017 19 13
9745549 102 22
9427566 22 68
329400 1 75
7035108 27 58
67869 1 65
1012498 9 110
38772 2 16
4757063 31 109
398704 67 1
3505195 7 80
20306 7 2
534210 6 22
2633240 6 85
630734 2 48
2233061 4 82
6067924 10 86
1063398 4 39
6594467 37 30
2017971 13 23
664659 21 6
280903 2 32
8528116 48 43
367575 28 2
2541177 24 20
85990 1 16
2140949 7 75
333063 26 2
24749 17 2
395767 3 23
1237676 6 38
1935825 12 36
162168 28 9
7252 1 1
4839875 26 30
1182655 3 68
230056 17 2
199456 12 4
87458 81 1
7218024 10 97
33783892 93 66
16545 3 1
191927 3 10
7277813 16 103
94536 8 2
402341 2 37
458765 34 2
108035 1 25
1039854 27 32
1241397 15 16
37747 1 46
576423 28 15
7770 1 3
1164385 10 29
14303 2 1
387226 5 33
594883 5 39
883694 4 39
309669 21 3
1060593 13 28
1824135 7 47
10746 22 1
15518434 32 74
1242403 52 18
1621180 9 42
2256292 6 63
8226 5 3
84009 3 9
20790 1 35
134430 1 36
163648 12 26
142341 1 99
895092 22 30
119884 3 17
655481 4 35
4740691 22 35
481318 1 98
801225 6 35
1713766 26 29
44183 1 6
1647899 55 4
203569 3 13
1182047 91 3
11498 12 1
56555 1 11
636363 9 12
47481 9 9
622474 6 26
2776471 14 49
220395 3 47
1117793 11 24
27136 5 3
4514428 20 79
248254 9 14
15890716 36 60
99358 1 35
1892407 21 100
637459 11 10
251176 22 3
6326157 43 47
39922 1 31
832151 19 76
742919 6 42
1488207 8 31
697640 11 11
13821 1 23
2033128 13 35
73703 7 6
1282555 8 22
6177540 20 47
321869 2 134
142513 3 9
1307323 2 114
257043 3 21
971888 9 15
1438422 23 43
1023120 5 46
323403 1 79
543846 1 89
115216 2 9
230568 3 18
8733631 49 32
134734 5 7
177265 6 15
1192360 12 22
3228001 29 18
2655018 12 102
2776350 35 44
2603949 29 14
298688 1 46
211250 17 7
1453189 6 50
2257960 3 114
329217 5 45
69699 3 6
11708179 22 129
543406 9 62
5357732 43 18
22242 2 2
8823154 32 39
3416 2 2
67773 25 5
22928 3 2
8864841 54 131
364949 6 56
2405050 26 24
1036505 15 20
269936 31 2
831126 39 12
92612 2 12
3178876 25 26
589311 8 23
16155444 27 111
8077790 11 106
1559797 6 50
2698111 4 93
55252 3 4
342472 7 8
975000 14 26
166229 19 16
86963 1 17
4427301 11 79
58080 1 11
3000299 34 27
2281012 7 55
71753 36 1
6904429 29 62
72661 4 46
1299895 20 77
222187 6 12
5372155 36 21
4597031 57 47
6464175 8 125
1887137 7 59
4057908 10 61
780822 5 30
115610 2 9
4113884 13 70
1950437 6 60
12321537 42 67
382584 11 7
20871846 68 53
20543349 27 102
8656 1 15
167053 1 28
40971 3 6
191091 4 11
4867618 21 86
268722 4 9
750310 27 5
156174 1 26
153279 2 44
11947746 27 82
2002915 3 132
663410 12 12
1295221 24 15
581216 12 8
549727 3 26
190464 3 9
6666464 20 49
2950466 28 32
28013063 47 97
124535 1 19
1680819 37 9
482725 20 14
296814 5 26
57588 2 7
5307807 9 82
374114 6 10
883280 42 12
351252 2 45
189051 3 36
331232 1 50
2776827 8 68
734230 4 41
255138 15 37
128786 2 107
5129246 49 23
339336 1 70
513002 4 46
41058 8 3
305531 7 43
1452462 3 71
13428701 41 45
877919 7 57
238143 3 70
1065667 21 78
112414 1 35
4535089 52 19
236195 43 1
3697443 31 23
370807 4 20
6234269 26 64
194262 1 74
1302801 29 16
91080 2 39
221821 2 16
10777223 13 113
1652329 8 41
132492 9 16
1211039 20 13
176242 2 23
5582811 7 125
283972 2 22
6519 1 2
3092323 17 29
202633 5 9
108711 7 7
3146069 35 82
8713862 35 44
1535034 17 26
155875 5 7
1530915 22 14
1885664 28 61
849036 10 52
8469229 57 30
4742467 11 78
2369164 33 31
1707410 15 15
1685082 27 16
137455 9 6
2644070 21 34
1512716 11 44
457318 2 42
275267 39 10
5105867 40 36
74939 2 5
493657 7 21
5718236 23 88
