145 1579 2149
21 52 42 71 36 29 49 48 55 19 12 1 14 31 17 46 43 72 76 4 34 72 11 47 51 30 17 42 81 74 88 59 16 47 6 63 56 84 72 52 20 48 72 70 38 25 29 46 26 49 36 7 74 62 18 20 48 37 59 34 39 33 74 54 5 27 81 88 33 16 88 56 75 46 24 65 17 38 69 48 63 35 40 22 66 74 27 27 84 56 60 16 59 89 15 75 53 9 89 83 71 37 42 21 36 71 17 89 51 12 60 9 71 86 72 4 55 42 78 71 12 52 36 53 14 30 41 76 74 81 42 64 41 6 54 3 42 57 36 50 26 69 60 43 61
1600586 16 60
147695 80 2
206642 5 21
2817041 28 48
33597 3 53
4394289 78 29
44104 1 27
148950 5 15
1480854 24 49
419169 57 19
107100 4 13
18178 2 35
1214889 75 13
54140 32 5
190623 34 26
734627 18 20
101137 10 11
71249 3 13
803651 20 25
305693 52 4
19744 24 2
224805 5 28
50879 2 12
8821 1 5
91145 2 36
430674 34 8
345618 21 15
53389 3 32
5580 1 4
103854 6 15
274461 4 41
1619021 52 20
213178 9 25
24537 1 20
971701 21 22
6636284 93 55
654525 28 20
4202 1 11
435687 17 23
999484 46 20
14210 5 3
406258 38 29
8324 4 3
1273966 47 14
220635 8 18
426967 80 23
5675515 85 59
15397 7 2
35897 2 16
12974 3 3
1017 3 1
32343 1 44
144472 4 24
14084 5 2
126238 9 25
100854 4 17
11439 7 4
35587 48 5
663639 51 19
37986 8 21
323725 27 15
7937 3 12
394041 94 3
113634 10 9
80485 1 42
1117145 45 53
101024 3 22
2015823 38 46
306945 7 36
935095 9 54
975465 15 34
175021 21 6
2112629 37 35
306874 19 26
7717 2 2
118655 2 34
345676 78 7
74590 6 58
410550 77 23
515602 5 61
181645 3 63
191289 5 24
16531 2 7
987101 17 40
6637 1 6
3721760 70 28
197782 13 14
181608 11 12
37017 25 5
308291 12 26
60670 4 13
820309 83 20
62218 6 54
14002 1 18
186697 8 12
1916 1 4
16796 10 3
86929 1 59
17626 12 1
138422 45 5
150378 8 26
12282 3 11
9034 17 1
87431 65 11
239 2 1
46049 3 12
240075 24 7
1312178 14 55
37917 6 26
723525 16 35
35585 5 6
641478 16 26
68094 18 2
9594 5 2
2647 9 1
60399 70 1
313875 12 24
186238 10 39
5581421 45 58
148022 15 5
592946 45 8
39959 15 2
9714 2 3
141906 5 18
218040 28 19
197568 10 28
211861 2 65
120932 12 34
361615 8 22
501700 72 25
250990 18 41
119351 27 40
325870 88 10
264198 20 12
20336 24 6
397018 20 40
19898 6 8
415368 48 49
31432 2 8
676772 29 11
889457 53 18
381496 39 8
77462 3 13
147298 30 18
84850 5 12
729331 15 28
120995 10 9
707822 46 12
46118 13 3
716512 9 76
714689 16 24
67740 8 12
42439 10 2
322804 15 12
174231 39 18
409734 29 8
5573 1 8
1956780 29 34
1608723 24 48
422889 6 37
24319 21 1
500101 7 41
64006 3 12
93051 45 1
110766 15 42
117740 5 14
6769 19 3
14427 7 1
15749 16 1
152943 84 10
2730548 39 40
31882 6 4
41052 2 50
8011 1 45
89439 2 44
281860 12 28
157663 8 18
9235 1 7
14862 5 18
1203937 15 43
643861 43 12
210804 9 25
143010 2 44
84901 10 5
60111 1 43
276437 8 47
608566 13 24
98642 4 19
1353741 23 30
38792 12 6
1685097 23 35
88602 13 37
3850339 62 29
114702 2 33
40346 6 6
56409 4 10
2201192 19 62
108039 16 6
208560 13 12
11994 18 1
296681 4 35
84713 7 9
1220817 24 45
43545 1 22
64441 1 32
128547 5 18
281490 12 17
139531 7 16
35491 28 1
13566 2 4
733068 44 22
125055 41 11
1674635 30 28
1143617 33 18
783154 14 30
141901 6 33
204441 6 22
5202 7 1
583953 7 48
1250627 11 88
128295 24 4
471525 7 49
186863 4 43
5264 1 15
562855 43 26
22557 20 3
58109 30 1
939826 49 62
347513 32 8
32159 6 4
66152 1 40
777860 52 11
34161 11 2
266775 73 18
157982 2 62
8235 6 1
622306 35 16
257690 16 15
89262 1 53
19708 7 2
3590 1 4
940098 41 13
217354 3 38
137485 5 19
1489919 65 19
416716 13 27
1558261 24 36
409850 16 20
6437 3 2
4621 11 2
24830 1 13
481979 11 64
21434 2 6
94030 3 18
2277522 88 15
2846 7 1
427803 35 10
1158693 35 47
40819 1 30
321214 20 21
46641 13 2
5098 3 9
69295 4 31
40990 40 2
61867 6 30
19275 8 6
9857 9 1
533800 13 23
857437 19 30
10372 1 6
877325 18 25
59089 2 65
33629 2 32
235569 24 7
731230 33 88
47244 11 6
478739 18 15
34695 12 15
469210 72 4
2541128 45 30
248748 28 56
24103 1 19
55944 3 48
883820 34 18
120519 18 57
1008976 64 46
278474 17 15
9094 5 1
285242 9 19
294533 4 40
12257 7 1
1791 1 4
51601 9 5
1760674 43 33
41745 4 26
503254 8 32
301296 4 70
185375 26 33
698070 20 28
6510 3 2
34270 1 60
1125383 54 17
740720 17 32
1099968 41 20
1036589 18 40
11241 13 8
96964 22 5
293677 30 6
596002 23 13
4958 1 3
347589 33 38
27662 11 2
6432 1 33
17620 1 59
1149127 13 53
153532 4 26
1144755 55 39
251162 9 18
516262 8 46
29179 19 9
625294 17 41
2440842 36 46
454523 40 8
20406 6 6
564142 10 28
141596 6 30
452284 4 64
45435 40 3
1596872 39 23
199459 7 22
38940 17 4
2398436 52 24
2741449 28 80
221813 47 24
2220675 69 19
86138 5 15
168144 23 19
222319 32 20
20166 4 23
132806 4 20
1616 1 1
63999 1 62
58442 1 38
157075 17 7
1431306 35 33
124601 2 35
20353 7 2
321043 73 13
308012 10 31
14512 2 5
438237 13 21
103499 1 57
23445 1 13
1692820 27 37
52082 24 2
670672 13 31
146466 7 19
288978 14 55
1970400 28 55
592082 7 59
637849 18 21
43565 5 5
56999 33 1
12155 2 9
70262 1 39
1085577 8 64
5082 1 4
266906 8 24
2063 8 2
218563 7 24
2181161 48 26
98965 8 8
627583 11 44
162779 7 58
166281 31 28
561417 28 11
1158763 10 66
282365 11 43
5537 1 5
714923 14 38
160179 4 31
6983 1 6
56954 4 8
634377 14 27
93399 25 11
86687 5 26
2419973 93 13
12401 2 27
28983 2 10
3111398 49 52
54991 2 59
9784 2 4
627743 67 6
78792 94 5
492632 16 22
19485 5 8
96086 3 22
497845 35 11
5155 4 1
149790 85 1
57740 3 11
51678 31 1
1073388 39 16
1092809 23 37
660352 8 53
87611 15 33
10355 6 3
27793 2 7
1314664 9 72
282817 5 29
169455 56 3
6985 4 4
69581 14 4
16446 8 3
73567 1 51
14876 1 11
66990 34 13
68588 6 7
55455 2 21
62463 1 34
159497 4 29
109256 35 11
69976 12 5
6135739 55 58
1581179 34 35
38339 8 8
377663 17 13
69921 16 19
1843 1 8
58352 36 1
75808 4 16
35009 1 21
565377 10 29
264045 6 27
10670 1 24
542889 4 76
13589 1 23
438327 26 46
3710554 39 52
2231313 14 86
913452 18 39
1369 10 1
195971 4 30
383674 8 26
577312 18 15
5290 16 2
90541 30 23
2159524 38 38
99826 6 10
457297 26 11
88403 2 26
1094062 37 14
36888 1 27
51479 16 12
844801 23 22
2369774 72 38
1045152 28 27
6543435 76 52
701897 18 21
1866415 22 47
12089 3 2
2114 5 1
278535 36 13
584249 31 44
39267 21 1
47659 4 63
128061 23 47
231684 52 32
4058037 33 60
6391 1 44
560743 32 32
43184 3 9
302121 16 12
49044 11 6
855109 33 13
29443 8 4
27107 9 2
1647224 18 55
3514 2 3
15302 2 17
10966 1 58
281959 12 12
301662 8 24
149290 20 5
11826 4 2
366214 21 38
105956 15 32
1654 1 6
767647 40 10
225706 17 39
156224 5 25
13345 6 5
856789 31 22
1951 2 2
231166 8 14
938867 36 22
34853 1 23
905585 94 58
29320 2 7
11898 7 11
143604 4 23
19415 1 15
1121798 45 12
905467 27 21
103492 16 45
15295 1 12
2590621 95 24
78980 20 4
22979 17 10
19185 1 11
44977 9 4
598863 9 43
514662 17 19
11070 3 2
396407 19 19
36420 7 3
4978695 74 54
106756 10 22
337472 17 31
688645 7 59
4898 6 5
9662 1 5
136280 9 9
74481 4 26
51997 13 3
621789 9 41
538418 33 14
1515077 76 16
975617 33 19
459868 11 37
111875 15 40
11881 3 2
14006 1 55
43081 2 11
134920 34 12
28545 7 2
12848 1 10
193077 69 3
498129 19 17
2416040 55 21
314768 19 12
129810 2 40
18749 5 3
3010284 39 57
13960 1 12
54518 2 20
167480 3 32
87157 4 19
21053 14 1
11576 1 15
33654 11 3
1294306 12 65
5011 8 2
44612 40 1
22644 1 24
90563 19 3
72572 2 32
42205 5 6
800747 17 44
10611 9 3
21751 10 9
2967309 21 71
31360 8 14
230233 11 16
192557 5 44
15059 7 2
769355 22 59
1994466 46 56
29121 3 7
22781 1 21
574090 11 30
300501 47 8
170629 2 50
78964 11 5
49167 7 12
1249578 48 23
50713 1 45
167580 31 3
153641 5 15
53850 4 53
13005 1 12
40481 4 5
5925 2 2
91316 9 6
102704 5 15
219853 31 31
76891 2 63
6244 2 2
565919 30 15
1618 1 7
860637 15 30
40172 1 36
122616 16 24
43812 12 5
2098 1 1
6116 3 4
271875 12 52
220612 11 51
4741875 96 36
97169 5 15
16364 2 33
175770 6 20
609538 29 13
94576 5 9
36228 25 1
1078717 18 28
206290 53 2
235242 9 14
231329 14 10
29011 1 17
31275 25 1
28091 6 4
1998 1 2
8397 7 1
2208970 78 21
34402 1 67
118748 5 41
2637 1 3
69044 1 34
42431 22 1
810080 14 43
268725 12 44
101989 31 14
28610 74 1
40153 5 11
104578 6 34
68240 6 7
1267227 60 15
36576 20 5
8069 5 2
367420 13 56
152622 29 23
79438 9 26
78725 1 46
372240 9 37
289496 19 8
3234 9 1
4624 7 4
33186 7 7
34348 3 19
2675511 24 53
19518 2 8
384045 15 13
1122814 33 29
4135624 50 50
18419 2 21
176270 3 32
544940 40 43
10918 32 3
46023 1 30
98906 2 26
3304435 47 36
66945 2 20
243979 9 18
37569 3 24
1463046 37 25
3859 6 1
2971864 26 68
733740 28 23
170656 12 20
3416 1 8
93079 4 29
942897 80 29
393287 9 31
189183 10 11
83793 4 32
548678 6 43
60296 3 30
46426 42 1
1216668 68 10
1076837 58 16
1503402 53 17
16759 3 4
42884 13 7
271302 6 31
811536 11 66
8964 3 2
170876 5 25
133972 15 12
112333 8 8
78145 3 23
97530 7 10
148317 1 73
40741 4 40
3990 7 2
6681 1 5
3536758 108 26
47138 7 9
11001 1 8
215484 16 49
600763 9 33
16169 7 3
24452 2 56
833525 41 44
1753955 23 37
431057 105 2
19438 1 26
268812 31 6
479653 34 7
2532870 27 49
1707127 44 24
131180 3 37
21650 2 6
97737 5 12
34219 3 14
89846 2 32
82867 13 3
599298 60 9
37044 4 5
1360437 35 66
17073 18 3
30930 1 16
9605 8 1
41098 3 16
119703 4 16
81590 1 42
61611 6 8
56097 52 1
25048 6 2
1757618 19 46
1877963 30 48
79704 4 10
94116 2 26
65016 1 34
6131 1 3
261340 37 10
4940 1 11
109859 10 6
57743 24 11
258731 8 17
545842 51 19
1175791 53 19
450963 43 5
466141 29 9
560145 22 14
274476 23 32
2083299 31 46
3419239 49 55
55415 9 3
13426 1 8
195434 26 5
21638 3 7
374440 27 12
45569 18 2
491604 8 41
574165 9 49
198472 14 7
7646 1 22
77727 9 15
1038435 29 17
558402 21 37
114947 4 26
20345 8 23
3479 1 4
114509 51 12
91432 9 29
1832909 38 27
74652 5 13
275813 16 16
330695 24 20
662056 52 51
1318220 30 63
66490 8 7
27373 2 27
190870 32 5
59739 6 13
1716130 56 20
3434714 25 75
104185 7 8
1331034 27 42
142710 7 15
2432 2 1
47343 7 17
131781 2 57
57995 2 71
1757 1 6
161561 35 3
1607584 42 30
611424 26 18
386119 26 64
10000 1 15
2343253 39 46
227612 3 42
2836047 51 47
119735 3 32
106868 2 48
54810 4 8
650935 74 8
59164 5 11
24277 1 18
333225 40 7
413608 20 35
691019 27 15
75558 6 29
857 1 4
1599905 99 15
189239 28 7
47625 16 23
3730 9 1
11368 7 1
648270 24 30
723933 13 29
82558 6 68
3426 3 1
730297 21 31
14128 12 1
152089 21 25
1102476 20 30
578614 19 19
2845065 28 48
144899 13 23
58122 1 32
36411 1 19
761876 26 20
1051111 18 52
668201 12 46
223684 20 10
1289800 71 12
103975 1 54
5353 1 19
527758 6 60
100446 11 44
198494 3 49
2109388 13 77
884905 29 86
90542 3 52
7055 2 2
483022 9 26
162963 2 45
48494 17 10
16615 1 11
23376 1 18
205137 4 37
48338 6 6
54519 1 32
4547 6 4
1250743 65 16
218347 2 65
514935 39 9
29281 10 17
75103 6 7
198385 10 34
1313906 66 38
14198 18 2
23169 2 6
209109 25 32
49524 2 18
1586545 72 22
2183973 30 47
142234 5 20
646783 8 63
46567 7 18
4345113 83 28
2081268 29 34
27941 4 13
141294 9 17
661177 21 18
67980 15 6
21164 1 16
630494 38 19
1555 1 1
1309484 18 63
69331 1 50
416137 34 30
12606 1 7
6559 1 6
16193 6 2
1225628 33 27
244220 66 3
62568 3 12
759741 25 27
122220 12 23
4713 1 4
267253 8 39
2311447 36 47
599473 7 51
1627 1 1
123817 7 9
3017 2 1
295954 22 27
351185 45 43
767716 19 31
834141 12 58
4947632 98 24
3423 1 8
13001 17 1
1219947 18 36
802947 37 18
29098 19 11
765879 14 49
942564 12 38
2455915 53 43
12422 13 4
25591 2 7
14639 1 13
71692 5 27
95196 2 32
74419 5 13
26647 2 25
8013 3 17
153957 17 11
43126 14 6
81432 15 5
1158969 23 24
18074 5 4
293542 17 20
23836 16 1
72853 4 20
893764 20 25
36980 17 2
1558651 64 19
3530896 91 44
312794 43 32
60950 2 41
738474 41 44
26247 12 4
8504 7 1
21572 2 9
686335 69 19
96002 15 9
316067 22 13
54907 1 39
128488 61 1
482051 18 14
77938 30 3
410151 11 18
1126356 10 63
178432 45 9
57580 3 13
73932 2 47
43966 2 17
27511 5 13
102114 5 17
2886 1 8
49534 9 12
159524 6 22
45507 5 30
19095 10 1
6628664 60 82
274660 4 42
435539 9 42
1309612 18 44
38747 16 11
22640 6 6
442945 15 15
39464 3 8
153774 16 66
99760 16 3
2778673 62 28
2582663 21 61
31853 15 1
186528 8 50
72146 12 6
5726 2 13
190601 9 85
1359195 42 22
431567 17 14
571943 6 68
888 1 1
609161 25 14
34502 1 30
6642 2 16
1016210 17 28
80816 21 2
89050 10 6
203437 15 8
2859 1 9
55987 2 24
492024 24 11
228106 6 30
450864 56 12
11446 1 23
102133 1 52
431598 13 20
387875 23 8
167154 14 9
163487 15 37
3902421 40 47
91697 11 49
871481 41 22
42923 53 2
259552 18 11
2105930 57 58
151518 5 60
846987 34 53
39923 5 5
405916 20 18
624412 25 16
155987 17 39
361738 6 37
1054889 25 73
109703 40 5
1641593 111 12
30582 5 28
216519 5 29
378395 11 18
2244455 50 40
276555 4 49
34304 1 80
816147 13 40
305336 21 42
34957 2 11
81954 35 6
42501 1 27
6847 2 2
138467 10 28
492876 18 30
1720855 55 15
31152 22 1
1792 1 2
133020 6 17
3029058 71 37
21687 2 9
21490 12 10
423677 54 41
73479 3 20
775227 26 25
329067 5 44
11378 2 6
56607 9 4
57395 7 31
487393 9 30
216137 5 22
892800 27 28
49354 17 5
705470 29 29
8658 1 8
1988948 28 39
36945 5 7
100395 6 21
804847 25 15
13782 8 9
79283 10 6
116892 2 35
500729 10 37
69072 1 50
706757 10 57
24062 1 17
169142 15 7
126017 2 30
3807 1 17
51129 7 6
876208 15 42
468016 61 7
217403 3 66
3736321 86 38
648599 11 33
2020 2 1
16412 11 11
9500 8 1
92315 14 4
654891 42 8
69563 3 11
1317150 19 35
2810 3 1
24045 7 2
64404 9 15
221830 54 8
9121 1 6
2064 1 7
45050 2 14
231581 7 65
129409 5 22
123634 2 47
12221 19 5
109546 4 18
1760 2 1
776949 20 33
1428508 11 76
2321477 92 12
79208 4 12
1535424 27 47
150379 12 15
3429330 74 28
378944 10 57
2909 1 6
30754 1 24
18763 5 7
1711953 31 75
33842 3 65
419362 9 35
48796 20 6
2381 4 2
25806 7 3
361461 45 4
159113 19 17
930426 41 16
4071947 77 32
54710 13 8
53384 2 16
87882 97 8
3508628 57 45
127925 3 36
112238 10 16
17412 8 20
194094 5 30
674071 17 42
268211 18 84
4742097 71 57
6131 5 1
13621 6 18
1227794 33 54
28503 23 1
8872 2 15
146520 18 4
277462 10 22
207530 17 10
100575 2 36
164722 56 5
567700 15 27
487321 7 45
16501 1 17
95778 3 23
940109 14 39
524041 20 43
98252 7 9
1981299 61 21
103694 22 4
40768 42 1
448738 5 50
5132 1 12
40781 6 53
26749 6 3
15139 1 9
26859 2 7
256170 7 19
1264704 62 18
2116531 20 60
2741669 52 42
272112 5 27
452848 8 55
146299 9 24
1591273 32 30
798343 37 11
9220 1 13
74260 3 65
51512 1 41
100309 48 1
62336 2 36
428697 21 16
280681 13 15
4055 5 4
148462 10 61
1568151 83 12
1511417 21 43
731958 38 14
759281 52 7
13279 3 16
267845 61 5
1819463 40 40
7874 4 1
33100 1 18
3551048 41 51
244091 4 55
114879 4 18
26117 13 1
34576 20 2
162394 4 51
516434 4 69
706 3 1
375019 9 32
131198 9 14
54695 1 46
180520 6 37
842980 19 38
1907820 19 47
195113 6 28
2087403 68 21
65859 1 47
13714 1 9
5241745 46 70
477311 7 50
33369 12 2
109914 62 1
497909 37 14
91388 15 4
45939 12 3
7843 10 1
17924 1 14
188335 27 4
1903062 30 30
39750 9 4
123166 22 5
1637143 28 39
185622 5 25
183508 5 41
1041733 52 16
37162 5 10
9520 3 2
149106 42 3
8913 1 6
221134 69 5
110744 8 19
79586 7 33
559300 78 6
48726 7 5
13213 5 5
653846 42 10
3904009 56 34
222934 26 4
375020 7 33
173485 55 2
111099 42 10
1356542 18 63
161802 18 8
289107 7 30
84764 43 3
187172 3 62
123010 33 2
384603 14 20
18493 3 50
4641 2 4
22730 3 7
165443 20 6
15166 24 1
94640 62 1
4015 3 1
135877 5 20
956148 29 44
13692 9 8
271418 15 61
34392 1 57
52930 56 1
986544 8 67
504220 29 16
5800 1 3
169232 3 40
321813 20 11
21407 37 2
462970 10 25
1151 1 1
51572 8 23
2827 9 1
44191 3 8
1080304 22 31
2114152 28 65
2041505 46 28
2781605 69 25
17793 4 4
6197 9 1
13960 1 8
692665 34 15
55926 9 3
10701 1 9
131433 59 2
183713 8 16
23283 19 6
84076 1 59
115781 96 4
399478 51 4
850666 85 8
75474 9 12
8655 1 21
6166 4 1
335295 60 4
662485 73 10
38956 4 25
270554 8 30
492170 17 15
49096 2 15
42492 1 25
149564 77 1
1167023 57 16
101946 7 11
2136376 57 24
84261 12 10
117850 11 5
28664 7 18
39026 8 11
78857 9 5
1257115 40 46
37863 13 4
232768 5 33
600932 9 47
216085 21 7
40412 1 42
374859 4 66
80800 3 20
4323086 81 39
182293 27 50
104151 11 8
299517 8 29
1156303 62 12
3070324 33 68
439291 25 46
237645 3 53
48106 12 20
32724 2 73
4708 5 4
17981 1 14
262910 12 20
85030 12 7
13403 4 27
45113 4 11
14448 16 6
37631 65 1
1318799 54 24
192620 52 2
41207 4 5
1297293 38 31
519064 6 66
565 1 2
302256 65 3
4232 1 8
14200 3 20
12221 9 2
849116 14 29
51956 3 17
201275 33 6
224161 8 20
379086 21 11
17396 1 43
27024 2 9
17076 8 4
3530 2 2
1627072 27 46
53087 5 9
66760 4 8
50061 5 57
1225 1 4
825989 19 31
226389 12 12
428682 12 40
240213 31 9
60298 2 27
82050 4 11
6494710 63 67
466571 4 66
79466 2 27
25684 9 2
28988 9 2
67030 3 18
53515 7 4
178804 15 58
1862940 47 40
410955 9 27
186530 8 31
28574 1 35
186024 24 5
79531 18 18
7344 4 1
19536 5 2
782358 8 46
352919 7 37
166457 77 2
271254 5 31
1229504 17 60
119234 10 8
360462 30 22
137263 110 1
310675 5 39
58452 1 43
1524451 51 27
1477 1 10
776702 15 39
130468 2 54
112325 43 4
168488 61 2
155902 38 3
231182 2 73
850927 54 11
1328875 55 67
675789 16 72
177309 6 26
228075 9 20
61626 7 32
104498 13 31
932531 52 9
234994 21 13
369582 17 41
8773 15 2
54933 10 5
412 3 1
299024 39 6
48907 6 4
346918 32 7
19297 4 4
691595 17 29
147772 8 15
3144232 44 77
85382 71 1
31602 1 24
123396 15 44
233344 67 3
79626 4 59
1338084 22 44
1194970 15 45
23003 14 1
1856 1 7
1132682 16 68
999621 31 28
2230691 25 66
685471 55 9
248490 8 19
118650 3 32
289325 11 23
12465806 97 70
4223 3 5
55895 2 42
75619 2 63
36789 11 3
347180 3 55
85550 4 11
323203 14 11
243818 11 36
180228 6 15
901835 20 21
819684 40 11
162071 3 41
378523 91 33
1907742 17 77
224441 9 17
960003 15 32
454528 59 7
2512516 58 34
30348 1 16
22112 13 1
39018 3 11
3078 1 2
28903 3 23
363948 18 14
10952 1 12
5454 1 5
17093 9 7
106694 8 18
1478981 63 16
417116 10 21
1190809 46 16
397578 5 43
6944 5 1
31426 52 3
119864 18 4
24466 1 12
186078 64 4
94677 1 53
113439 3 21
726606 12 37
7346 4 3
787376 46 73
586669 74 5
20408 63 1
2885027 33 49
25202 13 2
127439 33 12
60289 12 17
1962923 22 65
60540 15 20
37638 3 36
225137 11 16
355317 6 40
79071 2 30
20127 1 35
100831 7 12
113426 6 15
236059 28 42
115453 2 53
58359 4 65
909035 15 53
1180948 46 14
1030029 37 19
19741 17 1
128160 39 25
18561070 111 80
58304 12 5
11279 7 2
20370 5 2
237701 37 32
61336 17 8
1087878 52 80
64193 5 7
2217857 49 37
36910 1 18
13298 4 2
6067 9 3
865822 25 25
208922 21 75
976030 24 24
2660011 33 61
100960 8 42
2486186 41 29
37820 12 11
171515 7 17
206335 11 19
2258751 17 76
2191196 30 56
3526 1 17
174180 6 15
34626 4 24
1976596 22 60
7095 2 7
890894 16 33
314069 18 9
354452 12 55
220927 27 48
372591 76 7
2796104 116 18
81597 16 4
27980 1 15
622054 39 64
68486 42 14
3702 2 4
330393 13 18
33357 7 5
73379 10 6
290441 18 52
3497252 47 40
32107 2 63
281369 13 16
79702 36 3
122793 11 7
349976 15 18
381262 91 2
53856 5 27
19089 2 65
67954 6 43
22283 2 53
4553286 78 37
24254 1 15
22773 13 12
2945259 40 81
982238 13 42
68887 1 47
355581 8 47
132876 37 26
194435 32 6
717727 25 33
662307 61 7
1626348 52 39
80972 2 23
997 1 1
242371 22 7
22738 1 20
3208 3 3
8527 13 1
10116 7 2
427347 13 47
122754 8 12
34498 8 6
514632 29 16
21022 1 14
84162 3 20
28107 5 18
203407 5 38
1705034 43 32
869 2 3
482766 6 50
39437 10 28
22180 6 14
17750 15 8
1183924 26 29
113339 6 10
1733685 21 43
229516 24 13
1590689 27 35
91636 65 10
450998 35 11
59427 5 20
364290 21 14
153085 3 33
9394 6 10
55144 9 4
2961 6 2
37159 42 5
7957 1 6
451062 37 7
1645956 32 32
70473 7 43
255521 16 31
920706 14 31
927634 116 15
849694 19 37
272515 15 43
27638 4 14
53627 3 12
77553 1 43
102787 2 42
348167 16 65
216244 20 9
786534 85 5
