111 73 6688
51 28 4 14 45 25 32 62 21 55 7 45 37 17 73 73 82 44 63 61 58 10 21 31 36 56 55 10 10 36 6 15 69 74 20 25 42 40 4 79 44 25 47 10 61 39 47 47 57 64 64 73 41 77 56 71 1 24 31 57 50 31 70 87 70 31 26 9 62 62 27 33 23 44 27 28 75 45 25 85 3 81 46 16 4 15 51 34 72 80 81 12 82 80 74 56 11 58 27 68 23 71 45 71 7 87 55 51 79 73 40
62626 1 10
728673 45 3
303764 3 39
277866 3 19
1610792 14 21
178326 53 1
256415 19 5
1505437 30 13
548830 33 9
391657 9 27
3217883 48 60
109773 14 2
16037607 64 50
306440 46 2
1398267 20 29
2167186 16 23
2071635 6 72
16918 1 3
354956 4 24
68131 7 2
3815774 26 54
17236 1 22
15542 11 2
203289 45 1
3477627 31 18
51230 1 11
80219 1 12
1589096 6 75
1058105 4 75
7792 3 7
85366 1 14
1058460 4 50
2210317 6 66
7281 1 6
5099 1 1
3109755 12 50
104991 1 22
2871373 35 20
800007 5 27
33325 1 8
443507 5 32
55574 38 2
1194410 46 7
209076 39 2
1028401 5 38
218042 11 3
84908 10 4
50586 1 8
141547 4 7
222823 8 5
363696 13 7
3084416 56 16
4947893 16 47
1618305 21 56
66528 10 1
329574 4 14
6812622 53 27
1209191 45 40
2264748 52 9
5423534 17 73
2856401 27 18
20155 1 6
39462 9 8
182616 4 11
775094 12 18
292861 13 4
14630 1 14
2776314 20 35
502257 32 4
2397203 23 40
2906768 71 47
5644989 39 40
165874 7 7
