149 1277 4355
43 52 37 18 41 38 5 57 33 37 50 51 60 31 57 64 16 15 16 51 40 65 52 71 45 24 47 74 4 64 53 37 4 73 10 35 51 49 18 21 28 2 45 29 46 50 73 17 11 66 12 6 58 56 23 67 41 64 23 71 70 72 25 7 15 58 63 58 46 51 70 65 34 65 60 17 37 2 62 53 17 74 34 18 19 3 16 21 67 43 65 64 44 14 54 71 54 65 69 26 8 40 49 73 25 49 39 28 54 25 63 61 6 35 16 3 40 66 21 10 44 34 65 3 62 59 9 34 41 58 59 60 62 51 1 52 22 43 60 44 7 72 61 12 45 13 38 40 67
47992 11 9
333956 6 24
94888 3 16
10920 1 4
930488 14 17
343248 32 8
100533 39 1
348037 3 32
142152 3 48
3034 1 4
2913190 48 31
262337 13 25
2499869 61 16
1578419 50 9
29473 1 11
233348 3 19
169266 2 42
5089225 32 50
23987 1 38
126484 53 7
794805 13 20
1374236 17 21
300747 15 9
1196905 14 26
3463208 35 39
222475 3 21
2082139 36 22
65947 3 8
144371 17 2
297830 59 11
8241154 68 30
95554 1 23
88895 3 8
29211 5 8
7452460 51 49
1141752 40 13
39231 45 3
1156836 19 15
59297 11 5
1797626 80 10
584312 16 13
9895 6 2
132032 2 46
602378 13 25
6135 2 1
2175573 49 15
5888134 65 30
19806 1 6
81055 6 8
362811 2 65
11332 4 1
176454 1 52
659937 6 43
390703 3 30
2001101 32 19
68505 7 5
32382 2 6
401664 5 23
127560 6 9
3908 1 4
14630 2 3
4477740 36 52
97531 1 41
4393436 56 56
445184 6 19
1132362 13 25
7804357 35 62
92238 2 19
19425 2 4
396031 54 15
339827 3 27
86090 9 3
2966678 63 15
47714 7 27
25926 4 2
120922 71 4
6113970 49 49
202682 2 34
427400 37 5
326379 5 29
14513 1 5
79036 2 18
185563 8 22
1743203 13 32
196708 10 13
4431156 47 34
48964 5 8
30323 6 2
318251 9 9
111606 3 37
82642 15 13
1695573 31 19
846465 37 18
8742 1 3
580024 41 4
511667 21 10
75157 5 6
382802 18 9
80122 2 55
34203 2 22
100970 28 2
2410226 94 7
352704 3 43
31737 23 1
198281 1 58
77380 6 36
106775 2 27
944295 15 18
8714686 49 57
2891359 50 54
303187 13 6
18242 1 7
225757 26 16
9160 2 4
675101 15 20
47326 15 2
67588 6 8
1758592 16 32
110127 61 8
100032 3 17
52996 22 8
115943 27 13
90833 9 23
5071 3 6
151707 50 2
795557 13 18
2921525 63 49
175566 35 2
483782 34 4
31091 13 1
30156 10 1
169200 27 10
7316 3 1
1391 1 4
3564 3 5
1135957 11 47
181605 44 2
1169285 24 18
26168 5 4
456371 19 10
3038288 27 30
419486 15 11
111777 28 2
90018 2 17
390272 12 26
49144 23 2
307312 17 14
598818 4 50
772031 5 69
53436 8 2
21993 26 2
644515 24 7
3684673 31 42
60371 1 26
720014 3 59
56542 25 1
12446 1 4
3303038 55 15
53775 5 5
8266 4 5
33989 52 2
424826 29 31
76627 6 5
106255 1 30
6107725 81 28
34611 1 14
111482 10 5
290271 29 4
499426 14 9
420257 3 43
180755 3 15
13444 2 2
2097098 30 31
1408845 16 37
2852314 20 48
54681 1 15
2571045 22 43
130738 2 47
2994563 43 63
5850538 46 49
79340 8 36
42639 3 36
431663 72 11
88693 3 7
210631 19 5
353955 49 16
7709814 39 68
57339 18 2
108265 9 14
102700 2 26
911 1 3
835943 48 4
76566 7 4
87296 11 7
901957 24 21
209455 4 48
86133 32 1
1001241 34 12
6898 2 8
4618059 49 31
8918 3 3
349228 4 21
5969 2 2
960 1 1
1102767 35 8
8899782 52 65
683603 11 29
116953 3 10
50340 11 2
290806 9 11
2682957 36 24
100255 14 11
842854 71 5
73322 3 6
3672975 68 18
63901 26 1
145276 68 3
54834 7 2
195264 11 8
30375 23 1
300838 81 14
141392 11 24
803524 34 9
57459 13 8
258409 32 6
1156951 96 17
582047 36 6
154707 25 18
1095075 12 27
16903 1 5
188009 1 56
38141 6 28
6790 9 2
193126 12 20
19500 37 2
3418358 14 59
574916 13 15
21949 2 3
576086 105 2
22268 3 2
12767 1 4
68051 3 10
1948598 24 19
163910 3 21
1258185 30 19
8403768 101 37
291665 15 21
30239 1 10
277694 9 14
90808 20 9
190154 6 12
95032 6 5
83766 3 12
233950 3 60
149140 3 21
67714 1 18
58290 1 21
245259 33 3
955097 12 53
131960 7 17
988449 18 13
88246 15 12
580300 11 63
54611 1 19
279688 11 6
525969 16 20
2661192 27 36
11088998 43 66
394687 21 7
245087 20 16
377483 25 16
240147 11 6
1484233 15 29
177248 5 46
2567489 43 26
464298 60 22
870082 10 25
20686 7 1
12191 3 3
153583 5 25
181016 4 19
691618 23 11
416882 61 12
100042 3 8
468615 3 40
4060566 42 27
180299 3 21
3639571 29 43
318820 12 8
664005 41 9
160037 2 29
133494 2 26
30067 4 12
1185449 45 16
286005 7 14
1875 2 1
813645 22 16
67087 6 5
160913 4 17
353139 36 3
4450 10 2
51496 5 4
567383 9 31
3330770 47 54
30859 3 12
326809 13 7
120228 5 6
177059 1 45
266300 28 5
82652 11 3
36068 11 6
526948 17 38
323543 5 16
3260 2 3
246351 3 45
796724 28 20
799017 29 10
86248 5 8
1155871 8 46
6987 4 2
755986 27 24
189228 10 15
23642 12 1
131763 19 7
6876341 68 59
5791329 130 20
199653 5 15
610541 9 19
402291 7 30
460985 23 5
1770432 47 13
1001534 17 25
108267 42 6
1006852 27 36
2116123 27 35
810449 24 15
399960 11 12
152553 50 1
22728 56 1
287418 41 14
5708144 32 42
2530137 21 56
2541 1 9
284543 53 4
1850912 56 12
300532 3 26
13160 2 2
624268 93 2
68771 36 1
962059 48 17
3219129 44 22
509132 26 10
6390939 65 28
2253294 115 5
1568119 26 21
5442 1 3
1034950 47 7
46245 1 18
12467 1 3
2880282 20 36
2127682 23 44
162532 2 20
15203 1 38
496480 12 23
2001263 16 31
188740 68 1
228080 6 25
337763 20 4
2848277 57 15
607460 14 20
1031471 28 10
27092 2 15
194273 5 17
151255 18 3
184069 5 10
394127 6 28
174116 5 14
720082 16 14
26836 1 14
1441680 38 11
117656 18 2
65578 2 15
976810 15 19
63078 3 8
852839 17 13
12405 2 3
430174 14 9
21034 4 2
10582 23 2
298337 13 14
235329 1 59
1669058 55 7
504 1 2
595326 7 25
132934 39 2
957733 30 14
25856 5 10
169032 6 12
105144 5 7
443868 75 2
362902 3 52
2570022 37 30
3841166 105 31
33698 2 5
3489925 40 22
11315 45 1
242326 20 15
928310 16 19
1725 1 2
11881 2 26
907967 26 12
1304243 12 44
234388 8 9
1070927 10 29
275711 10 10
7482806 100 27
1737169 34 25
758185 27 7
130715 18 3
988079 15 21
50601 2 17
572752 18 12
20828 2 12
183838 14 5
5386 1 15
6793 4 6
832561 12 23
46465 1 20
1037825 18 21
105976 1 37
2030428 51 24
233358 30 25
96938 4 8
1074285 37 11
273562 6 11
178158 55 1
98977 6 47
946145 12 20
1863120 29 37
1354987 27 12
356899 6 42
3447084 29 41
70047 4 19
15132 1 5
24988 1 13
2669834 70 11
14787 10 4
2059886 18 32
348721 4 22
608983 7 38
79646 1 23
15439 7 5
44708 8 2
98525 24 14
143029 18 3
374837 8 17
10323689 51 61
312853 3 31
1738569 57 13
390899 18 8
45422 7 17
1062417 9 51
55539 31 5
1297950 46 10
35013 4 22
15960 1 6
230660 34 19
58807 3 15
16768 10 2
183458 10 63
179801 3 35
319236 3 26
27392 5 19
65469 4 9
1008718 108 35
20429 1 10
523173 10 19
51733 3 4
361298 48 25
632893 4 45
1939 6 1
1096029 66 19
222040 12 6
3203062 53 20
461082 38 28
16544 1 4
241947 6 23
992399 74 14
17824 7 7
30394 5 17
17192 11 2
125169 9 5
89149 27 2
51463 12 2
47650 2 8
30083 4 6
4215446 57 42
28908 1 7
4971578 37 43
971268 6 42
365247 7 12
1500752 28 19
5852 1 2
37257 2 7
14709 1 5
159721 22 2
677849 5 33
308225 7 14
28812 1 7
3769098 45 22
2427 1 3
22366 1 10
47289 1 19
205942 14 10
1776787 32 14
29278 11 1
4783 2 2
250192 2 41
428519 3 33
6742511 123 30
10605 5 3
145059 17 5
72410 1 20
108875 4 12
819908 4 57
381834 5 24
434628 101 1
40741 4 9
677162 5 53
14357 4 6
968162 17 18
1119473 57 7
2269943 22 44
1039844 29 15
102994 2 14
82245 22 1
77276 7 4
761430 10 31
89158 27 1
898111 19 18
2422256 41 18
5420345 71 20
13584 8 3
344747 7 31
3140993 23 36
5007 1 3
117946 2 34
160961 3 35
701792 6 28
1324816 29 11
61665 2 10
305504 31 14
70850 6 4
11867 6 9
29213 2 21
587118 38 14
265524 17 25
30788 3 20
56513 6 28
214931 11 6
501770 5 24
94170 1 31
236398 15 5
7119 16 2
89410 34 1
60788 1 27
181942 5 52
139717 23 26
338684 31 4
24295 6 1
564401 10 15
12637 1 4
3141913 44 22
1466035 9 44
9222 9 2
45369 6 3
906683 17 16
91575 9 3
65520 5 9
4269759 39 44
39076 1 9
1429448 36 14
679 1 2
412972 4 39
179402 27 3
92056 5 6
584046 18 11
183209 5 44
92147 2 15
1049457 12 27
1472172 26 21
36950 13 12
346575 50 12
314330 6 18
204435 2 37
192985 1 62
1193911 51 10
409237 25 13
889663 57 11
439488 15 12
88444 3 13
49175 1 15
4575571 122 17
1778121 82 20
16664 3 2
23577 1 28
152221 9 6
119952 21 2
6610 15 1
732376 52 16
3688 1 3
1142793 40 51
68146 17 1
11040 1 5
422135 12 25
1230 1 1
2571143 21 44
1949395 48 39
20554 1 9
87181 5 8
405953 32 5
256887 20 3
176941 25 10
216316 10 8
123419 2 30
364598 4 45
154899 59 1
217033 34 2
25421 3 3
9236 1 4
1002979 20 21
749509 61 5
21814 3 9
83379 20 1
164979 5 15
47840 2 53
722986 24 22
242536 8 9
2306134 20 27
142112 1 33
93060 4 8
292963 38 6
112473 1 28
25644 10 1
891882 16 27
110925 22 12
1617538 12 40
12906 2 2
249702 11 9
880342 38 7
5438 1 2
32453 2 12
590360 2 68
5201222 96 22
63504 1 18
1373863 17 24
1237948 59 33
259144 4 19
569062 77 27
4742 2 1
262316 2 54
520398 28 23
480825 11 22
35240 4 16
1039677 50 7
65395 6 3
13223 1 8
21097 10 1
106939 3 23
375291 11 23
203845 6 11
2894 1 5
65826 2 33
32091 9 4
1144380 8 38
107807 5 8
911804 8 41
460956 37 17
3820627 31 29
192786 36 9
76520 2 17
408540 2 50
222509 2 27
226213 3 21
214106 10 15
2435438 9 65
4415849 32 62
530649 4 38
146479 21 15
5339321 69 36
46926 4 3
456682 13 9
7156575 58 51
3863913 37 35
64937 8 4
3837020 30 40
4954638 83 40
1029165 81 20
324801 5 24
33661 1 16
145769 5 21
17066 2 7
5625695 63 44
55296 6 19
639219 6 27
1193520 57 5
1567 1 4
315261 9 35
9949 1 4
464772 5 25
751990 6 48
42535 2 7
689862 10 29
39055 7 22
154159 3 19
105413 2 20
163870 4 17
78562 38 1
1616337 57 32
814813 38 8
946915 66 11
25590 18 6
253267 29 3
73145 7 3
62472 3 9
202670 14 41
517637 6 25
4779006 36 48
6934 1 2
601560 9 37
227942 6 13
958050 67 6
422030 10 18
51912 1 19
6189445 39 56
581446 16 44
10517 3 5
71040 1 20
46772 5 10
451586 35 12
216841 10 29
124756 1 52
576019 4 63
742878 25 7
1175294 51 47
90617 2 14
1200395 20 14
522271 5 45
201125 8 10
1091625 8 40
343343 7 17
165235 2 48
7914 2 1
383842 5 31
48124 5 6
537599 12 15
713568 41 4
32034 9 6
26681 2 6
972790 35 10
558435 113 21
122133 7 9
80594 13 27
34294 1 10
2160718 52 11
169717 5 12
31946 1 11
194405 16 13
91700 9 7
2748408 32 34
1148484 22 27
3809 1 1
27986 1 12
28888 9 1
270082 4 25
181402 14 6
22480 2 3
10008 1 14
17293 2 15
287624 5 15
1706363 14 37
744813 55 12
348003 6 14
150159 20 15
82350 6 7
2103769 40 20
74252 7 4
19453 2 6
98798 2 36
167697 5 9
52624 1 42
15656 1 48
1226209 61 25
142066 35 16
270976 8 8
14333 1 6
182195 10 39
327475 16 9
145772 40 2
14387 20 1
2186590 32 27
31073 2 61
38635 1 12
50731 15 1
28656 1 14
2859 1 1
49803 4 10
49980 1 22
3573934 28 63
229105 4 33
80420 6 13
120528 5 10
2135046 17 46
110828 21 11
4870362 42 30
848171 8 33
828606 16 22
3514 1 1
82305 2 18
2754709 69 17
822528 21 37
85754 2 17
59690 11 2
346181 6 16
3800823 41 29
37617 3 13
12332 2 3
211504 8 28
60657 2 8
235371 22 44
174967 1 41
178716 1 64
552412 16 9
1014285 53 17
40300 5 11
752110 9 56
420932 7 18
271901 9 7
1630725 29 24
39745 4 12
926210 26 15
193235 2 24
1709996 47 16
7621 1 12
361122 24 8
42039 1 13
807193 9 40
98103 9 19
152716 1 39
163922 63 1
376821 30 3
6976 2 1
17674 1 6
111223 6 12
104114 14 2
1182795 22 19
5849 5 2
173828 37 2
436563 6 24
25162 7 3
632703 31 13
24794 2 4
1879844 15 52
19122 15 1
810000 13 17
1248611 11 30
146511 3 13
321280 13 6
25499 12 1
384371 4 39
968619 19 17
38008 3 10
573989 3 45
454307 17 8
25446 9 1
4240678 39 52
43848 22 1
10328 6 3
156492 27 3
464221 5 30
125077 28 11
262180 34 5
3126008 107 16
64423 27 1
489810 19 8
19447 2 8
75202 73 2
118811 9 52
593695 17 12
37971 4 15
129063 2 24
93464 3 9
1732637 22 30
528783 21 18
338327 8 63
152242 29 11
130248 13 6
8340703 69 46
20376 1 52
302389 18 22
351142 50 3
521937 8 20
991372 16 33
4170 4 3
5507 2 1
123022 4 10
350901 6 26
1470977 10 43
759728 31 8
168477 1 56
33341 3 24
43107 1 11
21924 1 10
88388 13 2
10920 2 11
16143 1 6
258392 5 22
256376 14 10
130697 1 56
92862 2 12
614437 45 19
822276 29 11
222433 7 12
1644108 15 27
674444 11 19
881223 7 44
2604255 18 41
48230 7 13
5235075 38 45
72573 21 2
1504634 17 31
117486 30 7
151521 7 7
41507 2 7
339850 4 28
2155333 45 17
308993 16 13
695255 8 21
343185 23 11
254557 14 21
1876957 100 6
4053 3 1
1132402 53 9
3305 6 1
24224 1 39
1050184 66 5
133161 18 8
948923 9 36
882575 66 5
247133 1 65
453249 34 34
72292 2 9
60673 2 7
1783021 34 16
343114 8 10
2608684 79 9
8516 1 10
812113 5 41
173101 5 12
19684 2 36
323340 12 10
573201 7 25
124446 11 4
515482 21 6
34720 1 15
39623 2 25
2623754 63 18
15791648 86 43
3755688 72 47
546361 37 12
119243 1 29
19676 17 3
268264 9 7
17321291 75 54
105033 9 28
233235 1 65
1413817 26 57
429118 15 8
50217 5 20
6502 2 1
381038 4 33
642710 10 24
2537147 39 19
23392 3 2
6654 3 1
620587 25 40
15530 5 1
347506 10 11
3372182 101 22
21546 3 27
142950 3 13
109391 15 3
44088 13 9
290988 6 35
24793 16 3
268131 20 31
247569 8 13
1272618 17 30
122400 8 5
399427 7 19
359064 3 28
325808 2 46
831562 7 41
3376 2 1
4745 2 1
300926 2 58
16401 6 1
250680 11 20
507671 25 6
121393 110 1
62238 3 37
2021946 44 13
512801 47 8
143831 2 19
20638 1 12
249481 12 50
134851 20 4
5180127 64 21
613714 5 43
98589 37 5
24006 1 55
22840 2 10
1068 1 4
144342 2 18
43776 50 3
1356599 32 16
142997 18 4
129007 4 36
253390 3 36
112620 17 3
2506239 38 16
1108382 32 13
94709 1 24
500007 5 24
132979 1 39
1132272 7 64
352600 3 39
1156756 23 21
212211 11 6
2978 1 3
137015 9 16
146563 7 8
1675571 21 25
667823 11 28
565366 32 9
71447 2 32
317101 18 20
196406 17 3
78701 10 6
1681007 28 21
360119 7 23
613873 13 18
74834 2 12
258917 2 48
892069 6 46
33984 6 16
3649827 49 34
1136326 12 22
68527 8 2
319643 8 17
78587 1 26
128380 9 22
40089 1 32
9299394 40 57
790170 14 49
95914 13 6
137019 41 1
858771 26 13
19635 3 3
248132 4 46
1537957 9 44
1582221 10 69
4364903 44 25
118210 2 36
112732 1 46
37465 8 6
434112 83 19
317116 5 21
9489 1 9
21138 6 1
978954 15 15
2629161 28 39
801909 37 20
869042 13 21
788406 24 8
7550 2 8
764071 9 21
318360 21 13
1355 3 1
1745568 53 13
804890 24 50
204592 2 39
72547 2 24
211665 32 2
637942 11 16
3535644 24 48
989088 91 8
367488 13 33
112899 9 40
86435 2 23
802539 6 36
34708 15 3
17543 1 17
88644 5 12
293033 29 5
299727 5 15
11250283 55 55
1710743 51 47
318166 15 7
315009 26 27
370575 30 4
328935 12 43
45180 3 6
422550 84 5
363151 31 5
29501 6 13
70249 1 21
19328 8 1
630981 29 7
28293 1 48
362037 16 7
136510 20 3
15429 7 1
16360 1 7
9012 1 4
3910419 18 58
234598 12 23
1047664 67 21
3592 1 1
34613 4 3
2817522 42 37
619438 4 37
2781 2 6
278755 2 38
391554 25 7
43612 1 16
1643771 29 38
93104 10 33
1200483 36 14
394696 6 17
1016630 18 23
9289 2 6
230520 29 7
425577 25 15
78586 6 6
41137 24 3
5988048 23 69
291025 15 6
5057824 34 48
138314 7 7
344861 4 26
1424 6 1
1933089 24 20
90287 5 5
5458 2 6
178693 3 36
24403 11 1
626095 21 13
969863 22 25
77256 3 8
5053540 38 52
387807 14 19
9264 1 6
766070 35 10
2388856 34 29
617964 10 18
41316 1 11
336624 3 44
133645 12 3
52049 2 10
1447220 12 35
1241977 19 24
142644 75 2
439201 8 35
3823406 49 23
5855 1 18
170959 10 17
14559 2 2
114539 6 42
134305 3 26
15788 1 6
838386 22 21
661656 19 10
100606 5 5
7174 1 9
1259817 54 9
184054 9 23
120305 10 3
84495 9 12
23561 1 66
1069477 19 27
817491 59 4
542863 113 4
226044 9 42
57073 5 29
427676 29 8
988403 10 27
1952785 32 18
4220654 59 50
1736709 29 16
256473 100 6
22242 87 1
413988 26 23
190758 2 43
26620 3 26
220055 20 3
93918 1 26
1483 1 2
362833 69 5
271306 2 55
593353 19 17
493834 6 56
1089043 19 22
8616 1 13
4762592 25 63
12530813 51 57
290624 6 21
57899 1 38
229917 82 1
682621 14 23
228562 3 34
996653 26 39
41138 1 15
540789 13 15
14563829 105 57
531466 26 5
25532 2 5
81276 17 2
46889 3 38
213229 82 9
982501 9 39
14823149 97 54
187359 28 2
177631 13 4
88264 15 2
2651 3 1
824434 18 31
2110900 18 38
17101 31 1
2081941 14 49
7581339 58 41
544 1 2
10019 1 19
8452 1 4
146017 3 16
40768 10 3
492863 6 25
241491 28 2
660167 8 25
76037 3 10
441160 49 4
350775 22 10
733893 56 7
380542 21 34
335616 17 6
268977 11 32
204396 3 37
717843 9 20
17891 12 1
39574 21 4
1028399 6 42
709606 18 56
3479572 46 29
2195436 37 19
358266 7 31
534858 4 36
940626 18 53
14758 3 8
63386 18 1
9591009 42 53
1845975 59 10
395053 13 19
134843 1 33
8358634 80 29
457583 4 39
213046 3 53
7632757 96 19
