145 6320 7791
71 77 47 76 107 49 57 86 54 7 57 58 69 76 2 72 41 56 103 25 11 83 63 102 58 96 70 80 7 10 5 69 71 102 23 37 103 62 108 110 80 64 42 2 20 84 61 26 41 91 7 6 2 41 91 74 68 16 50 77 102 45 53 85 20 25 60 35 3 83 37 72 10 54 87 43 64 20 42 35 51 45 80 38 95 13 54 45 79 76 2 41 64 16 21 69 110 54 2 13 16 39 110 67 28 51 101 60 49 57 106 33 33 71 86 8 15 37 106 60 110 60 85 45 44 54 23 56 27 51 39 17 40 42 94 56 104 80 51 93 43 106 53 17 75
81121 1 36
165026 5 7
43272846 110 85
233161 5 32
761540 8 89
1510865 5 45
251097 1 45
789469 6 78
8695331 57 76
1429411 14 32
71453 6 28
1093785 12 25
116696 2 11
296633 6 26
84329 14 2
754621 3 60
377960 4 14
885351 12 28
3664542 61 18
705109 28 23
46378921 82 73
16200 1 3
28128 7 1
2467097 12 48
40087 1 6
139202 1 19
266370 2 24
466999 19 5
347488 6 47
238584 83 1
5459526 28 29
6377437 33 29
71442 6 11
527719 6 74
538078 4 26
8378256 66 27
17978 2 2
281585 35 14
235810 3 14
64461 2 12
3255903 30 22
1735674 65 5
1670834 6 38
135183 1 29
116960 1 21
14991869 56 62
562544 4 24
479722 2 32
137379 37 4
475901 18 10
37567 1 7
1778395 49 17
2160206 27 21
4460702 17 47
1035775 21 47
6883237 18 67
410311 10 6
83784 2 8
4162825 23 41
10604528 34 59
415810 12 15
20949 4 1
3318454 31 22
799534 7 16
2120671 109 19
2752533 29 22
1852372 8 42
4846040 47 92
10626297 51 38
316871 13 13
300211 8 15
516943 3 67
14808 1 28
657857 33 3
212844 8 37
28088 21 1
13240918 51 39
4977404 23 40
15923 1 34
3825291 67 11
657360 13 8
59716 2 41
24551 1 10
3831244 8 66
136239 3 9
128438 23 1
38795 44 2
359248 26 9
555852 15 16
2150657 11 47
13732500 111 26
1704925 9 50
17895 1 4
19403 3 10
342078 47 5
563520 4 29
54448 3 5
363476 62 2
3290006 49 10
153553 3 11
408962 9 10
2573547 43 40
64737 27 3
322833 4 19
37337718 87 65
463126 4 18
227181 6 37
137756 1 27
1989578 82 8
988874 66 3
154749 17 5
3203924 12 53
1392770 13 55
152075 4 9
62140 12 1
269433 21 3
21460 1 3
6129491 27 35
1796984 13 19
249794 3 18
97156 1 28
504952 6 46
2641 1 3
2263022 14 25
36026 5 3
2314935 10 30
110598 4 7
4508557 52 13
635636 9 10
119617 1 27
7503631 36 49
1584664 21 97
277268 3 70
4163481 66 15
208229 5 7
16100441 29 95
54986 8 1
186810 2 45
2741625 18 21
5330263 54 48
3891671 14 57
12156747 19 84
543258 35 38
10137 7 2
1897976 32 11
225252 23 12
246116 4 15
30435 6 1
2866624 9 47
222047 18 9
3802133 15 61
5691732 35 80
413720 8 9
4020 3 3
88557 2 58
18806 1 3
964866 6 33
717043 4 89
706639 7 15
164242 24 1
267960 8 22
66453 1 15
12896896 39 67
30549865 70 86
6657639 17 68
1918227 17 20
91160 5 19
9964512 81 24
3782466 26 27
7725249 22 73
136916 17 14
850142 15 19
2201043 27 11
379533 63 14
23032829 68 61
1781628 38 32
1990459 12 47
143552 11 2
380164 4 30
1339148 20 10
537346 1 87
489722 3 24
443507 100 1
190224 2 19
144095 15 16
5501 2 3
5219 1 1
135469 1 34
170445 12 2
1856648 24 16
13410594 23 89
4668832 64 14
159612 15 4
404613 1 97
3827616 11 70
1391643 10 21
3461018 59 11
272365 5 11
357550 15 12
1254608 11 18
76489 2 28
10795136 42 55
1349660 5 40
62490 5 3
1975721 7 38
2069995 43 11
64565 1 11
1621236 12 27
30644 2 2
452972 13 6
1629948 39 7
41483 16 2
6609 4 2
1640023 7 38
40592 4 7
334552 8 9
851975 17 8
1012012 21 24
346974 6 8
418309 16 26
152345 5 39
2453577 19 23
4088736 15 62
401222 7 45
272691 2 20
1521087 11 49
909893 13 96
27081210 71 50
914220 7 22
5372 7 1
431168 15 30
646227 19 5
26566827 70 66
991655 25 10
2274336 19 21
1736515 8 31
204067 4 26
943381 5 37
456336 10 25
2482944 26 13
3017912 19 25
4530382 31 23
413128 5 13
1275448 18 50
120131 17 1
38875 3 3
7418109 85 20
3015993 20 74
78986 10 2
3361940 61 8
383525 11 23
3021405 46 14
577499 5 19
5897233 14 66
552754 12 22
86927 22 5
191075 19 10
48994 1 11
180278 1 49
3041069 52 48
51932 3 7
1244035 53 5
4384922 69 37
823332 24 43
216264 6 10
708413 69 2
92352 5 18
18526 1 10
13771536 58 53
833299 15 13
23481 26 1
786066 9 12
636848 68 16
1172701 6 37
330743 12 14
270991 25 12
14116260 49 43
363312 4 15
755266 25 33
4749186 40 22
1096234 5 29
132748 13 26
1354514 31 9
5944730 44 66
22101702 47 66
105621 5 17
13827 4 1
34937 22 2
45635 6 5
52507 1 7
7322018 66 21
16219 12 1
516487 15 18
3712119 40 53
50240 2 25
98599 2 9
50153 5 2
4435829 79 11
339056 6 13
463829 1 71
1105153 8 34
937158 5 27
3655196 10 73
1301431 5 54
4668319 52 15
5390466 15 64
242101 1 82
33539 5 16
1522923 5 55
191911 8 5
13380879 87 28
4401085 43 15
99985 2 9
187519 1 31
13235689 54 38
169203 4 9
1031627 31 19
12944781 76 31
560083 7 13
1290905 3 58
74023 53 1
2050446 39 100
938374 41 14
8117536 21 77
229602 5 11
1160967 86 22
3310535 55 13
11445768 19 95
118620 1 20
306597 4 10
509417 10 9
300439 32 2
108698 41 4
6569602 11 78
3555231 21 31
11172973 30 67
548791 2 54
759100 5 38
342698 4 13
110738 30 6
7490591 34 48
36004 1 29
20013968 55 50
3227155 14 41
686757 13 32
40916 2 14
658140 29 58
174372 7 7
8419828 34 49
1028538 43 4
1279409 57 3
1730824 32 9
1697568 17 15
9005528 43 42
11542812 31 82
185476 2 32
1900471 46 8
404383 3 22
77965 5 9
4976052 19 34
1286305 57 9
317685 1 65
101128 1 23
12382398 78 22
215758 1 31
4013366 60 10
4318677 57 27
2937788 20 19
224068 9 24
348898 12 18
1650901 6 52
16059455 42 82
233092 1 39
2432112 41 31
667201 24 7
191220 71 2
97408 2 7
20217 17 3
35186 3 2
309941 33 12
146506 3 11
292482 7 6
141143 1 76
11893450 30 53
1028608 38 13
358488 1 55
371133 6 11
14264872 79 35
1536229 32 28
393685 24 10
60196 1 14
1488661 45 32
7887640 59 20
38921 2 29
9642215 32 47
2913914 72 40
6542784 29 66
5426611 15 60
741509 2 58
190829 14 12
910081 32 4
111533 2 13
20185 3 1
323396 1 43
42300 6 1
80708 21 4
1148753 12 23
38713 1 9
1990567 5 68
18608904 35 85
2290594 71 20
919994 18 39
720383 5 22
5514083 31 28
968968 4 35
99547 9 2
540343 66 13
54632 1 13
253267 7 25
392106 8 9
76224 9 8
10228203 20 83
1045866 9 29
15274 14 2
1346317 9 30
1382178 5 46
1181879 16 70
233959 26 4
5818 1 3
2537300 19 61
237062 5 16
97598 9 9
1199512 5 32
204665 1 70
4527 1 1
38762 18 4
733374 3 47
7405987 39 27
3470591 22 22
14325577 54 38
20440436 67 80
172145 7 9
118556 13 2
221379 6 28
2798374 36 14
69072 3 4
22870816 43 74
2277829 15 40
1079467 76 3
9263 1 5
58372 1 32
3462074 60 8
479438 4 17
134919 8 5
4640146 48 24
2419430 47 20
25000 1 10
740102 15 12
3053335 15 36
1380360 24 14
430340 2 59
9803339 89 17
151232 19 5
4319029 57 16
10804062 75 23
3803764 19 33
1081004 16 21
39674 3 3
22409 1 54
248067 1 63
11119873 86 19
640291 5 57
2955161 22 22
9922036 21 84
878026 6 37
675874 5 29
252518 1 39
32625 3 2
257812 47 6
1959315 25 11
447659 28 9
214704 9 4
1291798 15 18
688885 8 18
1611356 19 18
58517 1 9
1069940 7 23
1387626 19 10
2110025 47 8
1085269 35 36
3196212 47 9
2296139 49 32
190435 1 27
1515187 13 21
2720085 16 25
1755412 41 33
49295 15 1
772453 4 48
523196 6 13
81621 5 3
93955 3 10
806725 2 71
64455 5 8
1078391 17 13
30323 1 15
2134688 25 36
7438974 29 56
439826 26 10
548091 15 7
699189 10 74
47149 1 72
355372 3 66
655947 25 8
1289950 8 36
443469 28 4
624386 26 61
3382758 17 28
72943 3 19
322369 15 7
4451942 23 43
625244 25 24
2710451 14 42
292248 2 33
64047 15 1
5953841 21 40
561277 7 16
2270855 6 52
797226 46 3
2613360 14 96
2732411 32 20
4924 1 3
70794 30 1
12414 1 2
2026900 34 28
9232 1 3
167715 26 16
3060641 5 85
952254 14 12
96577 1 14
5249227 15 56
1874787 39 7
112530 1 16
1110987 7 45
422418 87 11
1415804 6 39
182123 16 10
12653818 112 22
919607 30 23
250641 65 2
2101895 23 18
684771 3 40
3769047 17 53
9389478 44 33
5765701 12 71
7166 2 3
5905782 76 12
34940 1 28
7352247 41 26
4178901 29 31
33678 2 3
313881 2 30
2102340 11 33
106960 13 2
1765084 32 10
104663 32 3
3575035 20 31
117467 12 2
809250 13 8
4949771 115 9
35312 4 2
1680788 13 25
32030 2 4
23470867 74 72
792629 22 6
130344 3 33
411416 1 56
56536 4 7
624083 14 11
188277 2 15
462798 31 6
782663 28 4
429200 6 10
1031618 8 25
507495 44 6
845971 82 2
1191753 23 10
28077 4 1
4454916 25 83
717721 11 10
725666 24 9
437736 25 12
100306 14 1
2032815 22 18
136340 4 8
395012 5 14
582657 9 14
1547325 5 46
2623872 37 18
281761 4 17
355314 13 20
828513 4 29
2731844 25 41
4533000 23 64
7040407 63 32
7614381 24 61
621075 1 99
11361183 68 38
68139 5 10
2880164 49 14
4457692 101 53
25750451 84 53
206968 8 7
64797 2 8
38498 8 12
8232991 25 54
11697 10 2
9722 4 1
901471 10 22
5570139 42 65
103531 1 26
163417 1 21
1328952 13 31
83956 26 7
262489 5 13
67536 98 1
1948092 12 31
19143 2 2
509820 24 5
756143 3 62
1658852 32 12
2703656 45 12
7903434 21 87
4041114 82 47
4426746 25 23
522089 6 34
1817398 73 5
146075 2 35
10805248 30 80
176799 2 22
2102621 19 34
595078 35 38
4459933 62 13
404297 16 6
851500 17 9
1521660 9 22
7725 3 3
1102998 14 13
1867791 63 19
5272859 17 60
465384 2 34
4617 3 2
709080 7 23
87079 1 14
301106 39 1
21965 2 22
28784 1 46
350623 11 15
464462 5 19
2958671 81 5
7907105 25 78
1084390 16 18
17102146 52 93
558658 16 8
3638535 22 25
2430386 17 86
137042 16 2
112946 1 34
1509 1 1
93855 8 14
184935 1 60
406693 26 17
3407948 55 13
7663336 43 60
648302 3 43
349197 2 49
519383 2 38
24768 1 6
1677979 6 43
163669 16 10
1719921 21 11
31756 1 7
4166839 76 13
2055578 14 37
4471405 16 50
2125135 21 14
430196 49 11
1486923 24 43
1492714 15 20
24035 2 4
8799021 48 81
5362002 12 83
176560 10 19
1474150 25 66
648892 11 45
356036 3 88
182426 5 7
1874873 20 21
9778787 97 25
87481 1 16
142666 14 2
6067414 22 41
270891 3 16
26742878 77 73
714063 50 30
61754 1 24
636634 5 21
615132 13 27
2590845 10 48
95706 7 4
1064657 25 11
1227221 34 16
599440 13 10
129402 9 4
1051750 30 6
696489 33 9
6364 1 1
68029 7 2
87604 4 3
187689 3 48
55472 4 2
1164527 12 37
2416436 16 29
2863146 14 36
514637 11 7
194850 2 28
2155297 23 28
156716 1 27
938798 2 83
3204 1 5
409873 2 32
13814085 56 32
7060817 70 17
1006920 24 13
148732 53 2
7718 2 1
3913444 27 40
410072 2 30
2203742 21 19
6854 1 6
95737 76 2
139126 12 13
1486114 4 64
669231 21 13
454687 5 19
8559948 44 48
313206 13 46
1100596 6 43
47350 1 10
991720 8 27
48287 6 4
263145 9 64
3908813 84 15
10114 4 4
21805190 45 81
218966 1 53
16296 1 25
3108805 37 42
15867 2 19
309278 10 4
140828 1 54
535914 1 70
219101 23 2
187733 8 14
624187 1 103
209595 11 4
62948 15 1
34781821 86 99
923981 77 3
7564547 74 90
1374305 9 31
7008292 26 40
9285189 60 38
7690 2 8
278993 1 48
1043812 5 49
304978 2 35
25947 4 1
88738 4 3
749096 4 28
26731 2 20
5158776 39 31
12286 2 1
7377 2 2
1295388 13 21
266549 1 36
32785 2 5
550163 2 52
322166 4 12
788631 2 89
11994894 28 91
981749 2 79
292150 1 52
828026 2 88
1536218 82 40
3971834 11 55
1578214 47 7
6632903 58 20
196653 1 32
180895 7 6
1459634 35 43
10134099 49 28
2686750 16 41
3711309 18 41
3579668 29 35
52992 1 9
248843 3 13
3061822 5 82
1798229 17 40
74612 1 10
5341932 35 24
101322 1 17
45381 12 2
263971 67 1
32236 1 8
497562 52 2
3632830 41 16
578382 1 92
1148713 26 32
127389 6 24
45315 16 2
132345 2 74
585492 2 44
269942 5 8
3904819 12 65
481399 11 79
241729 25 7
860888 8 72
1225698 6 45
12468 2 5
185316 50 5
180601 3 12
284634 3 33
923213 4 79
145607 6 17
2100885 35 13
826643 16 7
159094 2 13
730551 11 102
1775167 32 14
528343 12 6
86870 1 25
1491652 57 6
1489576 14 19
2659716 13 50
516386 2 65
1328176 35 8
73497 1 21
225853 5 6
1340109 16 19
1427591 11 30
2498977 16 31
70219 15 3
1363655 59 5
2307154 18 28
508417 8 12
118963 29 1
257281 37 6
696391 12 32
191147 2 19
402473 9 11
551879 9 8
34876 2 3
87200 1 54
35979 1 5
1220569 6 29
81102 1 45
198241 8 8
1182888 7 25
5136883 14 73
5016987 60 18
3185482 51 14
2988 7 1
3059378 32 18
132015 3 31
3716743 18 60
10197818 80 90
1722418 7 79
3871655 23 23
187317 26 1
5732476 17 44
657897 3 44
23909 1 4
2083077 15 59
501275 4 32
932043 6 29
614839 17 12
817757 5 43
1288047 43 35
6890842 72 13
1631209 3 72
1074368 49 29
60283 2 7
26965904 89 53
2790561 46 22
3985361 73 18
34704 3 20
1921577 8 76
884079 28 18
551034 3 38
8629670 18 85
5738999 21 43
79301 6 2
549816 2 55
2180001 7 74
12665489 53 50
619978 7 13
792275 10 31
423848 20 27
116878 4 7
121933 40 3
966176 8 21
10852758 54 37
56814 14 3
917125 5 51
12035 1 2
2881047 15 29
5733491 68 16
2058906 7 56
11470127 23 84
441756 6 32
2151581 10 37
98001 1 20
594733 4 28
152990 1 29
2654104 15 43
24295 2 2
749036 45 14
10516973 28 83
374476 5 20
857988 18 10
104870 6 3
2898375 9 44
576007 61 2
1681460 7 58
88168 10 4
6211 1 4
413825 34 11
5558377 38 21
83130 2 22
5962 1 2
308377 23 2
160237 4 54
3606828 63 12
4778141 60 15
2405 1 1
411291 1 72
38722 1 33
6927178 33 34
5343 1 13
891540 20 11
1185378 3 70
1483404 17 13
7001610 28 51
26563 1 6
191765 5 5
47907045 88 73
17012088 106 31
942184 109 13
829026 8 17
94769 16 3
780386 9 37
240914 13 3
2907784 8 54
1656880 23 10
105006 5 44
515886 2 34
821234 28 19
1215416 28 49
1330571 3 82
487020 4 22
670295 5 28
2301472 8 48
22708 2 8
11068996 49 55
10766491 45 49
3770755 25 31
197808 35 4
69706 2 26
26410 1 16
46860 3 3
17706364 66 51
16251 2 8
2573117 10 87
1998138 19 25
101640 1 24
216415 1 72
339297 3 36
93469 1 19
212680 1 49
640957 2 57
865204 13 13
319303 4 19
1333959 17 13
423340 10 12
4944149 23 34
81834 7 5
912460 19 28
35735 1 15
60915 1 13
444978 15 9
20889076 65 49
18702 3 1
926180 4 30
19476 1 4
21871 3 1
445833 5 21
534939 15 8
1740098 22 11
582621 13 9
66244 29 1
90169 2 7
2370717 13 24
8528 9 2
1508897 43 9
31683 1 18
1145434 13 15
895522 5 40
22286568 52 62
1056999 5 46
13075 8 3
807197 45 4
2196090 7 79
335202 3 15
7270229 22 63
531174 3 31
161999 6 6
10598908 39 55
2741551 11 43
4010344 62 9
8085450 46 66
785157 24 8
2269414 16 27
337330 1 53
720438 8 12
17418 3 1
849336 19 7
706011 11 13
1932101 42 9
71778 1 44
12180757 50 55
2350403 10 58
3682203 18 47
243993 2 19
3045998 30 17
9005896 28 69
3575857 19 45
10609829 59 38
247269 5 29
3582635 16 46
4645466 20 88
81812 1 15
6367844 52 33
215320 3 17
79116 3 33
6596907 45 32
222188 23 2
252164 2 69
49222 8 1
73126 4 39
8339817 21 90
1879188 39 39
107316 3 9
2278811 6 79
166781 2 20
2236382 11 45
619404 4 38
928038 18 52
65594 5 6
1693453 16 73
638061 8 25
1344770 30 7
343241 46 9
11039473 35 49
2848454 11 40
21887930 49 95
4924973 79 16
87832 1 16
1146185 4 46
583494 5 42
4592006 18 87
2144389 12 37
72479 2 5
925 1 1
2507028 42 35
144719 59 6
8114841 35 33
268134 1 35
1187933 30 10
979474 15 30
1231427 6 28
522055 4 53
417278 18 3
8642613 50 26
6648 1 1
55973 2 10
2311178 44 42
3700329 15 55
441916 8 42
65317 8 7
5952707 18 81
451432 2 49
885305 58 3
515498 1 77
196897 5 16
22329 4 9
41985 1 17
3085329 56 9
104991 1 18
879754 15 57
1466281 14 28
202578 7 23
243078 21 7
254112 14 7
110717 1 28
5364486 37 23
92674 21 2
184053 9 5
85529 15 6
2622110 29 17
2214440 89 8
1392790 20 14
257934 32 2
8439356 23 90
4634597 22 49
762157 66 24
884568 62 3
1364037 12 44
22257 1 4
20180 5 4
4319323 32 29
802251 11 15
1432512 74 18
1088834 3 74
312932 27 13
2931461 11 43
726624 26 6
2109226 5 78
2827233 28 95
455860 2 58
6211432 33 25
107992 1 19
2359897 7 63
110497 36 1
2540632 11 55
4230151 18 61
316090 18 30
705131 5 31
237812 43 1
605586 10 19
978526 7 21
828557 4 35
2511503 5 65
2124460 9 48
105487 2 27
191398 7 5
1060727 10 23
317556 9 6
726756 41 45
6596041 80 100
14013 1 3
56391 2 20
307371 1 51
5593736 49 39
2713862 24 26
18878 21 1
5435874 23 33
13372 2 1
178108 3 9
354887 12 7
524914 1 81
632399 7 96
45744 2 5
215891 1 97
178735 12 12
42985 3 19
43804 1 9
249016 4 30
6978382 34 31
14055 1 2
760047 22 9
3577897 56 75
106960 1 24
129132 15 17
214702 2 18
3630809 39 13
58240 2 8
2927076 22 31
163909 19 3
1357197 22 57
251608 7 36
1326042 16 26
22064 1 8
49785 60 2
23387 1 24
3149538 10 70
28149 6 2
4229334 27 34
781428 26 5
18367942 70 43
327967 31 12
6992076 20 52
1079690 45 46
1109394 6 33
1302945 4 50
41172 3 19
1972183 19 21
22100322 70 42
853715 10 12
210810 19 2
79264 1 89
1785531 32 35
267943 6 9
1544554 28 65
190490 5 61
6481170 30 31
402232 2 31
3297550 11 74
580798 24 9
3776953 29 55
6159522 15 66
14045087 50 55
1682515 45 10
1370677 8 30
1080812 9 73
6212168 56 35
852775 21 7
1126243 4 61
5056808 46 17
3051355 10 77
7462 2 4
535918 23 5
3575425 10 89
2833636 19 94
855918 7 16
245203 1 44
206061 35 7
6798465 69 13
217641 6 19
472012 2 52
1091324 18 11
44150 15 1
117837 1 29
874597 49 6
31963 1 5
1235717 4 73
331836 2 79
40367 2 10
130360 1 46
389239 18 42
4405576 50 64
9142698 61 37
1564564 19 15
10386717 68 27
4492790 44 23
96199 8 2
2154063 5 78
136964 25 8
1082313 17 30
955499 12 74
698522 30 36
12531046 40 63
4539609 24 41
2880339 9 58
1649708 20 44
2137603 21 49
2738950 12 47
293582 12 5
19527647 75 54
852699 12 11
687249 73 5
26722 1 18
673407 14 11
2321876 26 21
145066 19 2
87286 9 3
2752150 76 15
8966019 29 79
482277 9 8
23357118 50 75
6056331 20 88
215319 1 35
247705 6 22
724287 11 11
1523049 3 81
165667 4 39
328780 12 34
16495 10 1
529115 11 9
366830 1 61
6145859 23 52
374973 6 10
50790 44 2
39971 1 10
651768 4 37
167333 13 4
768375 9 14
1308375 39 18
122231 16 10
960534 15 11
4769325 32 30
215260 6 7
773474 17 9
632980 16 38
2737 1 6
484148 15 7
6327033 29 51
334495 6 33
2710018 44 9
182382 6 41
1107052 9 44
1978183 15 28
10527842 18 79
6968226 101 15
16568686 44 54
98747 1 23
12100 7 1
155507 2 11
1907507 5 76
1351 1 1
6828 5 2
4906600 44 17
101934 2 94
1697071 46 17
240304 2 42
1533734 16 25
271218 6 10
9515371 24 87
2896481 18 27
541065 45 3
164723 8 4
26566 6 1
7916026 54 37
72564 10 10
5582135 13 58
43616 1 8
3656546 18 41
40385 4 4
28995 20 1
713710 7 25
132437 1 24
3284838 12 56
33773 14 5
14102 1 3
108868 1 21
145799 13 2
5825949 23 36
3345964 67 64
178587 9 23
3878983 14 56
716421 55 8
122824 4 37
5133824 16 53
557361 26 3
77156 1 19
204275 3 10
1180941 14 15
4833143 40 31
193237 3 14
2902101 48 12
286811 18 14
31349 1 23
1684075 3 78
57174 4 11
11807508 76 34
119152 2 18
235350 2 35
2162134 31 9
1592565 3 92
698565 3 70
131664 17 1
484999 7 72
2266557 93 15
1614140 10 94
63239 1 50
110125 1 20
8286 1 5
201065 1 46
3367126 7 91
2482621 20 21
168818 3 21
206972 1 51
1182895 14 12
10966212 39 45
4298230 18 37
2769749 9 41
3108818 58 23
279562 2 19
103091 8 2
8061197 45 39
73940 2 8
2215469 34 10
2592053 4 86
209116 26 17
12116 2 8
136769 6 47
1700353 15 16
12726 6 5
32541 6 1
126385 1 34
2330946 27 18
34878 6 1
5571162 10 82
318040 23 7
2074729 24 36
104051 11 2
1700315 74 12
2287660 15 36
6849443 54 30
60132 2 13
302518 5 19
496247 7 27
532488 3 52
240022 54 10
12478055 47 47
6543279 54 25
303276 7 12
22664 13 1
105240 6 3
110452 3 56
2581056 57 15
192702 9 4
1406282 19 28
1684061 9 45
21718 1 3
5344242 34 23
756306 5 28
4083675 14 64
93654 2 85
294774 7 6
2915730 33 27
4739068 21 33
991486 17 13
5121397 30 53
417769 27 11
20125974 38 87
414817 76 2
4638474 34 24
60152 4 3
1157463 8 27
2699693 95 7
91428 2 8
1495950 29 10
2148699 45 11
1639593 11 37
1196087 8 28
3374 1 7
2338251 15 21
156370 4 45
2388527 39 9
91179 3 5
1578078 10 26
4756292 37 23
592338 11 9
289724 8 28
192051 2 78
61909596 87 98
221211 3 15
427494 4 26
6911 1 3
17683880 31 78
61241 5 10
449802 26 4
26369 1 4
10255648 44 34
61386 2 4
1516524 40 32
262358 29 2
87186 5 16
602272 13 23
262188 3 15
111867 7 4
659845 7 28
30176 3 23
3947855 57 22
8823 1 15
4496432 36 19
339952 16 3
4889 1 9
10657 1 7
9720 1 9
2882549 19 51
14458 1 33
2111017 37 10
1420242 49 16
166750 1 25
434081 4 19
505204 23 12
1244228 5 45
17237857 46 74
117923 25 1
5363137 35 32
31273 6 1
4239206 24 34
277585 6 50
4216202 17 46
1456701 17 19
674224 8 39
498956 1 78
1930107 12 55
613206 53 19
5249050 53 13
1099787 4 47
18016946 79 46
5065266 17 85
1950635 69 7
459542 23 4
4441828 14 61
331982 3 26
76769 11 1
2165224 51 7
47645 3 3
462147 27 4
26748583 83 50
399462 14 6
161893 12 14
80824 2 15
4431444 11 70
1214015 6 29
5198792 38 35
810336 6 19
144308 27 3
106212 1 62
30249 1 4
170278 1 24
3333 1 1
458741 2 40
95035 12 15
246816 36 1
95147 8 3
5484 1 2
8474 2 3
42809 1 57
628342 4 22
995098 11 27
121858 6 3
1775093 5 68
3362699 38 22
369346 1 53
589123 7 19
11187 2 3
2631907 16 33
867024 3 68
243906 6 26
1118529 5 62
10075521 33 65
574029 1 82
2049000 8 34
901683 40 10
43310 1 7
125002 7 25
90605 7 3
12240897 78 22
219939 7 7
50481 1 9
435569 2 30
269231 9 7
4785246 36 26
484291 21 3
5259878 16 54
131548 8 22
1219575 29 28
38592 1 10
4161387 25 38
1871733 8 43
1607023 5 50
118012 1 28
848982 48 13
281406 2 30
68432 2 30
218654 1 47
13493 2 4
87355 1 16
744620 34 8
23659 4 1
822931 4 33
632858 6 15
1946460 27 18
1426629 35 6
360223 5 23
114699 27 4
3082243 37 14
3840974 24 25
802809 2 56
6617075 32 56
2980589 36 15
1241813 85 35
149196 6 12
131029 1 18
1149355 11 44
4725559 48 14
3781360 40 23
7753719 21 54
93878 2 7
603525 2 61
13127 5 1
1203850 24 21
170418 4 7
755623 4 38
684618 23 21
5251530 51 22
1624213 25 16
405843 14 34
834203 13 23
292378 13 5
462821 2 51
1799649 12 23
4253464 17 60
2907925 16 34
7627591 34 60
1085745 8 41
2733444 44 69
162508 2 19
965014 5 42
51343 1 7
4778396 13 52
2955005 20 32
275339 4 14
1190016 56 5
61752 1 8
63332565 119 71
65735 2 15
3084 2 1
1394473 24 14
2011202 6 69
166325 3 15
1174907 24 7
4140164 67 8
4047229 18 31
3669171 29 36
1469892 39 26
43263 1 21
9889923 37 88
7735317 27 70
276547 5 10
12668 2 3
697257 4 24
1851636 7 41
702320 5 22
48397 5 6
79574 8 2
1143264 11 33
1069772 14 17
2031858 18 28
1731642 20 48
190819 1 39
6896 2 1
903447 77 18
116166 9 31
2590166 46 14
1389267 43 16
10556831 31 61
362454 21 9
18363 2 11
3451123 10 57
4152678 96 9
96095 4 4
152162 3 9
219270 1 49
2623185 54 69
6734 2 1
2538528 39 29
20115 2 6
36973 1 8
2961734 44 12
89778 2 7
3448666 35 19
151341 17 22
462641 6 55
2174301 45 8
17784630 33 75
1120546 3 104
3611183 31 18
6766488 42 22
61848 9 2
4348202 77 10
17357270 50 81
14943595 42 56
565389 67 2
1465140 15 17
440800 6 29
155294 17 8
1461613 5 49
195156 15 16
525144 1 73
13519 8 3
98845 1 21
1201241 52 3
23227 6 7
1167310 7 41
9797 1 24
11538 2 1
251765 19 2
463624 2 50
80519 2 19
31968 3 9
572699 8 36
238369 1 31
1039660 20 35
2109534 23 15
1067694 60 3
1322499 5 43
1189487 93 2
2198969 9 46
2984223 9 58
39260 4 5
280910 32 6
54624 4 2
1489245 11 33
10230912 46 57
1135987 29 18
66808 3 7
390603 16 4
8745152 33 42
616992 22 7
518001 111 1
16783 1 10
6905181 50 29
6695977 31 47
2577655 34 49
292413 6 108
25238 2 2
280048 8 18
2773115 17 31
53320 4 3
1370228 4 56
160055 2 29
31027 11 2
74852 1 38
245329 4 9
206834 39 5
257517 3 16
15356961 70 31
20271 1 3
6716540 27 57
1648208 51 27
65714 2 12
2249506 22 16
5412160 41 24
12517062 73 23
17648169 70 52
20392 3 7
5310712 48 25
3209695 20 39
7070697 72 13
649017 3 59
15808173 49 71
601551 13 6
1572492 19 11
70417 6 2
68053 1 15
3276722 30 22
1609686 9 24
76879 1 45
54581 1 37
578505 6 61
4551416 51 59
21469 1 4
780822 15 13
462844 7 21
4052937 17 38
6754233 30 35
4940 2 3
1476965 4 80
22515 6 4
211524 6 11
341158 8 10
3627 1 2
37152 1 39
42219 5 20
408581 43 4
4264224 28 23
49411 6 2
681948 3 40
721330 5 24
8934866 41 28
4197998 38 58
550338 4 22
4951769 17 65
13035 5 3
2776029 26 16
392203 3 27
1384365 13 22
2338126 57 10
5517461 14 94
39031 2 12
3457976 19 44
685422 10 58
5275707 89 28
12052490 37 67
1531531 41 9
1363050 23 80
442555 10 6
54486 6 4
5832 1 1
7238 1 10
1320594 7 48
5768964 62 41
2839707 11 64
24055 3 2
11182371 58 64
1244955 5 42
308475 6 41
6615105 50 23
1852595 6 44
78015 2 11
124450 8 14
603894 3 72
305662 46 1
157091 1 21
2304685 7 66
7127755 70 25
231991 1 48
95277 5 12
78030 6 15
5871151 37 35
877744 17 32
3654965 13 59
2311766 11 38
2281669 23 21
1952801 35 18
7981611 42 46
26986 2 2
2927584 53 14
1615340 12 70
111301 18 1
14620298 39 70
278310 1 53
449859 54 14
2296336 41 34
38038 6 1
2943029 8 71
54079 2 7
90738 1 69
1974735 46 13
1949808 68 7
5638403 58 22
10959497 42 87
27117 2 9
29241 2 29
1108955 24 41
10130 1 5
827816 4 34
638288 8 16
6911719 35 99
111502 6 4
5767660 23 38
1926485 19 19
641610 7 13
16628276 75 61
3595187 11 42
125876 3 54
336450 3 21
2240344 73 6
1543062 27 12
386165 2 44
1278067 26 8
126597 15 2
2137268 5 70
2566016 39 10
1740601 42 46
323322 2 41
2364079 9 52
403973 53 1
3750103 33 19
589678 21 14
1876780 51 9
51790 8 1
27342 7 9
16098422 86 45
785212 3 51
210445 2 19
209450 11 11
7914326 31 49
61172 8 7
7854114 14 83
219033 3 98
1953020 14 20
138126 11 16
72561 2 24
14977 1 3
731869 13 43
120987 1 28
604190 34 3
4756710 65 18
95876 3 7
192014 1 38
345476 3 25
2855485 8 60
7039811 39 30
1123975 22 12
2812832 9 44
233560 1 89
109904 2 55
385612 19 21
554573 6 17
136581 4 15
287807 34 12
119614 7 25
2138048 46 65
106395 23 1
298747 8 16
134984 2 16
6882444 15 68
766629 5 29
1947244 10 37
279038 3 51
1580567 35 9
10800384 34 51
11156493 58 44
6538600 37 25
167738 2 69
15547 1 3
2843267 9 77
218323 3 33
86750 2 15
907201 14 10
4648787 29 33
2519251 46 12
341231 11 21
424277 3 19
89640 1 22
396736 4 54
19002608 49 71
147126 21 1
48259 4 3
60641 17 7
4826995 45 17
356322 15 6
110947 7 3
2077917 37 19
20244 1 6
505893 1 77
3504027 16 46
3125853 19 27
14033 1 2
1060813 20 64
655255 25 4
113938 22 1
628667 2 41
3780908 37 25
305857 3 18
1036134 2 73
1350872 53 27
783001 12 15
238505 1 36
2715431 11 63
48808 2 4
3625569 30 17
8020 1 3
1609433 60 13
90999 1 16
555394 2 40
2644 1 1
50291 1 19
315194 6 12
162862 45 8
54723 23 2
842081 30 57
21379 1 5
34913 1 7
2211739 4 73
97407 1 14
59807 5 30
6947723 46 24
891304 6 32
1476272 5 70
33773 1 64
442629 7 65
1543752 19 12
227916 14 4
1829912 16 54
4380714 16 50
259184 4 17
36712 3 23
828980 42 4
17061311 41 67
821658 14 51
128082 3 7
5824 2 4
792861 16 11
3045041 43 18
1762653 20 31
92073 17 1
45931 2 3
2816726 7 89
1055895 46 3
1199822 49 4
527716 9 35
418817 10 19
13954 1 3
102861 2 8
78019 1 11
180675 13 2
16241251 31 68
1419455 33 6
2578771 8 74
11248 1 19
62815 6 2
683100 5 26
494903 28 4
7524 1 6
2356886 13 41
394825 27 37
376322 7 11
142829 10 8
2694842 10 58
10346056 40 49
1226524 28 58
419432 3 33
21725 7 3
365504 12 31
68481 2 12
919807 22 7
367815 10 8
1817121 11 67
356622 1 52
186338 45 1
166722 4 8
76903 15 7
1724310 103 10
58146 3 9
108859 1 26
1735006 6 60
165989 2 32
2068434 13 33
260460 17 3
49681 19 1
370459 3 30
5622758 17 82
288185 2 21
386744 8 44
4784 1 1
10367775 89 72
525807 2 59
2017118 14 50
218104 4 45
193098 23 2
2178653 9 43
515512 11 77
1842727 6 91
1844043 11 30
449721 24 11
92812 5 3
5671 4 2
248986 4 19
378999 3 29
69069 10 6
30658 8 8
1364242 22 32
126646 2 11
174220 6 5
2097950 17 75
61080 13 1
1314185 21 16
12937250 48 47
129009 4 7
5795488 44 73
192627 4 26
102899 1 58
734276 3 62
483785 65 13
78452 1 16
586861 14 9
8990786 17 68
2073917 83 13
150186 3 7
4328163 64 9
642213 8 15
2008945 9 33
1338857 38 5
473807 3 49
716 1 1
454649 5 22
363538 5 17
1065009 6 28
509729 18 4
1369764 13 39
482629 10 12
21352 9 4
4856991 46 20
1614807 78 24
618877 1 88
311912 1 79
4841695 32 52
29143 1 13
458353 8 9
1940650 32 50
390653 1 66
1191372 8 21
1533242 18 19
599179 4 28
9795241 37 36
5027508 13 78
33844 1 20
970425 5 49
61670 1 18
1271071 72 3
1514725 18 11
397053 11 7
3328533 18 45
393358 5 32
941177 3 61
281200 5 20
313078 8 9
2630449 53 26
58183 1 10
7173389 60 44
6444335 21 58
6269956 112 13
10050962 22 88
341514 11 5
16157411 69 76
473330 4 26
84617 1 18
232007 6 35
4458991 19 67
632791 10 15
25975 10 1
25433 2 10
1697374 24 12
194849 4 10
3553663 23 38
91260 1 101
211034 15 14
721659 3 84
10195 1 2
572946 9 55
63445 5 3
302781 11 13
317973 3 18
8835004 25 70
4108740 66 8
693977 3 44
1522199 8 37
18901 3 1
2314739 28 19
400136 5 20
76640 17 1
4023702 11 61
372616 9 7
4305692 33 31
702919 42 23
1422531 54 6
251905 3 12
185132 2 20
5116475 49 27
1139464 13 64
103738 1 23
289768 2 24
11606 1 22
41238 1 20
354047 8 8
383631 10 7
999926 29 6
460536 7 16
6272195 69 30
2183048 12 56
524439 11 22
13707 1 3
114154 1 29
282794 13 4
23574 3 5
7875278 30 45
369919 1 71
15396811 51 55
136751 7 3
311029 4 44
3675525 92 7
1326442 12 25
191705 12 7
4016034 53 17
1972283 10 67
3795876 51 30
7641425 59 17
14731248 32 72
11431336 42 46
27266 23 2
305135 4 29
50393 1 10
100521 20 1
220229 1 31
130476 2 11
46680 1 31
879194 3 54
5869634 25 34
80335 3 22
325629 59 1
608336 5 30
66802 4 3
170438 29 5
26651 7 1
477222 3 28
188323 39 1
58374 7 2
10486957 59 46
5971 1 1
366993 5 11
67347 6 2
1173571 3 78
298153 1 74
750284 28 40
98738 3 7
83871 1 18
1403110 62 6
60037 1 33
423707 25 4
1726106 20 93
2018781 13 25
73774 8 11
830364 10 20
3707961 33 30
195599 11 17
145864 18 3
7068063 16 74
1203912 69 3
1788721 11 33
290973 7 9
1312817 15 47
13853 13 2
16888863 29 105
30370 11 5
604484 20 67
646251 10 15
137780 27 8
4840189 56 86
1390168 18 17
5422838 15 66
209284 2 26
1443808 7 28
2634380 21 20
469773 13 33
7545 2 6
16443 2 9
1570457 9 40
4198032 39 22
1757542 21 18
742466 14 27
2257870 19 36
85972 2 16
4466087 16 38
12559 1 6
778220 21 52
47941 1 7
2598537 8 53
159295 8 21
52625 4 2
1831103 15 18
44761 2 4
1936596 9 54
1164217 51 28
51745 6 3
1582382 19 11
1330569 45 4
793776 5 30
12842 1 2
8000 2 1
1916973 25 41
2111143 6 65
41577 56 1
57215 1 50
93488 4 5
6498 1 1
33221 2 23
1662833 3 94
4791575 16 39
7983301 33 39
75672 7 10
2442965 47 13
5644126 51 16
1017111 10 17
1420179 28 23
291943 2 31
806173 2 71
613477 38 3
1544121 5 78
1360663 18 56
21191 1 15
42837 7 3
128642 16 2
565583 42 3
492327 4 30
311085 10 9
1791624 58 4
568422 18 16
169666 5 6
104389 1 51
29750 1 61
558920 3 40
10559479 26 56
56781 4 2
955183 4 65
5210835 20 51
3017117 34 49
502460 2 52
179456 9 30
13929760 35 84
551807 6 15
606344 4 29
2114491 37 53
4781745 35 29
11791 2 3
7205234 33 34
30421 2 18
1864884 7 43
501920 4 24
5252276 31 25
457311 7 34
255442 10 14
437541 35 15
767247 5 20
147461 30 4
558384 21 5
2000869 9 52
189829 6 9
4019068 10 72
1235624 29 9
1682741 13 27
3572971 16 57
27434 1 15
4198440 47 59
21186 10 3
192919 6 28
106575 6 30
733678 22 14
106996 23 2
1023679 30 6
2736078 32 13
257200 2 22
93567 1 85
209752 1 45
170106 1 108
219582 17 8
357811 4 15
3890468 54 11
2783651 6 61
1007045 18 79
643968 10 9
21931430 32 96
50611 1 8
911082 4 57
230000 3 14
132177 6 29
2582268 55 8
61340 2 14
3137217 14 40
135789 2 39
58575 2 16
854062 35 36
3220 1 2
16030595 40 75
241568 2 20
5145583 45 24
5770 3 3
805563 5 38
547480 4 26
2361164 4 85
223333 4 70
5735825 25 40
6945237 21 60
597039 21 4
32158 12 1
3083725 12 38
90219 2 8
5720937 49 23
109295 31 1
20331 1 3
2082252 14 22
556742 65 3
236983 7 5
324025 41 5
24059 1 5
11771 1 18
162955 22 8
28288 1 6
831881 10 17
89691 2 10
464687 1 76
3685295 31 16
271212 3 20
246649 39 1
41507 2 17
347131 6 10
414884 13 6
1012105 30 24
452392 4 27
1424011 10 28
1565815 12 19
1277364 16 25
6184153 61 23
393645 29 2
216059 1 54
49369 1 11
11650989 33 72
889191 37 6
1310792 27 80
16868669 78 34
1355740 5 68
1606769 6 44
73192 32 3
163002 38 1
419483 4 17
455180 7 12
102504 1 14
168252 18 2
77458 1 72
143419 1 40
115393 3 11
1070242 3 68
9653 1 3
4635290 19 42
1893676 44 11
11021 2 1
4793567 32 21
168715 6 15
192927 3 10
120512 9 3
2488556 29 21
5144261 45 29
75387 1 14
29420 4 1
3093434 10 58
1755975 17 16
83315 13 1
86225 2 10
729783 9 26
522801 5 22
48366 1 17
2540605 78 21
1299 1 2
7783248 51 44
1227353 6 66
8362736 31 67
187418 27 1
5466 1 1
6796175 119 15
2081764 32 9
3618150 20 50
610164 15 66
1485962 113 2
53870 5 6
33734 3 2
51795 1 10
5341423 37 25
309134 11 22
1131180 8 30
131561 45 3
2155543 5 63
51615 1 50
34322629 74 85
2741375 5 77
264639 8 10
456542 7 9
449663 2 53
81693 2 6
64464 7 17
848685 2 61
585810 8 17
1551036 18 19
6152431 37 27
59787 3 6
92903 45 2
8994150 47 28
871347 6 28
19645647 31 92
1058005 30 20
255142 5 7
246403 39 1
1194622 5 42
3066461 59 33
65366 1 13
2337091 9 35
20604286 109 27
687 1 1
5784689 27 37
9209 1 5
181911 12 19
28797 2 6
53385 8 5
6082524 35 29
936300 11 41
4858705 18 45
862488 11 57
944042 2 67
1786751 8 31
8763 1 16
1138232 12 40
6994771 17 65
4165091 14 69
1818079 45 14
371663 4 19
3287003 42 17
16674673 37 59
1779059 27 11
5200139 94 9
345129 4 30
297658 1 39
4460980 71 13
430805 26 7
82737 1 13
139055 11 2
137387 32 2
159727 43 1
112783 1 19
332879 2 40
78223 2 22
1416000 10 23
43043 7 1
85230 3 20
32830 8 7
772576 11 35
228511 1 33
488777 1 78
2185724 44 19
167558 6 6
414162 8 34
18900 2 15
290792 35 9
1203667 9 57
1707177 32 11
168354 2 17
38218 2 3
4586358 13 55
201131 1 35
2715907 14 36
35074 1 63
190233 24 5
438457 13 5
62285 2 6
1221961 10 24
518861 4 19
2392535 11 75
350109 15 10
7648 1 1
5482509 27 27
345959 8 51
983106 3 70
9294 4 2
626121 2 60
5190707 13 68
13779976 85 32
280249 62 1
3511716 40 16
157589 15 12
486114 7 47
10938568 52 50
4632895 45 29
2771723 38 15
16031 2 3
4817308 20 67
9129390 24 90
14685560 43 68
355375 5 16
3596248 10 54
854540 6 26
310066 19 3
237754 5 12
127291 1 26
224672 6 27
17316 5 4
1700927 23 63
241243 3 41
506816 8 38
160211 6 11
13801283 38 55
270526 6 11
993125 52 9
3079281 38 28
167383 3 12
203130 13 4
5319 3 4
52458 1 12
520482 11 41
2801554 8 53
136278 3 19
1809270 32 16
1642361 53 11
2064370 29 34
5325093 54 42
22556951 75 43
15641393 36 79
11753748 88 18
831451 14 31
467458 3 26
1900045 15 66
619057 2 83
8950887 41 33
10408397 85 20
7349144 17 93
6519989 23 47
166646 2 32
3653235 43 11
1079754 57 18
2727745 53 16
27669 2 3
115464 5 3
150794 42 4
955147 47 5
2712800 17 40
8252972 86 31
3429467 56 93
18147 3 14
1097446 34 5
80692 1 20
769603 41 3
16317452 116 81
33366 9 4
826330 16 30
30265 1 14
34846 1 6
466 1 1
1988610 20 15
224666 1 54
595063 4 61
463416 9 10
5689826 17 59
1217520 7 38
38405033 97 52
576306 8 14
177995 23 3
190120 15 2
217158 47 1
177416 6 73
1209487 51 6
707976 19 23
2870 1 1
6650455 95 13
89896 18 1
1284948 17 30
1127648 20 14
1759954 4 57
722720 8 22
657117 10 12
13108595 18 108
987236 36 4
7495724 46 38
875463 3 41
266457 11 6
174979 4 6
3760342 43 16
67979 9 2
1221179 5 42
491029 25 25
332177 27 3
261348 4 90
102288 3 6
3152403 35 88
2418506 42 23
129379 1 21
2842013 42 10
1209825 22 33
1471467 3 86
544634 3 41
1375510 19 18
2643149 36 42
369279 2 41
1749319 21 13
914367 37 13
1100092 8 28
230111 1 52
2809057 97 5
588674 4 22
361825 7 8
96775 2 62
85311 19 1
12528 4 2
350887 3 22
252644 1 43
313779 2 44
4090969 91 17
22951 22 1
10751434 130 13
611556 61 22
828287 2 73
982796 5 48
1110602 12 20
285029 8 37
571917 6 21
11426 2 14
801064 18 7
44396 1 15
259423 12 5
320437 1 46
400154 31 2
2315499 31 35
77381 9 11
17007339 84 62
387233 26 8
800656 87 2
8991 1 3
5844 4 2
10767601 40 84
3508077 7 82
64515 30 1
86580 9 2
4512 4 1
87869 11 3
147788 1 24
2739571 20 28
60567 1 13
26375 3 12
154596 3 15
379570 4 64
7316 1 3
113010 2 9
237071 4 8
2241118 5 68
242469 2 18
234883 5 18
3491689 33 17
43425 5 2
3493652 12 48
951343 6 32
21847 5 2
540279 1 84
17767258 74 49
4987529 10 94
800543 34 15
39835 6 2
228469 7 22
336279 5 10
18897 1 20
37526 1 5
1064873 15 30
549401 2 60
1280169 21 44
516629 6 40
230868 3 11
2868140 21 24
55603 3 5
4816859 91 24
670488 3 29
3194145 39 18
54825 4 3
2656803 5 78
243394 10 8
17484172 35 82
147037 2 12
1404692 4 68
136781 17 5
1060 1 1
30532 2 2
1373378 18 15
624296 87 3
183818 4 41
3303095 20 37
311763 4 11
6519285 63 20
107793 1 18
466046 3 36
339426 3 28
153065 2 18
15691197 41 56
19951 15 1
6719779 13 83
924430 4 56
626289 3 105
660051 8 12
1933389 65 14
4665719 64 13
355029 4 19
5329596 17 66
1328178 88 2
315552 4 11
692673 2 63
12701626 48 70
91137 4 36
318115 2 49
2072196 40 12
49960 7 12
43184 2 17
429240 14 6
264359 1 44
1477715 32 11
1498649 8 29
33507 2 4
220469 2 37
292424 16 41
153376 5 5
186855 2 14
5434706 11 77
3315410 23 60
8624150 53 43
1919763 7 69
188703 8 6
53808 3 4
2821453 13 32
267831 4 13
27150904 43 84
2101928 12 56
6178022 19 84
1797151 24 17
1142541 9 24
615535 26 36
392846 24 7
6671 1 1
9219040 27 58
111740 18 4
30358 9 8
128425 2 14
601572 4 71
1376991 3 86
161952 14 2
1401203 23 13
27627 3 2
14895969 54 53
81853 14 2
696284 31 5
127655 5 9
1644803 11 52
118092 7 4
110098 4 15
30903 2 3
61538 14 1
295286 5 9
3244792 13 57
16783 4 1
8010673 44 66
55292 6 4
16077606 44 47
389698 7 8
968691 2 72
1323810 22 12
4187254 28 21
27044 2 2
962527 34 7
3480678 6 83
786726 25 7
825037 4 38
943051 25 8
1315112 19 11
1607558 74 8
676401 2 56
3549045 33 96
99559 1 15
88370 2 10
2652279 8 51
2392616 18 34
2215918 23 17
863967 3 50
2607157 8 55
6344062 53 23
1376962 10 21
262150 2 18
210883 4 8
11399415 29 100
541470 6 40
111592 7 16
70759 1 18
14747 2 1
178268 1 35
1274450 7 33
1263295 17 17
44509 4 3
95306 1 13
4735284 30 30
3300195 63 7
541357 9 13
46262 13 7
498208 5 67
263077 1 51
457453 53 12
9714 3 2
181444 10 3
78408 1 41
7561970 31 44
78502 2 45
491692 19 22
914212 49 4
532639 26 4
1819164 25 21
463121 18 4
3045946 18 33
330720 2 29
402270 1 53
1029478 4 55
654835 10 45
276179 25 8
454080 14 29
221306 1 57
961536 20 23
534386 9 25
6674802 21 44
2335671 9 41
194976 3 10
53220 1 22
2725992 71 26
571370 1 75
166023 6 17
1611170 6 58
396137 4 15
71421 5 29
47293 37 2
481828 19 5
1026556 15 9
139635 23 1
534354 5 17
1269261 3 61
451766 2 52
2139484 10 40
258794 7 8
235115 7 11
3160923 21 42
4061204 13 62
20592097 70 61
88981 5 38
4619509 21 34
180943 2 12
1130703 31 29
784468 28 24
2584741 15 62
605811 4 56
46579 1 7
650346 3 38
6000229 16 55
364949 35 4
26916049 80 83
1220167 13 29
5235 1 3
336793 2 34
532590 32 4
412596 11 33
7716005 38 63
121645 3 8
2245397 39 33
237408 17 3
1192533 31 6
515643 4 41
11402028 25 63
4941934 14 49
26248 1 6
888679 13 33
12692436 59 32
63263 12 1
3753593 30 17
1811354 13 23
1336455 32 28
5380062 20 37
824143 2 57
754310 19 23
30276 8 4
342962 1 68
884839 69 22
2347098 9 47
11923 1 3
67133 9 1
110815 4 11
11291 1 9
635071 31 35
1179061 16 13
4880653 87 10
4332297 21 57
265137 7 32
915029 5 31
141507 8 18
433991 3 22
454956 5 12
1735511 5 45
154638 6 21
355076 10 11
17493576 38 77
411700 27 2
1832413 24 17
67694 19 5
4989596 44 58
4386488 41 28
2871366 15 42
432158 1 65
1609498 9 37
72545 67 1
5150114 90 53
2920687 64 33
492791 3 43
752529 42 3
6229752 32 47
43296 18 6
25238 6 1
59098 5 3
29797 19 1
6731394 37 35
212773 5 8
77397 9 4
377941 3 32
1307558 4 51
50207 2 6
1458041 20 41
1264875 30 6
395243 1 87
3056134 12 44
405057 18 3
2416432 16 35
119816 20 1
5872070 30 54
152702 37 1
46384 19 5
7079853 25 42
303958 13 37
61883 3 3
186743 1 30
1769213 10 24
2426404 18 70
10791002 55 44
160032 4 25
236405 41 1
180781 5 7
138449 9 5
594567 7 18
867744 82 6
479268 16 5
81910 3 8
129142 5 39
522413 3 28
298591 2 27
679762 10 25
310187 10 66
65835 1 16
13549478 73 29
4765166 19 36
66818 10 1
114286 5 4
4035804 55 15
5117515 13 61
485378 7 12
565151 24 13
1307268 3 87
202748 11 4
583183 5 17
567867 18 10
150718 2 94
641567 21 7
10759690 61 42
1402004 98 6
365805 17 5
721512 3 38
21927 26 2
7700537 37 48
54840 20 4
13492 3 3
70925 4 3
462593 4 16
78926 10 2
510526 3 25
106043 5 3
2527904 17 42
1053857 8 22
200727 2 19
6753798 58 26
4398907 20 37
729463 27 23
1192468 41 7
4378796 36 42
808353 32 16
652078 11 53
593220 16 12
2964306 12 92
445582 4 28
266892 7 9
116338 1 16
96689 8 7
991897 23 9
183165 4 8
1659622 92 3
296953 3 21
6467482 62 53
339428 8 8
5230 1 2
40045 3 33
1591902 14 23
249126 63 1
2477162 12 33
2115728 84 5
275933 12 14
98995 1 18
2402252 36 11
4602545 43 35
2216146 19 81
8534866 36 53
219382 9 4
272177 6 42
6041893 81 15
155869 6 5
1684892 12 21
183043 3 9
1100643 30 54
120248 2 10
5028016 46 39
14350 1 6
897 1 1
1010511 112 3
211838 3 13
5188763 10 70
873251 72 3
494575 3 40
3913 1 1
485350 27 4
3927353 37 14
195415 13 3
797091 2 52
1593028 33 10
1217423 41 5
5116 13 1
8290787 18 67
189939 50 1
187246 11 13
1588289 10 34
2524379 27 16
487280 3 24
70784 5 14
11657667 30 62
18901 3 3
476321 2 36
34551 2 4
5842226 42 35
585651 26 21
31982 2 32
145440 3 7
4380222 16 42
1091263 43 23
527382 16 41
68569 2 7
738846 4 63
46041 1 96
10955235 43 36
558990 8 12
3283406 22 28
1671858 7 42
5367674 15 57
680473 23 20
5439906 21 44
967154 11 41
1312993 16 12
232858 6 8
47955 1 9
1489722 84 5
238211 11 4
731899 12 43
66577 2 8
42855 8 1
10164 2 1
1490040 9 25
405684 31 10
2678452 43 12
175835 3 61
45591 2 3
516343 16 8
12854 1 4
4296887 21 40
935517 14 42
48233 7 10
401929 2 27
833664 5 34
163947 57 3
5054989 52 18
86801 4 13
31199114 102 50
43040 1 11
226274 1 32
10543 3 6
5709566 31 40
1869742 5 60
247388 1 35
6566975 25 40
52697 2 4
268276 1 80
77333 9 3
603755 4 35
1234137 3 58
4599809 15 41
566794 25 10
3293755 28 20
65973 1 11
14050783 54 39
1133680 24 7
2204985 16 24
471142 35 3
1977958 42 9
5125199 44 19
3614374 30 22
2856088 18 82
599999 96 2
83014 1 11
5922839 16 93
1149858 49 5
423335 2 38
115211 23 1
462363 2 36
1783625 35 9
359030 12 6
165000 6 5
146350 5 15
8042 2 1
1228777 24 30
746385 59 2
159726 1 24
1770916 10 27
188688 30 1
3250856 11 58
131230 2 17
691155 54 8
7294719 14 80
633948 9 16
178816 55 7
660066 5 19
4037658 21 34
3598945 38 13
5911768 30 37
19715 1 3
21148 4 1
768377 13 10
15374 1 3
997324 15 18
2912007 12 33
670154 30 6
71135 1 85
483746 4 43
15754 2 8
596270 4 26
91387 1 13
271506 2 23
23850 2 2
275918 6 34
1184035 33 10
26270 2 2
143293 1 39
12184220 36 74
1094195 17 59
571387 6 14
680815 18 50
169927 2 37
780626 34 56
105086 1 33
1321097 6 41
4558023 60 18
435154 17 5
153013 4 21
70215 2 46
587835 18 13
40913 3 2
392632 2 36
113301 6 25
408294 6 20
1536597 6 51
3448879 14 36
1907565 7 47
120261 2 10
5562675 24 30
211592 3 70
1766907 17 49
254264 10 29
752845 3 95
239359 1 54
1328726 11 27
667067 2 44
1026810 6 40
7424 2 4
170885 2 12
1624137 8 31
1185906 20 8
651397 41 22
4089495 19 33
107544 1 33
5046 1 1
15993 1 4
926805 10 23
848521 28 25
5293432 42 17
6947 1 14
1240723 10 24
397682 15 30
1488647 58 25
632962 8 23
445248 16 5
1543480 8 28
33715 12 1
452576 5 28
450746 6 19
910078 5 38
434724 56 8
39117 6 3
167382 1 28
24020 10 5
621692 5 17
4538589 15 43
1311067 21 9
251692 6 22
584979 3 46
320812 4 15
160807 1 25
674744 11 12
172783 9 4
4370959 7 104
988313 6 22
2440281 41 8
555658 30 17
2794994 22 23
86637 3 29
1102379 42 40
3408517 38 15
5630292 58 24
267219 7 47
568831 79 8
766344 36 11
147340 8 4
152868 1 51
144610 1 26
2792699 10 71
410700 11 7
248806 24 4
2364291 14 36
433488 13 7
855878 24 23
798116 28 7
6505660 13 68
48918 8 5
191090 21 2
4392717 31 30
383052 5 16
1890321 73 6
742958 59 2
139332 1 20
902463 41 15
13164918 137 23
450759 3 53
3100346 90 32
650329 39 3
102559 20 5
4517221 36 19
349403 9 8
101483 2 9
289701 60 1
350120 5 25
261874 26 2
806829 5 26
11179 1 4
272565 2 64
6473483 42 52
4768059 83 25
32055 4 2
224089 30 2
1664033 7 41
632650 25 5
1636398 32 23
921146 5 44
5696801 58 25
4544715 84 28
21466 2 8
4465695 36 18
19082032 53 81
122409 17 11
1955663 44 6
38184 1 9
227074 23 3
96294 10 8
780870 10 57
275022 2 30
881159 6 31
105687 5 20
106589 8 9
87206 2 14
5503800 70 16
267296 36 1
4359467 47 14
173664 5 24
18796841 39 74
5701643 19 64
2699472 14 43
204636 10 27
4149240 10 57
807965 15 12
1234512 32 6
667268 32 3
2553681 39 12
332803 2 29
1788509 8 29
2302400 9 41
151063 3 8
25423 1 7
1139896 22 7
399592 4 20
679190 20 35
1289016 22 28
9963768 40 46
838490 23 7
68809 14 2
6234076 24 47
15037141 79 36
467815 4 16
8819 1 18
534679 39 23
41642 2 9
8149627 18 82
325860 3 16
9667 2 3
786051 32 9
43683 2 25
1721020 19 12
352163 8 69
953054 9 14
549141 31 4
419527 3 27
3465 1 5
605655 19 5
205250 16 2
1023420 50 3
55094 2 6
818283 3 79
440854 9 25
13778268 45 61
787416 8 16
421980 2 40
54161 3 37
1867243 12 21
98189 10 2
493554 4 20
192419 1 25
1243632 7 31
490419 39 10
820772 14 15
1740 1 1
3319077 6 78
26316 1 5
541968 2 50
1012707 8 23
14901835 26 85
626303 45 9
16414539 33 80
1073052 9 25
15949753 35 70
442770 6 28
418274 3 29
9848888 28 78
523922 28 3
8015109 14 97
947199 49 5
60323 2 5
5474983 79 18
3198123 15 60
1511411 9 40
724436 10 72
2841732 71 68
814364 9 13
62410 64 2
156413 5 46
127496 78 1
112165 1 27
2474496 30 14
11111071 91 54
101642 79 1
90223 3 7
472912 6 14
35148 1 8
365661 2 40
46953 1 10
714089 36 3
1241034 33 9
1843310 10 38
249439 4 29
3220833 52 32
1019783 6 36
751610 4 35
109525 2 12
78534 16 1
6441583 44 60
6416513 19 82
234702 5 12
35950 3 9
5476142 57 20
60987 3 4
175667 1 37
151540 31 5
61063 4 6
230896 31 2
2502738 28 16
16237 33 1
5011 1 4
369875 9 62
1673228 12 42
14475462 48 56
416132 1 54
228447 8 11
2391961 12 31
393928 2 29
6064937 31 48
165959 24 7
199636 1 30
4735481 14 69
590130 79 1
284693 1 51
806006 3 67
1988177 11 36
3136851 58 25
1570 2 2
85037 1 15
295200 13 4
358475 13 5
649975 3 45
36978 7 1
205304 11 3
3261733 52 14
1938107 28 39
5424151 53 62
1473963 37 38
14271 1 2
608821 17 7
223942 2 19
7190212 43 36
54901 1 8
223093 11 3
7504593 53 22
3542 2 1
20014 1 39
171527 2 23
68207 6 15
773640 17 6
103553 13 2
30271 1 67
765851 11 12
1253879 6 29
27178 3 12
1917040 53 26
6684696 36 29
1534968 12 17
2426025 13 78
148551 5 41
120639 2 13
99876 2 27
248543 20 4
267915 31 4
255741 18 4
1383806 22 12
161133 12 17
41444 2 34
255744 6 6
97238 1 19
4904817 13 76
602679 10 25
616107 3 37
310910 9 7
806530 5 35
2063625 50 9
188604 2 92
1565555 52 14
51623179 87 100
3191571 63 15
5971224 64 83
95289 5 7
4271272 20 47
59903 6 6
271025 1 51
2220936 66 18
2830877 7 68
132673 9 3
76246 24 3
50110 1 10
2937936 61 7
814370 7 18
173026 1 38
169319 9 9
70305 7 20
144193 3 12
102180 1 16
65428 4 32
47562 1 9
6888301 40 30
1502584 18 60
29515 5 12
107940 8 17
173368 23 7
43074 3 3
2561731 9 71
232121 4 13
8192075 23 71
2736932 16 37
1902062 43 24
254367 5 8
979281 30 10
116663 3 14
518729 24 25
415324 2 28
14934 14 2
130726 7 21
232981 4 12
359624 4 21
334169 24 13
204814 2 22
2402710 30 15
2305134 45 8
41686360 95 67
793421 8 24
452357 36 2
515383 4 32
148361 86 2
314171 15 29
342411 2 30
715 1 1
69556 3 38
710076 6 29
207013 3 41
253901 7 5
4096786 16 33
291765 22 26
126519 1 40
250629 3 14
8881840 68 22
7143159 52 24
1723284 19 22
1886444 9 45
2261571 39 14
224985 5 7
1704933 9 25
770915 24 17
1048526 8 19
88903 2 13
8036322 52 30
1043711 10 28
3832736 22 66
41682 9 2
27830253 73 53
25263 1 4
43168 1 6
130547 3 7
976305 18 8
864487 29 6
7528830 20 60
3682718 14 40
3502575 56 83
101939 4 5
545704 5 17
75061 2 6
786702 11 14
8491 4 1
68049 1 10
9864159 117 13
391769 8 26
26822 15 2
15069790 35 71
565870 2 41
836664 31 6
220612 20 6
486497 5 45
11989143 72 24
3645393 7 70
332269 3 35
226122 8 38
944549 14 51
2586259 9 45
447588 1 83
138091 9 6
914628 4 45
633816 2 41
763062 14 11
525953 10 7
186724 2 18
295856 2 51
179368 1 78
12198937 35 47
906501 5 50
22343553 47 79
2523525 60 20
198565 21 7
21455 4 5
9794189 64 35
28142 4 15
86442 4 3
346013 3 29
14796246 32 79
832 1 2
3959016 30 46
4667294 35 45
1265 3 1
2963490 48 8
3798804 15 56
430097 32 32
815509 25 11
40356 9 1
8075883 88 21
4826 1 5
2191400 8 36
2307375 40 32
129227 6 9
2867 1 3
229198 10 5
187728 2 24
1174653 13 21
210217 2 18
112213 38 5
112325 6 4
208122 1 42
125200 22 1
2669951 37 12
123550 3 10
560777 43 2
362670 3 32
185791 108 2
32206849 79 66
1696102 5 80
200563 99 1
6587565 19 95
57573 1 11
423939 3 33
174348 14 3
556310 9 12
1122683 13 14
5928411 35 34
2498127 22 69
243785 6 11
1789807 3 95
802111 17 7
29770955 104 43
1420524 43 33
3491372 34 20
728548 21 8
1101647 16 14
1810228 6 71
460151 20 6
3086131 16 40
64524 2 10
775573 8 26
318092 8 29
1181302 27 10
724061 4 25
238677 1 57
6865426 57 20
315260 2 52
20235 2 15
11504 1 2
29743 7 10
137540 9 7
219485 17 32
1094999 12 19
299134 16 41
1112561 27 7
4966027 28 25
1067918 43 30
48217 6 2
160748 12 2
222317 6 27
262095 37 1
87833 2 10
1127034 45 20
10270270 30 55
510127 54 12
10255210 22 68
1471339 19 26
1091031 92 29
8211092 27 52
3517 1 1
488409 6 20
29608 1 25
927557 9 24
25774 1 4
188890 13 3
7768239 36 45
7808644 34 50
8025338 25 57
65612 1 12
8913880 81 25
1785931 13 39
3982755 13 85
59148 1 15
392863 3 27
1914872 32 24
113432 9 2
42074 2 34
531293 65 2
123287 15 13
1071215 7 69
8844452 57 60
3927371 13 46
270178 2 30
23486310 61 66
208358 5 6
14582389 55 36
10643 1 2
406318 1 57
369939 3 24
268850 5 38
179910 4 8
374596 4 65
282736 20 3
1337381 4 48
52339 4 8
13748 5 5
456584 15 7
121851 2 55
4367779 88 13
164378 6 4
12014459 53 32
1042452 2 71
735240 4 27
572028 38 3
2090754 31 14
810953 13 66
15432 2 7
232597 7 5
2275230 31 35
6771351 40 38
2578448 14 30
3596384 17 41
184109 22 2
333959 1 45
247023 2 49
285605 6 8
11373 3 4
426332 9 13
15786 3 1
683008 11 25
310046 6 51
56993 3 3
656279 38 4
21250616 66 44
155941 13 2
905903 19 13
625237 9 17
386736 10 55
3963623 20 34
212248 1 38
13546499 36 51
839139 69 23
72273 1 10
10845 3 1
4434506 45 39
2177 1 2
18157 2 6
1512551 10 29
395676 46 21
287068 4 18
3674688 46 53
73457 2 5
394885 3 27
643228 10 80
1499976 10 53
1081135 46 17
4142825 13 49
1508378 7 44
48102 4 5
7103559 16 90
1960530 8 34
1350623 15 22
9011 1 11
29196 1 24
1389768 39 7
696195 22 15
1015049 10 24
270375 30 14
66964 1 12
207708 3 49
118684 6 32
424068 11 19
849142 24 19
105480 3 57
1307695 3 65
19936 1 10
510405 22 8
21452 9 1
105434 1 28
219813 1 37
3713767 22 39
694888 19 13
17661 2 4
82106 1 18
981070 27 46
739238 3 45
1924720 20 24
3907388 10 62
87149 1 26
40223 6 1
2408123 22 16
3300047 97 8
42664 8 6
894259 16 13
6581635 14 84
325993 63 1
737991 7 23
121442 7 15
64556 5 2
736989 11 12
48758 2 5
134638 12 8
861420 5 40
2538544 22 20
278922 8 18
22214995 39 77
27027295 60 93
146678 2 86
775940 17 6
224852 4 10
190353 16 30
429053 1 58
149682 5 12
277806 43 8
190897 11 26
151733 17 10
43112 3 7
245001 3 60
220292 1 37
389161 4 13
3979678 36 27
5565304 25 29
547301 4 46
681579 23 7
2823241 9 51
1405706 13 24
57354 1 19
568417 2 48
3212922 31 18
52791 8 6
573486 7 13
14664 9 1
67260 2 29
86270 1 47
760954 2 63
125849 26 1
9924416 52 46
521024 3 32
6741 4 4
1500090 9 42
10876269 106 26
15527334 59 46
5794822 22 43
389572 10 47
756665 5 26
190792 2 29
53851 4 2
5651 1 7
134475 6 4
491069 10 11
69212 2 9
2866725 10 67
829777 12 12
159290 1 22
16556 4 4
283442 1 51
6302323 26 43
5025310 28 39
487251 8 34
124952 8 4
48938 4 3
942745 34 13
245530 6 8
72820 14 3
2620 1 2
1566240 17 14
4180202 22 38
1002274 12 12
604035 2 76
37201 2 3
1082913 3 49
442091 8 34
434772 7 29
3183885 26 31
87499 1 32
6114995 34 88
5445703 82 15
90787 12 5
14872444 49 48
1326958 18 12
7745 1 1
136002 2 10
4220040 24 23
1892318 19 17
14587001 29 79
2164299 14 25
15057793 35 83
296920 2 33
13076 4 5
120119 1 29
1615974 15 54
1213781 2 94
187693 5 8
12945431 82 25
108001 4 6
1987530 26 33
1337553 44 4
4098185 49 27
950642 2 69
515910 1 89
12946165 39 45
219598 4 10
529358 8 35
3617022 28 20
5374521 24 55
1422331 20 19
1150466 6 26
590179 5 22
36450 3 21
368648 1 63
58260 5 2
54152 3 4
594849 2 48
1942912 27 29
1414024 5 58
13912 25 1
12056019 49 49
2429269 6 82
241099 1 43
484268 9 81
485180 4 19
3903757 25 25
2723130 7 75
380400 14 6
84295 1 20
52400 1 63
99823 16 1
174566 3 13
51446 40 1
1230949 9 42
145218 1 37
3526986 40 17
17287 2 3
63261 1 16
338105 1 57
129177 1 48
186365 15 3
25539 16 4
6003 13 1
69802 1 68
4238666 46 18
40724 6 1
11325646 71 22
727016 11 12
1222462 7 46
22931 1 4
789922 33 34
1523804 6 63
8758007 47 65
653019 7 61
323953 3 26
4646783 28 33
761422 4 36
4512530 51 16
458923 6 31
67852 2 6
93343 2 47
1220276 19 22
2112 3 1
9579 2 1
15042261 56 40
169067 1 79
11837 1 2
2265692 14 33
2108488 19 40
62075 1 44
301666 4 11
1375614 37 32
159550 2 37
56731 7 2
370202 1 59
7287 1 1
36900 1 10
63288 4 3
5350572 15 58
465822 6 10
168403 3 16
2370 4 1
244298 22 8
41269 1 28
358458 6 9
3012273 30 20
260956 3 15
18050311 34 77
262594 2 20
5372450 54 15
275819 7 7
272120 4 13
1752055 10 34
484251 16 40
1119914 26 31
126335 3 56
200700 8 54
76347 9 16
328794 44 1
629994 31 4
8105 1 10
14053 1 10
357133 5 18
24395 8 2
1188779 27 99
1492862 17 16
821811 7 16
73856 4 6
7300595 41 26
24983 1 5
444125 2 47
60358 3 4
613059 2 99
4216531 21 33
289256 4 15
222500 14 4
77275 2 5
1324196 91 14
102069 1 74
585004 8 24
5196591 58 84
2665917 52 13
3842951 38 68
190230 7 5
574152 4 34
2241191 8 69
3482160 20 43
930789 43 10
777592 46 8
4387245 38 16
1838852 9 42
246639 4 36
2867299 8 50
27539 1 4
2128295 10 37
2290073 14 35
205171 4 15
188934 11 4
3728010 70 13
236831 9 28
1868968 23 15
2527328 16 48
633766 2 71
5105998 18 71
113999 6 13
11001597 52 46
328584 24 10
47389 6 2
2260823 29 25
139336 1 27
42471 7 1
1074084 6 27
532453 7 10
274645 1 63
3549413 26 22
7870411 85 19
566561 10 9
317764 6 10
114194 2 30
1118642 14 59
1106164 6 63
200850 40 6
415446 21 15
3398654 8 76
43798 1 10
22863 4 1
1100938 20 11
17304 2 4
9280161 27 70
343595 4 80
2121632 10 47
2425765 9 45
1069791 9 16
4110926 12 44
411608 12 20
450802 34 24
3068210 17 31
46959 4 3
21111 1 9
416747 30 2
93576 17 1
37251 1 43
1083419 11 15
41816 1 10
79276 2 18
751977 28 4
12239631 33 56
9914 2 1
3524058 22 25
195965 2 22
633100 31 3
2388265 27 18
15649060 87 47
187465 3 13
1928010 57 36
6872868 21 81
2725049 6 71
6920197 53 26
1209039 12 21
3028028 48 14
514945 7 25
105961 3 7
3503293 25 25
153030 2 22
14209066 40 48
378291 3 33
146397 4 5
2386557 39 11
895094 16 10
232117 2 23
13620059 40 48
1260140 11 17
74129 1 12
145720 1 32
1421953 3 74
341034 23 3
14622645 52 70
216696 11 10
4201 4 1
61920 9 7
422962 95 1
7213189 26 38
827643 45 11
3563364 7 77
23944 3 3
2703482 25 27
907668 6 62
3971834 22 31
34977 3 2
436858 20 3
2581250 43 14
5547290 35 38
399786 2 45
2761018 19 51
2413022 6 55
2730909 5 73
2692011 20 36
7225233 80 95
3071753 12 41
733063 6 24
74360 3 5
1578221 71 4
128929 6 6
1688907 17 45
19915 4 1
3029508 16 28
4136763 30 18
52581 11 1
4519197 16 55
9494 1 2
455139 5 14
885306 15 11
1067175 6 27
2083818 7 49
1292710 7 39
2601638 29 17
2524099 56 15
463889 6 23
123609 6 3
1979494 11 60
102356 6 34
99078 5 25
6346 1 1
1099278 67 6
105607 10 10
4031262 29 47
7297239 20 78
1699426 21 19
2090667 36 12
1809927 36 9
2268456 9 65
154209 2 35
1857591 13 36
3141033 14 39
7526866 48 27
1196180 27 7
2935331 15 45
59578 11 1
734006 21 5
25632 13 3
200848 1 37
114061 3 7
18687 1 16
60721 1 25
118153 2 41
3457128 26 26
69465 1 51
3539532 14 43
6422625 26 77
66819 2 12
10480981 40 42
993837 9 39
242791 3 13
281059 3 46
1412392 29 13
1859622 51 22
1376368 3 63
206512 2 35
17688 3 5
4541430 20 64
585426 2 46
15440 1 4
232369 3 10
4401785 46 15
405490 15 4
5265293 37 23
2510836 12 40
2584343 54 34
2531259 8 55
299302 3 46
330865 12 4
897020 60 6
1172317 104 3
18069248 101 24
1892007 54 39
638974 17 9
130229 1 29
178324 2 13
184433 1 31
78175 2 9
59083 4 4
4853563 19 36
4308 1 1
21205 1 39
14599 3 1
243826 9 5
403083 25 38
127221 16 3
272952 1 51
1418723 13 34
125907 27 1
6548452 65 50
386116 1 80
1143099 13 20
440488 7 9
6593075 64 16
201331 5 84
1197265 37 9
871555 15 32
95047 2 9
398893 1 57
312086 3 29
252789 7 5
144479 8 3
59518 15 3
640292 12 9
667739 2 67
608358 23 8
9599 1 11
354525 3 30
103117 26 5
5169808 8 84
1170479 5 32
780251 3 49
472703 16 8
305358 14 4
4822187 37 34
185393 7 5
419322 8 10
44719 1 6
1411065 13 21
9515858 46 50
1042983 4 39
1787863 40 73
25115 1 5
49508 2 4
468589 9 9
5574 1 1
6670 1 7
2951953 40 18
3135284 12 46
380520 44 2
42163 3 3
7530547 46 27
3847480 71 8
244237 33 1
10282 3 1
758770 23 15
1550957 60 24
2229365 14 40
205582 2 28
8961513 28 71
422879 1 67
1214750 8 35
193446 13 2
74727 11 1
4885719 60 19
88577 1 16
219020 3 98
59637 6 8
2070801 14 24
174934 1 55
621930 16 28
3748529 64 12
87176 1 30
525558 4 42
72044 1 15
4463840 16 70
113565 17 16
100461 1 17
1698775 24 32
297647 6 14
170480 2 13
15542 1 20
66912 1 15
4069609 32 86
1656778 35 10
2494375 10 38
715366 5 38
716929 5 19
4120268 74 8
1319984 7 35
1028810 23 19
16157778 49 53
41330467 129 59
868102 11 14
919681 12 50
2269 1 5
406791 12 71
464975 3 29
376312 30 18
14638817 49 70
283974 5 8
2625964 66 15
249151 21 3
181078 5 16
65500 2 7
4264568 15 40
9704065 97 13
177504 1 43
16377981 49 57
310446 1 69
1427751 7 37
1249715 16 23
63464 16 1
665151 7 15
863068 39 14
4457809 86 7
7346174 45 34
2647941 42 15
1392190 7 71
928830 3 79
1168419 15 25
279543 23 2
663796 3 29
5760 11 1
3506095 44 19
4764105 39 17
1428752 20 15
1314700 9 20
3214033 24 32
116736 1 19
8225 2 1
273855 11 11
712473 16 8
74675 1 18
1087030 12 23
4400004 33 32
445848 3 29
120314 20 11
221071 4 13
138274 1 60
1442708 8 38
772259 17 19
2278515 23 14
3867547 12 80
770073 11 16
1242111 7 63
1127664 12 17
8719007 19 92
81193 6 12
37734 2 3
119673 3 6
4934124 29 34
1475592 32 9
714794 22 8
59068 6 2
16291532 45 85
524239 23 7
76772 6 2
1156280 51 3
22077 2 13
6086728 78 15
18681 2 7
137007 10 2
142628 11 15
78541 2 13
5862255 56 19
966321 74 2
673922 27 5
882455 3 54
246077 7 6
86953 9 8
789510 2 57
124620 14 2
10830047 15 96
6184770 28 50
81804 10 2
16743 2 2
3613139 9 89
4172901 14 39
266998 19 3
45456 29 1
79585 1 58
1674810 49 8
8236127 61 28
2772175 44 37
4453857 32 26
330980 6 8
3560403 16 30
1558788 31 19
92213 4 14
96237 1 60
282610 1 63
605162 4 40
460528 24 4
9755289 54 29
1027301 5 45
437511 8 14
112770 4 7
242059 11 4
164411 12 14
976836 6 32
1462631 17 40
224908 1 29
480609 51 2
2112355 64 15
2783610 22 23
2396662 8 50
2855457 7 71
3619969 5 105
45662 1 25
131535 1 17
112163 25 6
682678 15 8
256449 1 51
41465 1 67
6880209 18 61
3164709 5 92
10640 2 1
264886 1 43
7285770 21 76
1562314 16 32
45233 1 14
31452593 52 79
2052666 15 18
1010498 3 48
38940 1 9
11777101 26 64
4015723 14 53
1406 1 3
6663509 22 65
412707 15 7
777147 42 4
457431 7 24
109508 9 27
4609165 10 75
76880 9 3
44724 8 6
3187806 48 16
5277327 14 57
167142 29 5
325712 13 4
2091721 25 89
1636104 19 37
61613 15 5
588959 4 45
5437315 19 68
235848 2 29
2802516 26 16
4186227 10 57
11874453 27 74
6263371 14 82
37847 8 1
1330387 8 32
3824581 33 28
117761 3 19
163125 78 1
129268 1 18
427410 3 55
164583 16 11
28287 1 14
404156 58 1
1315140 8 27
3261 5 1
439207 5 31
12343690 57 47
4941742 21 36
470763 2 45
720025 19 17
2071361 22 14
1308079 5 39
866573 15 62
40330 1 16
5533721 34 43
243443 16 2
1320440 4 75
8263087 30 56
17634 5 1
5971688 18 63
1864035 9 71
13261965 55 52
2536017 87 7
802195 7 40
3697789 19 49
3888381 35 15
2107306 35 11
3470186 21 27
1048740 28 10
389076 8 16
909091 11 24
957318 15 38
72753 17 1
278726 37 1
3091187 11 45
3353104 13 34
475458 12 78
272983 7 6
2054727 7 46
550052 3 43
155781 1 45
259598 16 23
294507 8 13
22204 1 31
229157 6 16
2471894 27 25
423281 4 23
502022 3 31
3772023 10 54
235312 13 13
948859 13 34
860516 67 2
567278 30 13
65614 10 9
1458848 14 26
28040556 76 50
859329 4 82
1441742 45 8
1116875 59 12
275941 2 27
16431351 54 46
806511 9 25
9496786 29 63
43784 3 2
2484633 13 57
40725 3 6
412819 31 5
4139 1 5
2709614 5 88
510903 5 24
262677 1 52
1789752 6 39
17808 1 5
1143244 7 36
121829 17 1
282484 2 21
1789044 23 15
509059 18 53
372644 2 55
34099 3 2
11537707 44 65
97850 11 12
19739 3 2
147590 2 18
374006 23 3
177388 6 19
159859 1 30
150044 1 23
19499293 53 69
553507 7 17
51893 25 1
654240 24 5
60194 3 13
47666 21 4
3647229 35 18
660776 6 55
56793 14 6
1536489 14 25
25072882 55 72
67401 16 2
52264 3 5
65160 2 14
340322 2 41
517598 7 17
1221107 14 20
574670 2 61
24056797 88 40
131293 2 14
8157318 33 40
171511 3 13
947070 76 2
190040 2 38
2350175 28 18
19113 2 4
733010 11 67
495804 25 11
2272 1 1
885810 3 59
1463863 6 52
2701717 7 76
182489 30 1
238319 12 4
146509 1 29
261441 7 32
25128 1 52
643896 14 46
127317 3 10
246130 2 43
289728 1 79
1844496 5 54
16215 1 3
2275438 13 42
12588367 89 26
66209 10 6
3794683 24 34
1128750 45 4
64652 3 21
10664 4 1
794976 49 23
2050592 16 25
5918120 41 37
689427 43 24
5029956 35 77
6273393 38 87
28346 20 3
694620 11 26
2174615 18 36
289609 7 6
3752267 50 10
317288 1 46
40005 6 6
418195 6 16
64745 10 2
4325822 13 43
662228 11 12
544991 3 26
2805140 5 79
46047 11 3
313027 8 12
274779 4 15
374761 2 47
7023486 76 37
419079 1 75
236056 1 59
1801205 8 41
2030852 79 24
116742 24 1
273235 3 19
2697358 53 45
34170 1 7
1092752 7 25
8092105 27 43
3525591 47 12
998883 7 19
82541 2 19
4468099 46 17
4092265 7 94
128790 1 31
464736 28 10
890565 2 85
644828 6 27
2767127 12 50
7024 1 1
4447937 41 23
619005 3 47
1354703 36 11
60726 3 6
23653 2 3
215301 2 59
43755 1 29
459036 13 7
190631 2 13
217757 23 14
41001 2 7
2518289 5 91
31218 11 7
766422 10 17
43259 41 1
269443 3 16
4696 3 2
83498 27 1
4817336 66 47
2349849 22 26
379161 30 31
215522 2 32
1641042 25 13
798823 5 27
650594 9 28
319268 1 55
1023540 7 23
17934 10 1
5980817 32 33
438865 14 8
126272 2 43
223736 8 45
1731036 15 18
726813 19 13
138150 98 1
7693079 47 29
2605334 6 63
898326 15 11
1322143 9 23
3034010 11 43
2106527 16 39
2208405 8 44
1411882 11 19
593806 54 2
4050378 22 57
54664 8 6
3352467 6 81
6540248 18 49
1279969 15 21
60628 2 75
10434849 40 57
14509 1 9
94977 1 15
213898 3 13
68264 8 13
52161 1 11
3141485 8 85
71565 27 1
2050548 17 48
390377 9 14
306848 18 9
11831630 47 34
2505549 22 16
32434 9 2
1277482 20 11
5758418 25 69
2058947 9 56
987562 34 7
20206 1 6
83431 1 15
482426 17 5
13620382 32 59
62320 1 19
189773 12 4
4076033 37 32
848271 15 11
327482 33 10
250192 75 6
3857896 25 31
1505322 11 25
2922374 37 13
3285472 9 56
27500 3 16
267669 22 16
1424180 37 37
1996613 17 18
88888 1 14
1975894 32 12
8471 2 5
930425 12 12
4701756 15 50
49578 1 49
1992384 42 18
728688 7 18
2675411 23 41
682389 17 12
2077751 52 33
215902 10 5
3135543 14 42
140643 1 83
8773 20 1
5877155 30 27
1506306 13 27
1064628 4 44
114728 11 7
204075 11 6
264835 5 11
1739816 5 49
431543 3 61
331670 4 19
59980 2 17
364219 3 18
735406 4 26
185969 3 34
9702190 45 39
358027 79 2
267904 4 54
1191900 6 35
2917091 84 35
10755068 26 83
9392316 82 24
23888 1 37
110874 1 30
2455858 12 36
38807 5 15
363231 5 13
280887 4 14
828880 37 5
2443583 27 72
67643 10 1
352850 3 23
221219 19 2
68766 13 1
370026 4 22
269820 4 50
147133 12 11
82774 1 29
95323 3 8
71219 7 26
17255356 36 68
83522 3 29
3636576 15 33
6518595 56 22
2189787 18 18
1306605 2 85
54717 2 7
103717 2 12
231750 1 54
192840 19 2
588349 5 19
1937963 7 55
941379 6 26
7001733 48 31
508510 9 22
5471237 37 23
381165 2 71
2674512 56 9
94379 12 5
818135 18 10
50558 5 7
66672 2 13
79294 1 11
965095 3 54
2850898 11 48
674378 5 33
981929 10 21
231333 3 15
287063 2 20
96039 4 9
4741499 20 44
254398 5 65
1375967 24 11
2074872 24 25
164892 1 51
4975847 24 80
1775248 48 9
338271 13 51
77466 11 1
4533282 84 94
434429 2 43
1095634 6 24
21312175 50 75
434435 25 19
1325305 5 58
8557279 32 53
21403598 52 62
203652 1 30
4969 1 1
441504 4 28
8030041 55 36
2111219 74 6
55530 14 1
297501 46 6
5867382 54 57
359747 24 6
51793 10 6
56893 1 9
67338 8 2
1757770 15 21
420001 2 42
798595 3 41
83466 1 42
67621 8 2
296333 3 32
329104 5 21
1479908 56 19
5530269 39 25
5192269 38 23
5458679 30 37
873838 63 2
17933539 70 54
48973 3 5
3302408 17 25
2107399 14 39
983049 4 45
130146 7 38
7532633 39 31
55328 19 1
25333 5 1
1695 2 2
156914 9 30
1059561 29 6
7811 2 1
594895 25 19
4398580 38 15
216224 10 10
1130022 9 24
316379 14 26
35769 3 7
268471 51 3
1733546 15 23
4284505 19 59
364857 6 11
210129 7 17
83326 3 4
59126 3 9
105968 26 6
227591 5 35
2232833 36 81
239838 3 12
1799428 5 62
33758 3 15
217500 35 5
95590 8 14
2958710 23 18
877568 16 17
742317 11 13
133696 3 9
698481 21 5
160134 2 24
5741751 55 88
120323 3 35
11763898 53 45
2852522 4 92
11298895 28 82
163691 18 2
1012202 12 21
67568 12 1
591307 3 37
551720 3 27
5870491 28 33
624513 2 60
76198 3 31
1956894 9 49
109776 11 2
36980 8 6
1423091 5 50
96299 1 38
7190062 40 40
25073 1 9
1061515 5 44
49931 8 1
1094917 21 17
1183878 8 32
330736 12 6
834914 21 14
217123 2 46
143660 2 14
2941096 24 63
159940 2 20
17286 2 2
46744 2 5
27985609 74 68
62633 10 4
76321 16 1
353497 16 5
75892 2 5
1281416 33 82
448779 19 10
25031686 116 46
504218 82 6
2973739 48 13
511105 1 93
1079559 14 59
538206 10 59
77076 2 42
1056511 12 38
41742 20 1
744238 6 34
661637 10 30
60266 3 20
25353065 56 92
2735290 31 12
312019 11 42
448912 2 96
2179174 6 47
7997408 60 34
167441 15 7
384681 4 61
459742 19 5
619554 10 43
93366 1 17
1565709 27 29
31732 2 13
365631 4 18
1236965 5 82
994043 7 34
1589131 3 109
264841 13 3
622796 2 76
41997 10 1
5528380 82 15
692602 55 6
15275238 27 75
497954 11 11
5011280 27 53
2209961 19 84
167319 8 13
75534 9 2
1358301 4 74
551095 26 4
1967015 21 19
3765801 133 65
3077613 41 19
826490 70 8
5654503 10 86
109961 3 28
4791 1 3
9903384 35 47
2469 1 2
516434 3 26
3567229 38 22
154915 5 7
992902 8 25
104024 12 14
273913 1 58
26748 1 7
24389 18 1
100924 7 4
2016309 6 52
60580 2 66
6979191 12 75
79390 2 6
1680684 9 40
311873 18 3
821236 18 10
6436284 36 37
812135 8 23
496149 5 71
205125 5 8
3251994 44 14
232263 20 7
4014893 80 8
6801277 19 51
1350663 6 39
21877 4 8
289829 7 13
8807877 35 53
25600 7 1
5487392 22 45
576104 3 51
659625 13 12
2024021 22 90
586531 21 19
961240 41 9
13824533 100 23
555691 7 11
127366 66 1
84895 1 21
7102 5 1
3803622 22 23
1176363 7 42
9954213 18 73
162163 42 1
2060960 10 61
318537 6 11
140109 3 21
147446 3 8
3409935 12 83
51334 3 10
5891288 15 74
1071372 43 6
15147 1 2
2015850 8 46
10401615 50 66
127420 1 26
1254239 3 55
152308 1 25
751644 15 13
344672 12 7
106156 5 37
26009 1 4
2399679 13 24
1948152 4 97
56920 3 3
1849868 8 35
1482888 5 63
60383 5 2
52382 1 8
5355232 23 37
370669 2 33
3295847 26 26
10711837 31 74
117917 1 86
1054069 14 65
188159 9 21
7828011 94 19
3926016 51 21
15032 3 1
341971 28 27
1820622 54 5
936658 3 44
941681 22 41
588538 22 4
3558932 27 52
147345 9 11
802739 17 43
59589 14 1
166613 3 78
16755 5 1
1440790 13 40
225052 3 17
973195 65 3
6388 1 1
158259 1 30
5158 1 8
1287416 5 45
1249431 22 14
1891284 66 22
8624834 33 64
165460 1 26
2081884 56 20
10822522 48 38
183121 8 8
359832 3 51
520600 31 5
483321 20 9
72586 14 4
91164 2 11
661443 8 21
1428695 31 33
1076994 4 45
4650697 44 22
1841884 27 11
626121 6 35
393505 6 58
472875 60 4
228604 3 11
478055 1 85
8539480 23 52
1802023 22 16
220373 1 45
5572735 14 57
1390196 4 47
290941 13 7
4252598 28 32
742151 4 41
300731 4 12
2582616 54 13
365573 11 6
494871 13 6
2501541 13 29
58434 2 45
110306 1 20
2129181 48 22
3326158 9 65
16053623 63 58
438146 16 6
6742884 32 46
3957795 40 14
595001 2 45
7308433 23 56
96419 2 61
2004254 75 40
141285 5 5
66064 1 11
3678414 34 52
114269 1 18
301634 2 29
26939875 64 79
80895 1 52
317944 2 53
3216176 8 55
1124498 76 4
4215806 9 74
731015 36 21
8253771 31 38
322141 35 2
1110534 17 12
956240 5 50
902664 15 9
2131737 8 53
548284 40 2
5340048 12 79
2921857 15 30
1433350 15 58
1532237 28 47
4566 5 2
6704844 31 36
1309444 45 4
585559 19 5
1228564 29 30
155306 1 22
69797 1 14
1050100 19 21
976 1 2
2757299 8 48
697704 69 6
164402 16 11
2751150 26 33
6859339 22 70
355910 5 27
722452 38 3
716600 4 49
2454625 17 83
678029 14 8
9481 2 3
458961 12 9
1009324 5 61
60055 2 7
41499 9 1
26272 3 5
420055 12 6
120084 12 2
142031 1 26
3542621 56 31
1209464 30 12
1730485 8 43
615212 16 9
502204 4 21
5407173 16 66
194238 11 8
100032 3 62
7573 15 1
759594 10 19
10432441 78 29
1783323 5 79
524861 7 54
1672533 16 15
1331324 5 37
3440586 38 46
2868916 15 45
193001 2 34
297550 2 41
15478050 44 103
191538 2 38
17223990 67 39
169504 48 7
198009 42 1
293363 2 58
1442970 9 28
216682 7 27
46342 12 2
711821 5 23
2232792 21 23
19400 2 17
43012 2 15
104962 1 28
459017 7 40
87143 6 12
6890130 28 36
1405836 11 46
8757 1 4
1040750 5 31
290246 30 23
3989227 31 17
234547 7 14
12633 1 3
6158729 18 49
362178 13 4
2284101 10 45
2217523 6 55
1873963 16 24
102974 1 20
193158 1 35
13889674 33 65
1532275 3 67
65954 1 10
39929316 52 102
42774 46 2
30519 7 1
3908581 36 23
20265161 92 38
10211453 50 45
198946 5 33
16858268 40 63
1784357 9 43
1514526 38 55
27359399 46 83
16064487 38 59
349295 10 5
374035 13 8
4778981 33 47
10079909 72 84
348594 28 3
269666 75 2
57133 2 13
182471 2 14
5528099 92 10
456780 36 2
55822 1 17
14043 1 10
1030537 35 9
3827340 8 67
2520967 8 54
60269 2 33
186063 75 5
296068 19 3
93912 1 31
49756 4 17
14226544 66 35
394953 3 33
901024 9 54
1915796 11 61
10375169 36 47
2509 2 1
1101374 71 19
852252 11 13
9115242 78 75
991947 13 32
8506151 73 80
1257258 33 8
710694 50 6
688459 6 55
4285808 59 13
3566 3 1
2580 1 2
32257 8 3
68621 2 7
2738409 12 53
37588 1 60
317829 1 77
3337432 67 26
285191 1 65
239803 4 19
260570 3 36
57126 5 2
1280393 3 71
6430106 33 32
881606 2 81
1924155 15 29
1224931 17 10
99722 2 51
385674 1 78
1267109 15 14
341332 6 33
129743 1 24
7482826 31 36
5584732 20 73
5567313 22 87
2296647 91 4
3883251 22 29
2930780 6 65
600154 28 9
3408 1 6
1164792 14 18
795178 8 66
100116 1 19
166270 3 14
335833 26 13
1629869 10 28
129899 3 48
61864 22 5
906634 4 30
130078 4 8
2335 1 2
341449 5 13
7175713 113 11
4554483 21 53
807314 20 18
14780642 26 75
274706 5 22
93923 3 9
778537 16 58
50614 3 35
307544 61 1
4782295 51 33
648838 6 71
979020 3 53
982144 4 57
478890 62 1
3409100 38 23
1508723 5 52
41316 5 2
98568 2 10
10531755 32 62
9649497 24 59
6865137 40 29
29865 1 4
11123787 98 46
1198439 9 32
132129 7 3
2304149 7 53
2671527 71 6
968910 48 7
51877 1 8
1037686 5 32
425458 26 3
20507 6 6
86759 12 14
116373 1 28
406688 7 15
146173 6 6
1251802 17 11
23751 1 6
283031 6 8
171675 1 25
251175 2 30
4007857 13 49
975617 24 7
8795460 16 73
2252693 6 58
5681531 31 25
142701 7 24
612925 15 8
15927379 32 106
9963980 27 78
727152 3 55
1180396 19 15
334833 1 92
1345871 8 89
5841718 45 46
210943 3 27
30349 1 30
891177 9 18
2768836 32 38
1264633 69 30
128551 1 39
150068 2 16
130685 1 18
800964 21 19
46917 2 19
539631 6 62
16299 4 1
92280 3 6
2080968 35 13
231385 1 57
38397851 101 51
1352199 8 30
59896 1 18
249195 7 40
3137332 38 15
444399 7 12
8423342 61 40
158081 11 5
1080318 32 13
307782 2 21
2221157 11 68
395056 45 8
1947444 36 10
342269 4 75
19885 1 15
484184 2 32
166251 22 15
1433629 25 63
33247117 59 89
1478670 11 36
31370292 82 98
668545 32 4
462072 21 15
2355142 24 19
422322 11 24
9835090 22 86
250669 4 12
41758 8 1
8030284 31 40
49056 36 3
358197 6 10
1111086 15 10
30556 1 4
149483 28 11
870155 6 36
215478 17 4
203093 25 5
339265 8 13
70984 1 16
168458 16 10
1064121 9 23
108667 4 4
122926 1 30
143554 1 69
14510 1 5
3580487 17 31
42958 6 1
2612933 45 21
136049 10 2
907971 5 29
251348 16 8
160737 8 10
613714 10 11
49117 17 1
2676380 12 35
1179037 8 71
1315206 21 14
424775 20 16
1530228 19 66
3882105 33 39
6079766 44 18
3182400 71 6
14715965 42 84
12633832 27 77
222272 4 32
528597 19 7
27213 5 1
6744487 18 57
110316 4 22
284644 3 52
5416768 49 49
1480621 10 58
110614 9 8
49769 5 2
3678795 37 18
1093921 3 96
100671 1 47
1914978 29 27
586464 8 76
2609139 8 67
1569511 46 31
7968810 63 34
133863 2 12
1970368 23 11
2240078 22 26
387178 13 8
5599 1 1
110804 4 6
8363933 85 38
21835 4 6
9006904 52 24
88889 1 13
252952 8 7
7568390 25 48
1343325 16 18
60559 5 5
565789 24 5
1192634 9 21
52517 1 12
3021255 45 9
16533247 24 91
155328 8 3
81272 1 14
126288 9 22
539557 27 15
938360 6 82
2265257 19 27
8246 1 5
78201 4 5
6013334 69 16
436433 4 21
145064 41 3
133688 15 2
49716 8 2
1122681 27 7
493581 33 2
807181 10 13
82229 2 6
77944 11 17
5071562 33 30
287125 3 22
584761 44 3
67463 5 12
2083 1 4
337874 7 23
29795390 89 49
1374564 28 52
622919 4 42
6635591 24 58
82840 1 15
107671 13 3
4292563 25 27
300125 22 15
77761 1 16
242776 7 5
768977 7 21
16718163 88 27
1788243 6 58
489092 7 16
3703145 20 27
300602 2 29
928222 53 16
34628 11 1
627558 14 10
449662 22 3
76226 7 17
2626102 8 105
16965 4 4
883985 12 16
664870 15 44
2200924 8 42
125164 11 2
2628820 11 67
13654932 37 82
8513432 39 37
912509 8 26
11017 8 1
51421 1 10
58616 8 8
190830 13 5
1000295 86 3
3843980 62 10
4687202 50 13
95266 11 5
16976271 79 45
5907373 14 58
24486 2 19
467000 17 27
810572 35 16
735431 9 19
4912491 51 36
82079 6 2
157123 5 16
210710 2 16
3813035 22 32
283618 16 23
111051 3 6
254550 1 44
107854 1 24
108928 9 3
11914402 54 33
2769852 13 48
846013 36 43
2545169 99 4
49415 16 5
391791 8 11
747946 2 70
585930 16 15
6832 2 5
15329 1 18
53246 8 15
1800799 19 52
2836389 13 30
2612612 17 20
502589 23 3
8549264 17 98
3119685 19 29
2844522 15 27
395536 1 53
7024002 73 17
12646620 82 37
2128749 7 51
619491 37 3
506166 4 78
18940 1 9
84524 1 12
122944 4 5
9849165 31 54
5952610 24 36
8127004 25 66
898641 14 51
1209037 54 29
22126811 109 31
130456 3 12
923790 38 8
500207 33 11
2197641 13 23
1698445 52 6
231605 1 41
2573854 33 24
430240 21 5
1371248 13 22
13687 1 22
245636 6 10
455922 2 94
88241 1 13
3559430 42 16
2423332 24 23
381814 12 68
7086483 14 75
1155909 12 15
66827 6 2
79006 1 13
9440581 48 48
101607 27 5
368241 23 18
2291179 65 8
12371373 49 42
71038 1 15
1856643 12 57
589838 9 9
3397445 10 70
2466205 38 13
2784350 35 42
246372 22 2
305908 19 9
1925984 13 23
3563084 21 47
495669 4 20
3099125 28 23
360993 10 9
80949 1 11
4350811 7 94
14369873 51 37
26415045 89 44
172847 10 29
1556 3 1
5263629 19 58
3669131 28 65
335094 7 87
583525 16 58
190563 2 22
184681 50 3
6201354 23 69
44187 11 1
13396 1 2
250973 4 13
73274 24 6
2465644 13 45
1607001 11 32
6203761 17 53
73558 2 65
1861500 10 32
2854563 20 26
1548703 19 13
3058008 10 78
1423877 6 34
761439 11 15
2703017 22 31
1122811 26 38
914178 14 56
3055016 9 59
179767 102 1
63908 2 9
3957 1 1
2891027 18 55
13278 22 1
1057294 36 18
1318955 8 39
181669 10 24
25409 1 24
1575633 25 47
151901 1 39
348917 10 51
639226 18 5
1856777 10 59
21205412 65 60
833827 53 5
270314 58 1
99238 1 18
281625 8 6
2277531 48 8
38410 25 1
48367 2 26
455273 8 13
10310 4 1
1752602 25 12
97925 8 3
158045 4 24
212766 1 51
809342 13 72
180751 17 17
145815 1 20
685631 2 88
620974 9 10
42731 1 36
515662 3 42
321378 3 18
4621209 20 50
432985 2 29
1139212 9 22
54065 2 11
411510 10 6
222427 2 78
96970 2 14
419394 32 2
73723 1 12
518032 28 3
1663552 106 13
1423320 13 22
43766 1 6
8678998 56 34
1311973 14 59
1385608 6 32
2226491 18 17
628745 8 16
1922086 20 23
13998309 104 30
6020545 20 58
2174145 40 7
793096 13 12
44110 4 3
10507464 44 63
166069 18 4
14048237 36 51
584401 31 4
208789 24 2
142338 2 64
161805 7 10
1026965 7 25
261542 12 8
126908 2 12
1359616 13 64
318434 62 1
274655 66 3
83378 4 31
78284 14 6
2901644 83 21
1151570 12 19
5205468 17 51
1192351 24 10
5437115 18 79
41982 27 1
790132 13 10
223426 11 3
557167 27 50
246703 3 13
295396 13 3
142010 2 13
153226 3 23
477260 24 31
1427566 10 20
143140 4 18
241441 13 18
241233 2 22
289133 54 11
222279 3 20
5814294 10 78
4715981 16 38
4891846 19 42
171220 25 3
14125104 83 22
13692 2 1
110230 4 22
112148 11 4
16484 8 2
113729 21 6
69424 12 1
577617 3 54
331599 4 51
310766 12 10
1033152 8 17
382966 1 67
1246550 11 28
242754 1 45
2114263 15 45
767385 3 36
313929 1 62
58157 1 11
1403075 5 66
149376 3 8
175970 10 5
65431 2 36
1941932 5 77
5848841 69 35
34561 3 2
6246024 41 38
7139744 23 85
8718318 25 69
1559812 74 8
2205223 12 30
613317 10 9
905163 11 62
861123 3 45
661688 13 9
29526623 87 61
661273 11 47
20212 1 3
932318 10 31
252799 9 10
31806 5 4
806859 52 2
433789 13 22
3261023 13 33
2444068 19 33
58917 2 5
18044818 48 71
1057835 26 9
902884 56 4
11304987 26 64
12110917 63 50
532815 4 25
830980 32 25
2160427 6 53
17790648 63 49
466426 40 5
26828709 58 72
288130 13 23
3125459 20 28
34896 2 5
408210 4 21
748527 10 24
780684 61 8
1111856 13 32
1188310 34 10
9756 7 1
6862689 35 39
3172117 17 27
1204481 37 6
1231868 78 4
1649780 5 68
337708 9 9
3265353 16 45
154905 1 63
2132377 49 20
2775285 17 36
1464800 51 24
1292348 12 19
53110 3 4
190699 46 4
273594 68 3
7478246 34 32
220603 3 36
29573 1 8
61412 30 2
300285 1 55
7503629 38 48
2373665 14 74
11568520 46 45
1983583 5 56
82730 7 10
118245 33 8
15321 1 5
100235 1 17
209648 5 7
375978 8 7
3616290 38 48
16865 2 13
59293 3 3
2259429 47 8
1649782 61 10
3382785 9 80
1671089 14 16
224487 30 9
691047 4 26
46108 1 7
14219 1 12
41403 3 20
2794095 9 77
501116 6 11
862623 3 41
299745 2 21
1371582 23 16
2374588 17 31
427709 7 9
1085479 6 31
23593419 119 38
119230 14 16
557559 36 3
2187614 7 50
1812070 9 38
173872 6 41
58931 9 13
303652 13 21
29811 3 16
60106 4 2
1422518 4 50
260908 3 16
1185107 52 5
177402 5 8
1260441 10 28
90489 8 2
1255920 18 49
89466 13 2
2619306 26 16
2022273 66 4
7882231 28 62
753939 3 42
240214 1 65
11766719 58 36
462758 4 80
655946 24 21
1589983 23 45
316334 14 10
2189437 6 49
5817378 28 27
1068904 25 10
115500 14 2
323049 2 41
1854423 13 28
280052 1 46
2958487 13 52
463704 4 36
241369 1 70
69645 1 47
139223 13 8
25566444 62 72
7241 4 4
429755 2 36
69521 4 16
2903276 52 17
453486 5 17
1454024 9 33
5554038 18 48
1955632 11 43
282551 8 7
937625 23 6
1219131 11 67
1484337 11 22
287146 10 4
4349461 66 24
516036 44 5
310218 3 17
1062562 2 83
1507234 11 46
595911 15 6
54417 24 4
4268940 54 102
4666456 75 16
4273805 58 14
3357355 13 62
863377 3 45
233025 59 2
89893 4 3
533397 12 7
3780289 28 25
182691 11 31
308187 2 25
2387238 5 73
255322 26 2
110022 1 17
9598124 31 78
320426 8 33
85827 8 3
721062 7 25
89931 13 2
894351 6 37
356554 8 17
5264347 25 43
5365668 55 22
179458 2 42
363636 24 7
1162784 43 5
50900 3 3
2677127 22 85
1099620 7 35
1272379 6 40
8688101 74 29
12514544 99 21
1726403 10 31
119089 3 6
6172350 27 58
1778696 5 98
5080637 27 39
688905 54 10
260662 5 29
748840 8 14
8326549 22 50
78745 16 2
24221451 81 55
212205 29 10
7268 2 3
750134 9 17
5836812 42 31
482082 53 3
388010 2 32
83308 2 9
116112 4 7
1385523 49 17
8832 16 1
482551 3 50
387061 3 21
2629207 6 77
158331 2 17
47947 1 12
3665698 23 64
3411610 7 69
116022 6 5
23215 1 10
2366166 27 22
437907 28 4
9459 1 2
29108 1 4
5227480 10 75
7706545 42 50
114500 11 8
170458 15 12
32580 1 14
764121 32 13
8982666 56 25
89751 1 43
338977 1 46
3590469 87 13
584923 32 3
5278485 32 29
2758677 22 18
511757 40 4
2886426 35 19
264564 2 23
249366 1 66
24924354 37 88
4303052 56 14
1013616 5 36
1175793 8 31
13372121 30 60
3901995 50 16
9876949 71 32
25328618 93 44
671562 72 7
5515455 30 60
665303 21 5
796113 48 10
3936775 15 52
102010 32 1
85523 2 9
6462 2 3
1599803 17 60
1320433 20 11
228782 4 21
836713 8 24
6471041 47 36
6483755 14 65
3411917 51 19
819371 29 7
19141757 50 60
108750 19 1
298897 4 14
66331 1 91
3650963 15 33
454442 1 84
507508 69 3
1476580 10 19
120009 1 43
3730181 19 34
2865596 19 38
656447 8 12
68078 1 17
635860 22 11
5055819 17 58
1044018 12 32
385257 2 26
1558426 5 64
3456253 9 73
1926370 5 92
10476 1 6
79654 1 15
5007086 42 23
41114 10 4
762621 30 5
1046262 4 45
202991 3 10
892411 9 16
149444 7 4
13472 11 1
1754427 6 48
19030 1 4
3071261 17 35
2771211 93 58
6518676 59 25
6314 1 1
322917 21 3
105484 35 3
10501 9 2
7142012 19 49
55252 2 7
80600 4 22
2559985 22 27
546576 13 7
2666389 8 44
128272 1 30
425308 8 10
14342991 53 68
4206877 41 20
16476 4 1
690124 20 18
456215 1 83
1818554 6 52
13803 4 2
7400333 13 80
314081 25 2
27315 8 4
844809 32 5
1486025 7 38
611340 3 36
2347218 40 12
113409 13 5
933883 8 23
1252339 12 24
74419 1 16
438723 6 16
2468696 4 90
201119 13 17
32747 8 1
1091564 12 17
3505155 8 60
6056303 31 50
2286436 63 10
2996850 26 21
703867 73 5
1345697 80 10
5754803 25 77
446324 7 21
12030 1 24
522988 4 22
152310 2 16
249103 10 13
315762 1 58
117032 4 19
46870 5 5
516791 6 19
152001 1 56
71999 3 21
5049897 42 24
3095512 30 22
30085 1 4
3170792 12 40
436026 9 39
6158808 26 40
314032 6 8
2315951 9 54
688447 80 11
444949 14 30
5282371 7 98
11633453 47 42
134192 49 6
5369048 64 20
39503 1 7
4828170 67 16
21533 2 19
142554 7 19
207362 1 63
443874 11 23
1850922 11 34
729870 8 52
3014835 35 16
497253 16 7
174366 14 2
15112715 49 69
75461 1 12
1833614 12 28
3319480 7 87
354053 3 29
98844 3 70
2804090 26 26
961405 38 5
138320 26 1
697563 24 7
9931343 22 76
1686593 13 25
142468 13 25
1058412 11 27
597556 16 6
921199 41 4
1694440 24 12
205976 90 5
45911 2 3
7495102 28 40
5587725 12 63
449527 2 40
2449757 5 66
1479262 51 52
303080 4 18
91903 4 35
1572678 46 8
288523 15 4
1760346 16 34
5307869 97 27
1329542 4 52
361809 3 29
1732798 9 45
33610 6 1
627321 51 13
664344 16 17
79506 3 9
214679 3 44
151916 3 13
186488 20 7
3604104 10 48
7264152 45 51
87519 12 1
3888725 77 30
72677 1 64
747339 23 32
9828150 43 40
421769 2 39
146925 13 2
1786823 12 23
60057 1 13
308816 3 28
26225 1 4
453986 4 16
279031 11 9
27291988 68 87
4472434 51 37
1171951 4 55
322374 2 35
5705 6 1
322720 43 3
