123 5191 7314
3 43 71 70 17 100 57 54 125 87 79 135 113 70 94 76 134 120 69 81 76 27 7 21 13 59 82 130 25 24 115 100 73 39 97 29 32 121 62 112 63 63 70 16 129 70 2 128 31 133 34 77 113 93 33 62 69 57 127 15 103 14 22 134 57 89 64 6 104 73 11 127 39 20 100 22 77 81 104 19 22 29 60 104 118 122 131 51 109 123 107 41 44 72 18 95 22 1 125 16 63 35 134 69 16 105 29 132 8 117 108 130 40 128 69 116 84 83 32 70 101 93 87
1435146 4 86
6670155 23 70
168031 1 23
175101 1 36
3322555 41 19
412126 25 26
89640 1 15
249229 7 8
140822 2 21
1762855 39 11
2879724 31 22
22802511 62 97
95582 2 8
915387 21 32
1861964 39 71
207612 3 30
29900530 68 70
7672 2 1
360264 13 51
7820 1 6
246947 11 4
156481 3 35
2188268 12 34
1363721 39 5
286427 12 5
3667017 13 70
606431 12 21
9440 3 2
524275 7 42
70035 5 6
216915 1 39
482026 1 66
109689 1 25
728016 34 6
17193317 37 107
2185234 10 55
806112 20 14
755277 31 4
106985 3 67
26753 1 28
60540 3 4
2874876 25 23
668160 3 55
32500 2 7
2595462 30 73
289965 5 10
1712443 15 59
1388562 15 14
92408 5 3
646844 43 4
361335 18 38
4253844 28 27
5236009 9 86
4271752 31 37
4255 1 1
5440630 12 66
535121 4 29
917266 82 3
149307 9 8
34202939 48 120
2892573 39 66
2938687 17 32
14650 1 3
13828 2 3
4953296 70 28
82724 3 30
1839510 14 59
2434823 46 14
4594026 19 128
124401 3 7
409948 21 29
5413472 31 27
4409340 22 58
385947 23 9
442258 2 48
93330 4 16
433808 8 12
6335874 31 29
20919 1 17
2515793 21 20
1450791 22 23
99588 1 29
2834099 19 24
25730 6 1
99592 8 2
232743 1 33
138459 4 27
751377 3 59
484340 35 22
749669 8 13
1231768 22 11
181841 45 1
734944 29 6
51341 5 28
201723 16 2
3997162 39 28
767311 15 49
2036949 48 42
20873308 93 37
7103 1 1
787976 7 17
4322318 58 18
87561 3 14
16133797 54 56
282579 1 42
13622746 52 53
71703 5 6
24899160 55 84
1856366 25 17
125876 7 12
728956 6 32
30207 2 4
20115479 57 87
1333959 20 15
215837 2 83
3873876 34 26
2698096 66 46
713644 8 36
7803 1 11
110188 1 24
588216 3 56
625387 26 5
2244045 25 28
320866 33 16
3454050 22 32
479645 17 11
1253 2 1
13930 6 4
742018 5 34
1144418 22 12
154951 2 12
1506689 34 7
7025499 20 66
6068 1 4
3009973 33 21
180785 43 7
872441 2 82
180025 1 26
216342 1 35
1890217 6 57
1441707 29 9
857598 9 87
461263 2 53
52183 14 8
1085992 4 90
213876 4 9
145895 1 32
536401 5 76
3080808 9 70
312271 2 41
221100 8 7
412740 3 23
45508 4 3
59796 3 9
381707 22 18
134753 6 31
145320 2 53
920028 8 20
42409 3 3
1965734 18 23
2750172 31 13
2276762 78 14
431186 38 2
31564 6 1
198288 2 16
690817 19 27
373735 4 19
85050 7 3
52900 1 9
902792 7 21
3149525 7 66
1814849 28 61
170453 3 12
7298 1 1
64638 6 2
158131 1 75
141431 7 11
1608036 11 32
190651 1 35
735200 4 37
109974 14 18
667884 15 17
5250457 40 27
10419 1 7
2430120 13 39
8935121 38 43
198644 34 2
1217426 10 21
309626 14 6
2654518 24 20
7887457 77 36
1160012 3 86
1914131 14 21
925443 10 25
387614 2 41
1213168 28 55
841111 5 38
489838 16 8
7064 8 1
886404 2 102
235724 6 10
493715 4 22
68830 12 1
2099677 6 58
94874 14 7
2411470 65 41
3490180 37 24
3638922 18 28
2171077 23 19
25153 13 1
191714 10 3
35912 1 9
15162016 77 46
49978 10 1
568766 2 44
3354338 20 34
158280 33 9
760451 3 61
656029 4 34
282017 7 6
337411 31 5
3796603 52 40
973333 33 27
1188836 44 33
670274 4 28
933083 30 14
26226383 79 66
37116 1 9
569909 14 13
677763 23 19
57073 4 35
46909 3 9
1856797 8 33
6811541 14 104
46634 5 8
347667 37 2
551880 15 13
3666130 10 59
1470638 16 73
123478 3 20
322378 2 25
184147 1 36
188087 2 19
190219 41 1
396556 8 37
209862 24 18
5947318 45 42
1975749 27 15
507772 38 33
1480550 5 53
863014 2 86
2534099 15 41
32690 3 2
262610 1 38
768545 2 91
154376 1 39
112404 1 30
306587 2 22
38459 3 2
205504 27 2
142225 2 71
24257 4 8
115399 13 22
4430 1 1
24655 7 5
1434132 27 94
8822 2 11
773368 4 45
172012 3 14
48700 1 8
751243 4 28
11051205 45 57
462724 36 13
97032 6 3
17824026 49 64
20419 2 14
1902497 13 35
34691 7 1
540480 10 9
704980 14 18
431024 6 15
2663694 53 27
863354 31 14
712119 25 34
4095157 33 65
224090 20 5
1026920 22 7
586840 4 30
555314 2 52
467859 11 10
803560 2 63
99769 1 16
1716159 26 11
1505249 38 7
689728 55 3
25535 5 3
4963126 17 95
2037627 25 45
752871 18 15
176436 7 4
10659011 18 97
7768292 33 33
21516 1 21
8432828 41 34
468777 2 54
22130193 34 98
18934846 36 89
2530575 10 118
18675367 50 72
1668375 26 27
3119403 25 28
51492 3 4
15604281 48 86
66694 14 1
3115557 33 46
88548 4 5
1903644 6 77
250862 11 4
1534090 4 54
23690 2 4
293553 1 57
1066869 22 60
243570 4 15
13032550 58 41
491691 19 7
423669 26 20
36980 1 9
15354 1 4
356068 2 79
184451 2 19
306352 1 58
756863 9 43
38771 1 9
11019996 49 34
1058957 60 16
2917679 19 89
950670 3 93
5334 1 1
1917845 16 29
323749 2 31
758563 6 27
290712 1 61
43034 9 1
9425528 30 48
721226 12 16
70874 2 19
24850 1 52
202714 3 13
2148543 53 44
3108044 28 21
280406 10 4
386211 18 28
53590 1 49
1246621 94 20
14168742 53 50
223025 5 73
37141 1 7
1080223 42 7
199124 16 2
45230 2 32
4711837 10 86
8595391 16 113
291833 53 10
18540 50 1
146330 28 1
249846 4 13
206341 11 39
1196750 6 34
5111733 64 13
1280257 13 17
8413325 13 111
1321568 6 58
72651 1 18
281855 1 66
3407 2 3
8512103 17 102
24508 1 4
484050 7 74
176358 6 39
5303946 41 27
2261898 13 38
10333258 33 94
164711 19 10
131003 4 6
10174208 57 46
5610479 30 49
199537 3 14
365481 3 29
471363 2 46
2464111 11 42
11751465 28 81
6763 1 4
151891 6 5
28664 1 45
1734172 4 77
21647 42 1
222666 52 1
1784129 14 31
289997 33 12
1093722 21 8
155376 1 23
489811 21 15
735161 11 15
297260 53 4
3181014 39 74
16035169 64 46
224888 45 1
378060 9 7
7184030 37 95
510420 8 12
5880214 10 102
987594 5 50
9672747 24 71
4503009 31 33
2135134 20 55
3182915 23 19
5311 1 3
910401 4 45
693143 12 8
139179 5 70
826022 11 19
7303594 62 29
30883 7 1
5760126 10 91
266754 13 5
450700 1 94
812605 12 12
686247 29 4
170250 2 21
99099 4 5
12753489 27 72
1169698 3 106
8654417 34 92
3110865 11 122
209103 4 13
6790948 15 109
168512 3 10
2845553 46 24
986252 5 48
6681657 14 79
348885 19 8
4280934 12 61
15246225 52 43
84270 3 39
90443 3 5
278429 6 7
533735 2 64
6232498 8 122
3125633 5 86
324416 1 74
138127 2 10
445027 10 22
8886 11 1
327677 3 17
8730691 51 88
1119359 3 63
247775 19 2
32456 1 6
248305 10 29
6996216 41 49
38008 2 5
792476 40 8
389821 1 72
132322 28 4
2229077 20 16
77004 5 8
1646745 6 63
73951 9 11
2548135 11 62
210058 11 4
7254342 23 50
29699 4 15
18722 2 25
7949644 60 26
3755471 10 73
14216 1 2
381461 10 8
956500 19 7
39801 2 35
471165 1 76
7261352 28 107
2709955 27 119
3420903 4 117
2563818 7 90
5117 4 1
2117646 37 41
4261 10 1
2056316 13 24
317497 22 2
796900 2 60
2156839 30 94
3587554 17 30
295764 1 57
314858 27 2
456836 8 16
3332149 21 42
52584 2 18
7776 1 2
69624 65 1
1399476 49 39
383581 5 55
792898 3 67
6704 17 1
592840 2 53
67130 4 6
6443 3 5
561109 2 54
843532 2 71
426251 8 90
14330 5 6
9572398 24 81
1761213 7 60
12953534 25 89
644527 6 19
450331 14 11
429227 27 12
635924 18 15
131308 1 79
53515 2 40
719647 3 64
12585 1 2
4139319 31 25
651946 10 10
7727 1 11
72497 6 28
31237 6 1
5249404 36 24
662 1 1
13881268 43 75
196170 11 4
2873248 33 15
4525250 39 38
35447 6 1
118048 10 10
100409 3 82
2575600 14 33
980208 23 10
28428 8 2
24192 6 2
212694 1 36
8325772 12 102
190855 30 5
2941518 20 29
186463 14 25
19693357 63 66
4830 2 6
2026702 9 38
2176296 13 33
718638 6 52
4650094 26 31
449940 7 13
6780238 70 83
95327 1 16
2356427 6 69
587669 22 38
1619072 19 42
3662796 7 82
1619669 6 48
6691551 35 39
789456 12 13
1557821 33 50
521489 10 18
1265566 17 12
18589553 42 88
141601 3 12
8490811 26 71
290355 6 12
2253395 11 53
1200549 17 19
91931 2 10
1448767 2 114
666343 7 60
73574 1 24
254378 7 7
1060706 6 36
56716 2 6
585615 5 30
558387 47 3
981889 26 12
195234 1 36
1128577 18 17
1272952 4 105
61618 3 8
2450382 24 56
12574839 25 103
35102 52 1
229161 60 1
487548 2 35
150954 55 3
92859 14 2
552963 31 3
34982 3 2
201809 1 51
401997 10 31
145130 1 35
124047 3 27
632675 14 32
529311 5 26
1493410 4 101
7888 1 2
523379 9 14
3058670 28 64
278898 1 40
828729 15 15
383933 4 48
8454 4 3
161407 1 37
8274686 44 29
24533308 56 63
669383 12 32
167109 5 7
257423 3 20
5271342 24 42
138160 20 1
832236 2 72
471229 18 42
2623016 17 29
19539244 57 60
846585 54 4
76185 13 4
11560653 30 56
1169191 10 24
3397704 68 15
13623657 65 41
3660195 18 39
1098 1 3
79286 5 9
222536 3 11
77160 8 7
3081101 20 32
1821827 30 34
35691 8 1
559500 54 26
349226 3 46
312985 23 27
710038 4 32
219590 10 4
6454615 54 32
4262433 9 76
233198 8 60
3004395 28 42
3906447 28 27
551733 37 17
3810175 14 60
368998 2 38
167471 15 5
52200 9 2
382669 5 19
6512444 59 29
1497106 38 10
155221 4 12
9276049 43 34
80483 14 3
1826577 39 7
173128 1 46
9415 2 1
2965787 14 60
181393 1 36
503756 28 3
415803 6 65
1242438 7 46
409958 3 38
1985400 8 54
50468 11 1
747425 17 28
2160667 21 105
86660 3 6
23274140 77 76
313082 20 4
13150 3 8
1110938 8 53
2396191 30 11
10403975 36 93
98208 1 27
6945 1 1
734524 64 2
8874 1 2
271209 1 83
2008717 34 11
808710 5 40
45510 1 9
251703 29 11
6456992 26 38
1215272 18 11
687652 22 11
135559 4 11
2922405 22 63
920160 49 3
5083449 14 59
52177 14 2
8661553 70 29
1878003 9 79
2794128 10 57
1690529 3 83
147517 3 7
15641 1 29
72545 8 7
29613583 61 71
641839 49 7
51556 2 6
72814 14 1
7556434 44 36
306140 24 2
39664 3 33
512402 2 37
875486 4 54
278983 8 46
42111 19 1
207946 5 7
2012858 10 46
377474 9 24
3290229 26 21
2655231 29 14
177414 1 25
5429105 30 33
2431001 9 46
2126205 15 36
20483 26 1
2318497 41 11
378867 1 91
541887 10 8
4207291 41 47
502592 4 45
29141 1 12
381424 5 25
28202 4 1
23550802 57 60
1000270 20 12
85448 1 20
474107 4 17
312704 3 16
761457 11 103
3128474 22 117
1368087 27 14
382430 3 24
365113 3 24
279516 2 34
221576 6 19
168427 4 13
97167 1 71
530145 3 31
286868 41 1
1602782 6 60
82230 3 10
1191274 5 50
443083 16 54
2138936 29 17
26308 1 13
4660572 21 54
1818308 17 21
885722 36 6
883536 4 46
573047 4 25
10213784 33 51
445618 33 6
78998 9 2
349268 1 51
109019 3 63
502726 13 73
11569912 35 52
113966 1 16
944400 14 22
2018562 24 19
435886 12 11
2343760 34 13
209331 1 42
3155899 33 51
2756595 15 35
3876731 23 31
479333 4 18
3408843 62 8
173197 2 12
160304 1 87
160761 5 8
14137 1 3
434007 4 60
42239 1 15
1243974 38 33
6973689 12 104
1092958 4 38
394611 69 15
673027 21 33
139910 2 19
2741475 8 49
45228 10 1
103685 7 19
125812 14 2
10326785 70 35
4438670 72 16
4625646 11 71
188209 2 13
1277186 5 40
221540 4 56
2337681 18 65
3964783 28 22
1626286 8 41
54907 1 48
2429709 4 93
663730 20 11
28109 4 12
267748 3 24
45510 9 8
4438 1 1
4152408 8 73
272703 11 6
446118 8 52
2022915 3 93
2075674 7 69
4247816 31 28
534549 7 18
388303 34 8
33274 5 5
9412 1 2
30608 3 4
55415 1 50
348928 2 83
246217 5 8
7687854 47 30
21322936 39 78
2617767 5 112
1468941 10 49
200240 9 6
3591636 45 47
88307 6 4
671283 4 33
10857437 53 35
50008 16 1
309358 9 8
1141086 12 17
398966 3 24
5524072 13 68
152745 3 43
839067 19 8
26341 3 16
26251182 47 81
5302014 26 57
4308988 15 47
350364 23 21
2968597 7 85
740637 9 14
1686593 56 59
396177 14 18
67986 1 15
587197 3 34
26271 2 12
5022710 37 38
1713 2 2
2642302 5 103
140488 3 11
384117 5 16
5123728 43 21
3536818 8 65
18796452 81 51
1516631 9 31
773991 4 119
1005768 2 100
1296500 9 38
5274943 48 74
1528910 38 9
1030181 88 3
2095462 12 46
259649 2 25
167512 3 12
2510679 45 9
862339 31 16
3704368 60 12
3987894 17 104
200885 19 9
4121602 75 26
172745 29 11
61602 2 12
1307966 15 13
6169965 42 39
7926711 41 53
22710 1 12
61763 3 19
446871 2 33
1304506 11 27
990225 50 3
464937 28 5
333901 1 53
2231468 11 38
8965213 61 39
26247 1 35
11502560 31 87
10944828 20 88
413808 2 32
393733 17 23
1368391 16 114
1356071 6 76
1206303 20 16
82469 1 33
1140261 12 111
9425 16 1
409464 1 65
2928 1 2
7974362 87 98
254785 1 48
1202361 3 106
2548829 5 72
4312502 50 19
5159978 78 15
1145421 7 23
43763 16 1
403790 1 66
773639 5 76
11877307 40 102
462808 3 27
746093 3 72
4110766 30 104
76452 22 3
4454184 11 57
155544 2 17
8491371 39 44
24637413 62 60
390796 12 19
2684630 6 93
303681 9 7
1110906 3 69
634292 81 2
898131 7 41
4625061 53 72
779673 46 4
90584 5 27
1355411 25 18
315397 8 91
830677 23 5
3134761 31 20
51840 12 3
1390548 8 44
27962 4 17
370526 19 23
404410 1 61
28904 1 4
691082 50 29
3349390 34 48
172766 84 1
2123332 33 24
98904 27 1
2550349 43 10
538925 2 39
1687506 16 15
628142 3 66
1056504 36 23
1413891 43 6
121697 2 9
192625 29 1
276406 8 7
113231 10 19
668568 9 28
2426685 9 44
5829738 43 25
2489362 9 55
479100 1 99
258997 36 17
3380564 21 25
327104 10 15
367909 2 40
231430 4 38
511744 17 24
153241 1 41
5422015 40 26
274886 3 34
246396 5 9
147512 1 24
177761 15 14
4699191 61 11
312744 5 14
6721956 39 42
570903 6 28
8421 2 1
630713 2 54
20274 5 1
7861893 38 49
3732244 13 49
61973 1 15
14245507 47 47
317654 1 47
114564 17 1
4615259 37 30
30383404 63 76
1188233 6 35
1419666 18 19
126092 18 4
3857 1 1
813 2 1
1403540 9 25
6321 1 1
155163 12 6
1559170 5 46
4792577 18 53
3897860 6 111
14984 5 4
268062 18 28
777908 14 13
9136 8 2
10754 1 9
2055193 13 75
23917 2 25
933690 7 21
9688 2 1
17505 2 10
118195 21 1
739918 14 13
641337 4 40
278920 4 15
42988 1 29
302520 1 69
11335 1 3
864682 20 58
272606 11 14
26796 4 1
478400 1 104
163896 12 10
867970 13 39
4600253 37 28
2988899 24 33
3056143 8 87
4040 2 2
33249249 88 67
5199866 35 32
689250 4 32
326094 13 62
708635 19 12
9258333 88 15
5307 2 4
2734205 17 37
2489093 10 63
2762851 8 79
767490 25 8
203165 5 9
683605 3 89
25915 1 6
4367 2 3
37103 10 1
2000540 54 6
116473 1 22
474904 1 81
71227 1 29
519587 51 10
59418 2 6
359405 14 6
274041 1 62
580067 10 13
273397 17 3
594 1 1
532481 2 57
199622 1 77
9420207 45 31
899957 28 8
50748 3 11
2373635 22 17
44625 4 3
301219 1 49
31848 6 2
860761 4 30
3726410 23 26
768113 45 3
95246 5 7
157980 10 3
981874 10 70
467794 7 18
19131 2 2
3819748 37 20
3553912 36 40
18249 2 19
21355 2 23
181936 39 3
501356 13 8
10897796 85 25
735952 21 8
2859796 15 28
101963 4 6
314916 1 48
373523 5 24
275234 1 38
1054826 26 40
78635 3 6
8999337 50 37
932220 62 3
902712 26 12
88282 11 9
6181408 11 104
1823090 6 65
474418 19 4
2912116 11 51
41011 12 4
82165 4 53
1439537 20 14
37565 1 10
36723 21 4
295067 8 8
5653528 60 17
7764717 19 78
1034013 4 43
774310 32 8
349242 10 8
662656 6 37
2981161 31 25
818615 6 36
28221232 44 101
818766 3 41
191282 3 14
137336 7 5
716055 31 40
2996216 23 33
367068 6 53
1613473 27 11
467384 2 40
2171526 40 9
510309 36 3
986181 6 37
296622 13 15
1290887 2 111
7972105 39 34
1329000 80 20
3464778 10 48
3511822 28 70
1290379 20 51
9380084 20 73
1062119 16 64
112977 20 6
102126 5 16
810337 49 35
2059105 12 35
3702592 14 44
187083 1 46
14667447 26 110
1881 2 1
14884 7 3
540703 13 7
9595 1 12
1114363 83 13
55707 1 27
3248380 21 29
813486 10 107
113046 6 3
20519 17 2
5262748 13 64
15264 4 2
5567155 39 37
117508 2 17
426978 2 93
365932 2 47
230796 33 3
692869 10 10
2911596 62 26
18071619 50 54
582823 3 46
12000268 24 105
487420 3 26
507520 8 53
13494846 61 55
845023 28 6
480203 3 99
175929 12 32
42252 2 5
3429541 54 14
4918011 25 28
115571 1 21
1150128 3 57
839560 38 41
2147112 9 41
547254 12 17
5458785 18 78
2212429 47 16
5233710 22 72
2630212 10 38
376557 63 5
18229540 73 83
86069 2 22
23616160 75 65
18585 1 27
84894 3 14
355505 4 19
250845 3 22
703224 3 59
4600738 47 24
197976 5 64
389060 32 31
2044334 13 31
2214931 23 18
84347 3 74
1179 2 1
14328 11 1
3425144 69 13
339411 3 22
199057 18 9
3318250 8 81
598532 2 58
352486 2 27
43337 7 3
182375 24 20
3228134 29 25
179909 18 7
324026 5 19
38929 1 15
1732926 12 31
119161 2 40
7289308 72 20
446899 1 90
117924 2 12
1303626 3 77
611562 54 7
1091051 2 86
542889 17 9
5659290 41 20
1864315 5 60
739352 2 79
1523877 4 84
464398 2 37
5327180 36 28
10835665 32 91
5653522 11 72
187463 26 1
1244277 3 80
270014 1 49
133559 17 2
519573 4 30
1701722 27 9
152851 2 18
4185177 45 101
1154670 2 97
2100114 25 17
1710438 11 96
544936 5 16
13205934 47 73
5558968 29 54
8801342 16 110
278983 1 50
548969 2 57
210390 2 78
15377 13 2
337805 2 44
130439 1 32
481554 2 38
6150994 19 58
1818315 18 16
3187644 9 71
57967 1 12
190134 15 2
537116 10 42
529172 5 47
7688942 26 41
34852 19 1
1082112 7 30
8193298 46 36
14071226 29 115
925032 9 21
91082 2 9
91469 16 4
791742 3 65
205808 7 7
65301 10 1
1686070 45 9
8553290 16 83
1618408 25 17
8302 3 2
827896 5 26
257308 12 3
670082 6 57
4671390 9 74
156580 2 15
39727 1 8
762874 12 14
45272 14 3
7134240 19 75
3906 1 3
37648 3 5
152746 12 3
5789554 15 60
2966898 12 51
647653 5 24
2086422 10 49
737078 20 98
138538 2 18
936882 2 111
818355 20 9
1611644 6 89
565388 4 26
98268 9 14
133667 2 27
274038 4 13
1278979 25 72
696934 22 47
12804 21 1
2498843 65 9
1775729 3 106
12779937 28 71
401402 14 5
137712 3 60
6083 1 2
9331827 31 42
344336 1 90
40683 3 2
19473 2 3
352742 77 1
574244 2 53
8570219 60 29
1082252 9 21
248423 4 12
420273 8 9
643023 9 29
2013573 4 87
2537114 14 107
250186 22 11
115768 6 8
902486 13 17
2557360 8 51
1317666 26 8
5423524 50 21
28637822 73 66
1143743 9 63
3923701 65 12
32886 64 1
265150 5 11
187837 7 6
395936 5 12
190976 2 17
1089681 3 61
278639 1 51
1887816 17 30
83794 18 2
351974 2 66
489323 1 79
16762 2 22
1078558 34 39
942220 41 21
1634015 59 45
704826 11 17
35822 24 1
94791 2 8
1140821 3 92
179620 9 10
5653888 36 32
283380 26 2
3267049 33 19
6197304 43 22
605962 9 17
8434207 16 102
1125169 4 42
679082 7 17
971840 15 10
152396 1 22
463173 14 5
4801702 16 70
33870 6 5
312835 2 36
383 1 1
308082 8 28
102767 22 1
429926 10 12
5918796 46 31
16190 28 1
939448 6 27
48778 16 3
1014250 7 32
85341 9 15
824085 5 40
355261 6 12
5647942 10 93
642748 9 19
112445 2 48
238419 2 21
362526 19 3
236320 1 45
10642 1 4
142186 2 120
308255 9 35
13721620 31 93
2329091 36 20
123914 2 15
174542 9 29
36818 2 13
770663 27 6
562648 2 55
271702 28 2
237331 1 88
7492794 34 93
3380703 37 23
97437 2 13
65608 5 12
2222292 8 46
2485071 5 79
128092 5 13
396507 2 48
134524 40 5
1045175 9 73
1364711 36 10
508731 20 9
478566 1 66
36654 1 53
4426631 13 114
494706 4 31
1347191 40 5
441623 2 37
73821 6 3
2572522 24 25
2932969 20 28
782921 18 33
3372101 9 78
1432051 31 13
202693 14 2
30158 8 1
132890 11 4
3027920 28 65
4163894 22 34
1312372 10 26
391129 9 56
605750 2 100
245571 6 7
66735 12 1
125197 1 28
1427162 7 31
1930655 9 37
259828 11 14
131460 1 22
1487863 16 21
531174 30 34
306319 2 46
293193 1 46
6836994 34 80
58348351 91 93
1235799 18 41
74758 14 1
800966 46 12
17888 4 3
82047 38 1
436212 1 66
2328095 50 13
2602181 21 29
570162 9 23
4115395 16 114
89923 3 56
378393 22 10
1130280 25 12
322383 5 11
1787043 4 122
4109975 23 34
8189510 55 46
7381361 84 29
76436 18 1
21015 20 1
12051 2 3
497870 3 25
384741 26 3
444104 19 6
945955 19 26
24712 2 2
303102 61 1
6439658 48 89
5254003 16 52
78794 20 7
1293303 4 56
10578965 38 106
17790 1 4
334066 2 39
658679 11 85
9651101 37 83
2953737 17 82
369748 1 104
2206802 10 59
3568160 17 31
638708 3 34
6846727 88 71
761593 55 2
169420 19 5
28628 5 1
1628496 9 52
9418 1 2
314402 7 11
117680 2 58
4631214 38 22
2099773 10 55
2799120 31 25
2228742 14 24
313926 1 83
1656345 51 13
3123214 8 70
182463 7 7
16556545 34 127
7982591 54 39
10293016 26 83
1003352 13 21
409085 5 59
153535 22 1
567489 7 13
11890273 15 128
19591 3 1
359068 15 16
692286 15 8
582616 13 11
366446 5 27
2161524 40 26
4686416 83 12
2568994 19 62
10400661 30 61
396099 1 64
181404 7 9
967993 6 62
33235 8 3
14900 2 5
5706948 29 43
18058599 34 105
6174656 27 32
230114 2 26
487916 7 14
5084741 37 54
50635 1 10
118103 21 5
2333411 10 56
152877 2 11
487308 3 47
2277 1 1
107560 1 61
24832 1 6
687793 7 18
342635 8 6
2872516 16 36
320847 9 7
27862 1 17
110640 9 2
457992 2 58
520722 43 10
2160871 5 90
211995 5 48
371799 15 21
930447 26 17
6239112 63 59
107616 2 9
1465287 7 41
475185 55 6
9744 1 7
4630337 22 56
2068336 3 116
16149892 65 46
29807 1 6
997145 94 17
13356289 28 96
3185785 17 42
2924079 28 16
234922 1 59
600657 8 15
3835 2 2
415603 11 6
26261 1 9
1982480 12 97
114024 1 47
32446 1 52
78449 26 5
2793221 10 61
860315 7 27
1109158 2 94
3577417 22 24
83197 1 14
596681 51 3
654226 26 4
364287 23 16
3901676 12 50
102668 3 6
422333 5 15
4329326 17 79
96743 10 25
1664238 7 43
4680859 59 86
1648819 8 46
47462 2 13
7095913 13 85
21031 7 4
1891570 73 25
53244 3 4
822530 10 16
5416575 41 20
176562 1 56
1016208 4 79
3788634 5 118
816650 3 46
242422 3 15
456399 10 10
2793437 6 106
69535 1 17
283646 47 2
271706 1 56
439496 7 13
87525 2 11
205285 3 97
14440 1 9
484966 5 71
6576044 15 90
59866 3 5
1235735 48 18
141783 17 5
3730609 9 81
9103773 45 34
13261599 41 85
7061041 42 35
7153535 18 59
12764268 30 72
9376 3 3
256492 4 11
5117446 32 22
92027 6 5
276584 4 13
311201 19 3
810554 81 3
427260 16 6
933254 2 131
197352 6 16
2758939 35 45
329204 2 101
3606555 11 53
568707 5 21
6855140 35 44
1236526 5 96
279962 1 42
63380 4 4
304099 19 17
226285 2 30
777936 13 21
327899 2 32
9929177 67 31
312601 4 13
2025541 20 19
168338 4 17
37937448 118 46
1313709 40 6
326238 4 18
67849 6 22
61619 2 30
286949 4 59
1981553 5 76
791640 6 78
271093 8 6
49340 4 22
32890 1 8
19479523 47 62
7864119 59 34
535220 26 3
288206 7 6
599506 6 15
57948 10 1
21728 2 4
654140 57 8
919349 6 21
26150772 45 105
101156 4 24
8315599 45 53
559279 49 18
12465355 24 97
115825 1 23
68788 4 7
2187312 15 59
98061 2 45
6867 6 1
5909767 16 56
28211 1 7
501661 12 26
257450 12 4
210959 5 11
5773209 19 59
123216 9 2
28159 6 1
174436 6 15
1980401 13 42
6242407 11 78
1525675 54 6
398953 21 5
776250 10 39
430842 20 10
172863 35 1
5266656 23 37
56451 5 2
60353 1 24
1277280 6 86
3825583 17 47
256440 6 8
145337 5 16
8796589 37 49
1923222 7 57
167259 2 20
1663497 4 63
1822710 19 26
548790 18 18
1144180 48 5
1463922 27 14
4441670 19 43
1594255 19 22
198164 2 16
280992 9 14
27713108 59 78
7895919 16 73
25869 3 10
5552825 38 47
869731 12 47
97826 8 5
1094044 18 9
1920006 21 16
63178 2 34
53418 6 15
180767 18 2
3117628 53 10
1014909 17 49
5280 2 7
128828 3 10
1518616 10 28
4379150 19 98
35353 1 5
3553433 26 63
4634165 17 54
1687321 10 32
11781 1 2
93435 1 26
1017768 4 43
977977 4 49
750532 5 26
149291 4 7
55469 40 2
982074 21 21
1432238 26 29
1102052 63 3
467794 28 25
2393424 6 102
3790247 14 51
1911286 29 111
415631 2 33
488432 13 10
862273 2 65
12298215 38 52
135587 6 4
3857252 16 34
144104 1 36
151885 1 24
23923 44 1
61376 1 14
2401441 23 18
92176 20 3
53260 7 2
347922 63 1
94060 7 2
527422 41 7
812294 20 38
7412808 28 58
20190931 53 61
7267119 10 105
100354 24 11
6657646 16 76
394992 4 65
2941346 57 104
2068251 12 82
93786 6 9
1015561 21 45
431707 13 9
49909 1 9
1052424 11 16
2010580 20 53
1125491 43 43
5472806 20 51
122908 36 1
2277678 28 21
2113856 15 20
129105 2 24
1369369 25 8
39735 1 10
77102 19 1
20484 5 2
1583161 21 11
231426 3 21
73638 1 12
53559 16 1
383005 18 32
2434282 8 49
388913 44 15
1530181 13 50
663420 6 23
1193956 8 23
1618265 5 113
12945861 46 65
545975 17 16
2074481 13 35
89669 6 4
14799 17 2
311573 2 90
71890 16 1
4683443 31 29
619200 6 21
1516032 45 8
5981911 35 36
247671 5 20
977517 10 18
25543 2 3
694907 5 35
45480 1 8
14617258 30 70
1409040 8 40
247910 10 22
393912 10 7
283053 1 68
905167 17 20
430965 17 6
250681 42 6
12493 3 11
242387 3 12
239071 1 61
2022792 4 124
1246780 15 19
18911 1 3
4380233 6 118
1585491 6 39
8375157 24 74
40082 39 1
7359269 22 63
199467 11 7
9604689 23 91
270485 2 31
25257 24 1
581047 2 42
402005 96 4
222552 7 11
69195 1 12
2295104 29 104
462372 5 18
5183688 37 30
1206531 6 37
10668132 18 94
1538924 28 15
538399 3 65
4692576 23 101
309012 7 19
1749870 28 10
1916253 11 73
25414 1 5
2757347 19 39
246729 2 50
22199 1 4
11637 2 6
2362668 24 26
289395 15 4
374421 11 7
18838804 86 45
937066 73 17
516794 25 4
7854336 40 33
56356 1 24
403976 9 24
636338 24 5
30697 6 1
2302776 9 44
58611 6 3
2155876 5 112
991375 43 44
91648 2 71
47821 1 42
19701 4 1
12531920 50 96
35521 52 1
1260779 15 14
120699 6 3
9209 1 2
17996 2 15
131637 2 12
306069 3 21
476230 20 29
109487 9 2
2928849 27 21
563420 27 23
13470696 23 97
178676 41 1
327050 5 13
57698 4 8
535994 41 9
774970 17 12
3541867 43 12
18646 4 1
689730 5 53
5443690 69 76
338447 1 59
4074441 14 72
1000763 4 65
133749 13 7
785323 11 19
247656 1 49
1868704 26 12
344075 1 61
144340 25 1
1677050 8 31
3910217 14 58
1987225 22 16
1149931 2 81
489927 4 101
448379 1 67
1074681 4 41
308939 10 22
14407 1 24
538135 3 31
1204859 23 20
1360193 29 7
1030703 4 50
436513 5 16
85882 1 14
3742438 34 51
2225196 30 30
1513 1 4
13820905 22 99
3218089 20 32
268402 11 13
960998 5 48
27646 4 17
1849651 12 42
1866704 4 91
63707 3 5
17300 1 4
1298268 7 54
16710989 21 129
105438 5 34
30785 2 4
790019 16 7
198002 4 12
262047 2 24
1908501 24 30
2333112 14 31
1537182 4 60
129816 7 3
3403885 27 24
11200100 66 44
256135 1 120
842162 3 100
1464179 29 24
1127798 2 107
3727048 37 40
58843 1 9
501290 16 8
1604991 6 51
325714 27 3
30310 9 2
2646783 49 9
276938 6 7
1065720 11 61
4564491 33 23
114417 11 2
47266 1 62
3021312 10 58
1434455 29 19
19217380 38 70
66032 1 15
19649664 38 122
14095 1 2
73091 1 19
26885 1 11
667620 3 39
268400 13 30
1720926 66 43
7838406 46 65
680610 3 32
1006386 3 93
130416 5 41
43300 25 2
3435488 9 62
265008 25 2
858232 22 9
156688 1 95
301524 7 8
1534933 12 41
21913003 63 57
330106 4 28
10416 1 5
350664 4 15
5979137 49 29
210508 1 36
480804 8 31
27549 48 1
682448 45 35
27278 6 9
362922 8 36
17843 1 4
50465 5 4
927405 10 20
207379 2 35
4398664 15 43
534506 2 38
7228652 14 111
12346210 52 43
2008230 53 7
1274576 30 10
46718 1 10
38476 1 7
32662 5 13
508235 4 23
352141 2 44
166351 1 39
631590 24 11
53773 19 1
108615 25 1
16434 1 34
706610 9 27
8346955 35 131
313892 5 15
239004 5 19
2156863 5 74
2707982 9 91
61244 1 13
18426925 63 60
937760 15 15
73672 1 33
2259314 29 14
22611 3 3
24872 2 23
331174 3 18
4124609 7 107
226690 1 55
431980 11 49
98085 1 26
779182 11 13
110411 2 50
688246 7 35
71161 3 9
6504227 8 125
21794592 76 43
732753 10 45
22141307 24 128
49655 2 58
272029 17 3
1763918 21 28
427831 3 33
20378 1 5
85112 1 21
665880 5 26
2141960 23 13
266294 8 11
183829 86 5
1153283 24 13
214690 3 34
469450 1 76
4755150 52 62
9156984 32 61
2696496 21 36
459005 21 14
150995 1 23
13032068 46 84
123268 21 1
2760308 37 53
2353312 19 49
46974 1 16
49146 2 5
901136 7 27
2630748 12 52
101708 6 39
13995 2 6
7440783 17 64
3129608 10 61
94553 18 2
68653 1 50
923809 10 18
305132 1 44
3218369 50 42
3532565 9 67
8096428 36 37
55126 3 3
1207118 69 5
4498783 5 124
9671490 28 75
2898138 15 29
245808 4 20
541905 1 108
205380 1 39
2417356 11 66
630158 30 49
65002 35 1
6540869 20 81
29930 3 5
1812382 33 8
12799087 35 63
2710055 8 81
258396 6 11
1350910 9 25
1277259 3 104
113698 5 6
67814 3 4
24038 6 1
522425 10 18
1883124 27 55
442562 2 36
1702539 45 30
1773661 8 45
239780 47 3
155140 1 93
2031534 8 59
169801 2 16
390268 33 2
2501530 28 35
169629 2 13
125418 2 15
2656431 20 65
777514 4 88
168770 3 12
107459 19 6
185867 2 22
224016 10 6
7326270 25 42
44454 6 8
14570243 26 81
17491317 44 59
399124 2 29
1552356 26 11
958388 7 34
2351670 16 25
170188 25 1
10117 2 2
3858323 15 47
8254904 19 91
266418 41 2
4450977 33 19
385259 21 4
1840277 62 53
822934 9 21
5787 1 1
22943113 29 120
876363 45 18
11923 1 6
415493 6 11
424628 1 63
529797 1 90
141643 1 33
7156305 38 93
867675 5 24
2555341 17 21
16213745 28 90
8038928 42 36
384064 4 31
8063887 28 83
10908378 74 33
1137180 36 16
822978 3 83
827255 8 28
3076170 9 93
3089579 24 28
1998615 20 19
495334 2 43
2938182 9 45
623399 17 7
194341 1 46
13692332 36 94
218226 22 15
11845 2 7
122095 1 33
1961321 19 29
1669799 8 34
2282379 6 69
367929 2 36
6677548 43 48
796016 5 35
1530169 25 15
18507 1 15
124164 1 29
4685179 21 57
41535 1 16
105761 5 13
431292 5 14
121680 21 8
999210 3 74
90530 2 32
90243 7 13
268502 16 3
237318 23 3
4451343 14 64
410113 57 3
9930879 78 22
249880 1 45
10379 2 13
4070742 13 50
138942 17 2
7306100 33 34
2140301 14 46
2814789 85 7
1135896 3 82
16287302 70 59
26803 1 23
270607 9 27
224391 29 2
311654 32 7
40144313 54 110
71490 2 10
51535821 102 90
740677 29 40
8569106 29 72
327473 3 37
996099 5 44
89441 2 7
3232844 11 42
4003922 11 65
7640280 18 84
240604 1 50
44880 1 7
286046 12 18
800635 6 89
14033199 44 52
2380614 18 89
322358 4 12
73469 6 8
206275 6 70
60139 1 59
315496 1 75
705978 20 12
356988 18 8
6920436 16 110
42495 1 10
2296295 30 40
482357 1 73
6311684 68 24
7611 1 8
8181635 16 120
218056 1 37
1854764 14 29
222381 10 24
359466 1 86
1258362 32 18
283023 1 57
793338 14 14
435053 29 19
126667 1 29
98933 25 6
1149173 3 126
52553 16 3
8288526 33 59
503272 3 85
157029 9 12
59503 1 13
3359160 10 63
2747545 12 34
16558846 42 79
1032607 4 45
67127 1 15
3734909 35 20
384618 22 12
32453 1 9
232264 3 12
33353 35 2
2404870 57 11
1685170 10 44
1500734 42 42
186652 1 28
434906 3 20
6559162 17 87
266537 1 78
540857 2 37
417750 15 37
2642169 5 81
2859495 17 31
6935119 17 58
672526 12 118
1435096 5 95
3170055 16 32
7144074 36 42
718636 34 5
17574370 30 81
189594 1 28
946984 8 17
99231 11 5
197327 2 17
152600 13 4
1212628 21 11
1702486 4 78
531380 6 21
304985 23 24
10366592 83 28
241309 1 36
6542210 29 56
34400 6 3
1425786 8 28
756371 36 45
501739 8 17
1032887 29 60
236673 1 50
2273502 8 59
18431308 51 85
10241734 26 69
6533 1 1
818299 12 18
332979 1 66
339379 4 17
847248 11 62
2024110 48 7
976995 11 21
252325 13 4
34402 1 31
426278 2 46
760 1 2
619822 19 59
84190 19 1
327304 14 4
202290 4 77
2485033 73 7
1289038 3 125
129850 4 23
110672 1 19
3035260 22 35
73475 2 10
267753 7 73
7120006 45 35
98225 22 4
407451 14 16
9505 13 1
210581 9 10
3316652 9 96
152049 6 12
1786186 6 78
723443 18 20
1184800 4 56
3101549 19 75
416424 9 16
323878 16 3
23403 8 6
143007 36 6
268391 4 36
1128622 27 10
670605 20 5
2894116 21 25
466210 5 20
23821 2 7
1272931 5 43
2856 1 3
992532 2 97
402685 13 53
862604 11 25
1332461 11 33
1903757 17 27
47959 2 5
194196 5 8
11790560 66 31
1735664 53 22
428468 17 28
870761 3 45
3425614 9 59
79958 1 20
2328813 16 30
23265401 60 62
8943642 22 128
94625 7 8
1642013 14 32
1179023 4 89
2352483 7 88
25174148 83 55
842429 3 68
808157 17 63
191511 15 2
536043 14 17
153162 36 1
139322 5 18
205987 3 38
17139 3 3
375760 3 24
4203477 8 92
234273 4 15
21246 5 1
203189 27 2
91115 4 9
21097 1 17
6939497 14 72
97310 1 18
910623 17 24
8156175 43 39
33352 1 9
676755 6 16
438980 4 18
270544 31 9
247689 4 14
1382851 54 7
454131 19 48
191128 1 39
3935808 34 88
625326 18 15
134373 1 69
116602 4 7
424456 7 36
13375 1 2
915816 2 92
796319 14 32
86297 1 14
405016 5 28
6637071 16 99
183710 11 4
2462412 51 29
412765 4 15
32420 1 6
102333 21 1
28399 10 3
310910 19 4
2024202 27 19
1845130 6 54
1507421 31 36
5271625 44 44
523919 9 85
525208 11 12
361122 5 12
1648259 21 54
2535088 13 33
84137 1 39
354796 20 5
3089235 5 123
277488 2 22
1397378 33 21
8200558 41 51
6429847 52 76
188628 3 13
3025932 16 46
345579 5 15
1377514 3 69
923677 3 49
15105112 33 121
1036375 24 96
182959 1 41
3809684 40 54
11446 3 1
57006 1 8
1509556 21 30
1390390 23 26
164178 4 6
82859 6 13
8932201 18 73
2764863 5 84
49429 2 5
6600060 39 26
517618 11 7
2450306 6 96
13464393 69 43
1158527 28 10
2241375 13 31
414196 3 28
3010477 19 95
2110943 28 14
10241 5 5
21581 6 1
66241 6 15
6688 5 1
1191132 13 21
3370608 76 18
810843 43 3
251036 18 29
1332041 6 54
7688722 60 38
1364779 13 15
2340342 6 84
128164 4 13
6725809 24 68
66154 2 6
200056 33 1
1945476 67 7
7167234 17 69
264457 19 2
3788445 28 24
1623842 37 9
18411545 37 70
147201 8 5
3431385 7 75
2539768 20 19
70678 1 14
1095519 16 19
27044 2 11
691022 2 77
21914517 41 102
2790132 5 88
21015 1 54
1751218 6 55
59683 2 7
5428994 19 41
918886 9 26
6158001 24 45
4399979 14 43
162233 5 13
660187 57 2
109091 24 1
124556 1 99
574461 3 34
1114475 14 18
870638 37 9
1969519 23 15
1002294 18 25
128302 3 64
896212 4 98
77288 9 5
227381 4 12
1278978 7 31
1901428 23 21
77540 17 6
131976 1 43
2862214 19 41
17374294 59 47
4410407 20 45
2053981 32 9
539323 9 35
156199 18 11
3098 3 2
729523 4 37
843491 19 66
6744 1 2
300545 2 28
80250 1 17
7801377 45 43
2858 1 2
34878 3 4
557578 8 26
1406025 3 73
1602889 4 108
7945 1 4
262034 17 21
308891 2 28
2618371 6 66
2609379 18 25
2734976 18 40
5650264 40 54
13804897 29 75
362615 1 58
2016843 47 12
11986 2 15
3859221 10 61
1852165 21 14
14796 10 1
43189 1 18
1835092 21 14
2690669 7 70
2348139 24 116
400159 7 9
295917 47 10
727490 1 104
65762 15 1
369867 6 13
251649 4 9
1314299 14 19
214375 1 55
4212500 72 8
184295 30 3
2340387 8 78
578966 2 68
2506817 41 10
738601 22 5
8216962 22 79
1604312 11 36
259084 3 23
822490 24 26
1451665 5 108
6965 3 5
17173 3 13
79576 2 8
302361 25 4
3295139 24 24
656266 2 45
55004 1 9
371214 2 27
44021 1 16
333198 19 6
4750834 10 98
1204003 8 35
648751 2 56
1042410 18 9
1152053 22 8
79386 3 14
3736104 9 62
3440 4 2
1709884 23 15
5261697 29 46
5154927 29 35
8419317 42 106
5525 1 1
223114 1 93
356002 16 51
15222749 36 68
4005225 31 27
4914 1 2
108916 1 73
1130491 7 40
10894345 17 101
2250641 41 15
41281 7 6
237335 15 10
468586 30 19
6448017 36 79
1258494 41 47
112966 1 27
8864518 37 52
149568 2 37
125071 36 1
241614 24 7
25900 2 2
3083883 24 37
721 1 1
1784306 9 44
127081 1 33
21420740 35 104
637433 7 16
386901 1 83
15940 3 2
995800 31 6
411049 1 104
1152105 11 15
151814 8 8
81682 4 3
105249 4 6
2489841 95 20
342580 29 7
1062387 15 17
10337683 40 39
1441 1 1
794730 54 3
83273 13 3
58054 4 36
3390230 12 69
2272119 13 69
1334795 64 42
33101330 62 86
13581832 55 47
173721 6 23
686369 3 71
1197089 26 12
4509022 44 17
1175551 13 28
226836 4 8
3643323 21 43
16151739 43 55
236263 2 63
32070277 57 81
2759694 9 44
300627 2 38
271209 20 37
61230 1 14
11445 27 1
5628436 18 55
94189 1 24
10182 1 2
34049 72 1
1288677 6 41
2597323 11 50
91551 9 5
1480545 26 75
7449664 24 79
737328 36 32
56364 2 4
150620 13 2
1429380 53 5
187044 2 21
20396 1 3
335603 24 4
5997974 26 37
540644 2 39
11809367 21 130
624350 44 3
2045385 38 12
6575017 14 75
2786296 18 42
1705716 8 64
289062 1 44
41018 5 17
5245427 48 34
1175876 20 13
501153 41 3
1149128 11 20
491423 7 14
1761305 46 10
1054458 17 16
54513 12 1
1060146 26 46
148179 3 9
4075004 8 83
2200774 38 11
743296 14 10
4804073 34 26
338866 7 54
2667284 25 26
413443 4 26
2193026 17 19
460400 6 73
1382090 22 31
10727226 45 45
1852802 4 66
45635 1 14
4516801 34 51
41291 1 77
211254 15 2
256743 27 6
4799030 9 112
503869 13 33
5535849 7 110
1105260 24 37
266107 8 41
127310 4 68
692150 2 70
83275 22 1
194671 3 61
508857 18 5
2098819 11 50
23639572 90 52
17893 7 5
192457 20 2
303867 9 8
188903 1 73
3592846 12 47
84985 2 8
142290 4 79
259237 1 51
12116558 55 43
391670 17 31
392063 11 5
4402762 67 35
383350 10 23
70789 2 14
141146 15 2
278382 1 56
306008 1 78
660405 7 25
448696 9 49
6963181 78 16
13440 1 34
2508516 33 18
2595084 8 68
242564 1 72
88682 1 19
1861873 22 61
916420 37 29
21948683 43 75
753409 3 76
2541224 10 93
2486291 45 20
389555 2 77
236109 1 39
4291944 30 31
5999741 17 79
85809 2 9
10191694 23 100
2440575 10 69
115306 9 9
84253 2 60
233855 18 22
3951567 16 57
490902 20 5
33813 2 4
508536 4 34
14090 1 2
198613 4 8
6184925 32 42
55650 1 12
10896635 44 53
485536 3 29
1352421 7 33
20132125 82 50
372650 8 8
312296 5 27
189078 7 8
4332672 11 68
272103 17 3
31539 4 2
110769 3 23
6629714 14 98
6588498 58 28
6109014 33 29
138863 3 55
1574245 12 33
4166 2 5
146664 1 46
173859 6 8
19756463 75 59
71528 1 18
19406 4 11
1705268 5 67
2084529 14 30
188822 1 40
203754 2 15
739147 14 14
405440 14 76
93440 3 14
1037864 3 48
455493 29 3
37622 3 9
136622 2 37
2313854 7 53
2968018 39 20
1488586 20 15
5177425 11 70
137063 5 35
344915 1 82
106141 26 1
190046 34 1
6605148 43 24
4007368 16 65
2055352 5 107
7040996 32 47
5896 1 10
3433529 7 114
477707 12 8
64340 2 33
1335067 7 47
212795 1 36
1788567 5 49
5120351 17 62
1133050 28 93
34018 1 48
54851 2 12
185716 1 26
3741618 12 51
2327287 18 34
499591 18 24
21067 7 8
7660866 23 90
69039 6 8
461126 11 7
501791 90 5
653631 5 26
53683 7 12
203276 9 6
267268 45 1
275227 3 17
5157273 27 36
681053 9 16
3669030 14 44
42496 9 3
2515040 11 49
24261 3 2
1000338 12 97
9079917 19 67
4550411 11 59
200637 2 24
1257650 8 30
1192978 42 6
1162853 22 38
716642 9 13
2389199 38 14
3846706 31 37
92247 1 21
8783533 53 44
849 1 1
49675 2 5
5156783 16 53
328540 4 50
117591 6 31
464984 6 92
2299121 22 58
5256628 13 59
1413518 9 27
1389173 16 12
290558 12 5
3578386 22 64
3904172 10 87
7386 3 4
438305 19 59
883688 5 28
123166 8 3
131182 1 33
636175 16 35
614737 31 5
190497 2 77
408762 4 14
7287777 22 61
1986164 20 24
166759 9 7
1269460 2 114
255089 29 3
751783 5 37
45540 5 6
355847 1 66
1028961 4 40
733744 39 9
102489 8 2
188439 30 1
6117945 20 42
1243662 22 10
69109 1 19
50345 9 1
999506 13 11
322050 3 19
4986495 18 74
207191 7 8
647576 27 21
185381 11 5
14941179 55 72
1351402 23 12
1112300 9 33
3276 4 1
794411 12 16
1894858 35 8
204137 7 63
29953263 73 84
229197 3 16
457827 6 123
120198 23 1
133480 1 24
5197441 28 92
17538 5 9
1086425 39 23
885178 4 60
120906 9 24
1978178 4 78
11282309 17 99
133616 5 63
795134 9 33
17500418 81 39
10260012 16 110
903407 2 65
11832 3 1
3908657 19 79
2437392 5 69
3080942 32 52
9212031 28 70
175850 23 2
571511 3 33
34064 1 9
6936377 9 108
4703 1 2
34724 2 13
1277647 26 11
5926403 33 44
86387 1 14
12079693 24 101
14575956 22 92
67925 5 33
5128 1 9
101999 1 38
879224 11 34
186935 10 50
3526103 30 33
104070 1 28
1370956 7 33
1101562 8 40
628883 49 29
6478530 33 83
10648447 38 47
3630387 52 10
174174 28 5
5643537 88 30
5423226 25 30
461016 1 105
749434 10 20
128629 1 51
1243980 12 47
2657338 39 16
4022122 14 80
11932359 52 38
219959 2 44
5907875 27 69
700155 27 26
1875623 5 55
45747 20 2
202099 3 14
7017346 34 89
9396017 26 60
1394659 41 8
1923223 11 27
362977 31 5
198267 68 2
195145 20 16
12118 3 11
431814 4 98
282279 3 105
1967118 31 56
423529 14 45
503692 3 61
54791 2 7
824087 5 23
359556 20 35
16333906 68 116
62304 1 11
148368 18 2
13263606 24 120
1093273 4 65
7058492 75 25
12685 1 2
646507 17 9
6250348 22 46
159274 3 52
179248 17 3
8946747 19 76
2547976 12 54
7399516 12 96
300511 5 43
92304 14 1
147401 20 11
118343 1 23
4972433 12 89
784208 4 49
3764305 23 80
284593 3 17
253496 11 6
9558870 34 45
97268 13 3
5100717 54 94
211778 1 35
1015932 2 115
415477 2 39
1200644 23 11
655527 8 12
40768 1 10
2184091 44 7
565508 17 28
139095 7 23
1196445 14 57
1011875 2 74
1249304 10 32
1174841 3 123
353334 3 90
145530 19 2
2240594 45 14
976975 11 18
2794590 31 21
356338 39 7
3132893 21 72
353576 6 28
8656946 33 43
890739 36 25
797625 14 9
140887 6 5
4033214 26 42
544520 11 43
230624 12 4
524743 3 48
7154688 24 47
6014747 15 66
16484902 34 83
2535307 11 35
214149 5 6
552007 12 12
194800 2 14
4101327 30 38
39824 1 18
9365881 27 74
200425 10 19
488303 20 63
690508 5 34
20217 3 5
61421 1 10
222475 1 44
1729484 20 21
617610 48 2
31968 2 20
5286277 27 50
730160 4 44
280220 43 3
514812 3 24
85796 13 17
2109232 10 35
4263 6 1
28877 1 50
2550407 19 27
10992714 45 55
1335726 10 29
77046 2 33
472586 18 21
10545003 24 94
3782851 30 26
157173 1 27
402017 3 99
30889347 50 133
195359 9 3
1857701 28 12
2420332 15 70
12649221 26 76
606370 3 39
72861 8 3
7087 8 1
838617 13 22
1686648 9 85
839273 47 7
439767 32 6
342959 1 49
8629420 20 78
422382 9 14
722986 47 3
164112 4 53
1213154 37 16
898188 61 3
419390 3 48
44377 7 1
798866 32 15
675272 5 28
5425618 20 67
201668 4 9
2027000 4 100
28293 1 30
459020 29 3
265653 7 25
2354766 16 27
734780 3 55
887625 6 27
2990156 15 59
481138 5 19
46540 7 1
79097 1 16
1199146 3 92
453543 22 4
953326 18 11
4034179 24 27
2230358 62 25
1824939 7 49
226088 1 52
55358 67 1
363087 3 29
2350155 27 15
215347 3 17
79976 1 39
1044693 7 39
64821 2 5
94468 9 8
1149576 8 21
413658 1 85
364247 26 13
3259840 17 33
2250961 18 26
450529 7 30
903449 6 32
7689999 51 75
457788 8 17
95267 7 3
17841 44 1
518047 11 12
13985914 27 79
594734 10 15
234614 3 14
247406 3 19
16186494 59 63
1257435 12 20
227171 20 7
27843356 48 108
288254 2 28
818624 16 8
1069566 9 31
746964 6 27
13450 1 5
23256 10 6
2315180 43 8
153106 34 1
632721 17 59
4634147 15 54
26380 1 17
57676 39 2
331533 21 15
1437454 12 35
12129 1 22
291066 3 37
212311 10 25
3486877 22 25
17533173 34 87
185874 1 39
104424 1 40
455630 5 33
31260 6 3
2124134 9 39
13649189 64 34
5001285 31 41
71237 7 6
219474 4 15
413650 8 15
4096946 30 21
127238 6 53
359639 3 67
1051818 5 39
153587 12 3
90764 1 18
2338477 12 100
2276606 11 31
208203 2 84
529720 4 32
224762 1 50
47454 2 6
1898265 17 29
76940 1 17
2629899 11 52
846236 42 51
3315864 5 91
19977 5 1
27425 1 29
275654 2 108
9865155 63 36
1261693 7 36
31131502 48 93
1427032 37 56
607682 5 32
381216 1 64
1310673 4 89
36806 4 2
303143 25 21
306694 15 4
2036510 4 111
7500866 73 18
49913 1 9
586571 21 16
37377 1 76
2070060 37 8
480449 16 6
1154462 10 18
9266140 76 49
3258839 7 65
1077665 21 8
8545576 15 78
309124 2 41
18865 3 10
1524 1 1
3464231 23 36
1561257 11 23
235378 2 20
639458 11 15
216878 1 38
239932 1 47
414520 2 46
8879531 21 112
157682 2 17
43825 4 2
1625730 4 78
412526 4 23
368887 1 88
54045 5 2
846920 7 28
4289313 24 38
664102 10 75
507850 23 5
38359 1 7
75626 1 13
275371 8 51
339465 10 29
114046 1 23
1049048 4 64
4821272 22 33
141190 4 37
157096 5 8
462482 16 12
1500485 20 26
1512901 6 69
802473 21 7
268615 16 24
2939543 10 60
284627 1 47
45232 1 13
65777 5 2
4644 2 1
1713379 7 51
298197 8 7
1514087 9 38
15850 4 1
348457 11 6
164690 4 6
3748696 16 61
407399 43 2
370633 9 30
314315 8 30
3236439 29 29
73310 1 90
299045 11 5
4109570 22 51
722545 11 47
2607912 61 9
9714862 29 64
974752 9 22
989942 8 116
161208 12 13
4479352 23 44
10296625 20 79
339890 3 61
244648 32 5
39207 1 35
2572224 11 60
16296 1 31
631734 15 51
13393560 30 89
5793058 24 43
40210 1 53
3401350 26 25
5113 1 7
2153061 15 29
34679 10 3
1805533 33 26
441314 12 6
514451 24 19
661428 3 56
2101 1 1
239315 15 3
260668 10 4
136181 10 3
2778827 39 70
2362756 6 63
5709712 30 40
2730083 16 37
1289180 7 87
5004374 26 51
530014 1 82
1055787 12 14
2355441 59 10
267349 9 14
545148 13 10
23486474 69 53
670871 27 6
4762236 38 27
48842 2 9
51230 8 1
2034721 44 10
1423922 7 63
546078 45 4
131176 4 8
489492 10 8
278932 1 72
2934733 27 37
5464337 51 18
3445213 32 18
8808003 66 33
18362226 29 92
2812073 25 67
356833 5 37
18291727 40 87
146726 2 28
3607948 55 44
719726 5 112
551344 8 22
173910 1 52
11975823 29 79
167694 1 33
5267063 9 95
2051666 9 54
2203176 27 92
774333 1 116
429324 1 66
2398390 14 85
46938 6 6
270870 2 20
160626 32 6
146808 2 16
2325188 20 16
2254045 12 37
22031230 72 77
10794551 23 95
7793356 21 59
7776320 15 81
1379035 31 93
198037 30 5
9183801 50 31
418321 3 21
327503 2 32
25256 4 1
19617 6 3
4485 2 3
9803 10 1
30521 2 17
455882 14 7
1007229 66 23
3867540 10 85
32279 1 14
36885 3 3
514131 54 2
784672 22 5
995616 6 27
4598 3 3
139933 4 5
553583 2 49
629360 22 12
225860 2 105
219372 1 50
41736 7 1
153197 96 1
225889 20 2
1680643 10 25
3129943 11 67
5680007 41 24
515042 28 16
855990 19 7
68535 24 4
890446 5 48
3576468 14 77
1109734 10 54
277355 4 12
828012 66 5
30962 17 1
61219 9 6
410675 14 53
684005 47 2
1159411 10 23
313066 4 69
862443 2 104
298307 6 7
671669 19 6
7650839 29 52
187401 1 35
694525 2 91
69303 5 15
68280 1 11
456526 19 4
403002 88 4
1098917 67 21
1133907 17 62
4058902 68 52
365855 2 32
1139085 2 114
25345 1 6
3487624 10 51
9494401 26 70
12925305 21 125
2242883 5 68
303482 1 42
265078 19 5
13325126 85 86
351195 11 38
154496 1 118
25940 6 1
10904 5 1
1636807 7 57
26102 8 3
28486 1 4
428668 27 29
19265498 29 101
65657 1 11
685974 14 38
5468539 14 81
731186 9 13
242268 29 2
4113953 26 37
13580089 97 45
1173751 36 11
2023023 28 11
694720 27 32
850185 18 11
3210888 15 51
4893152 42 19
966056 6 74
11629331 65 41
1419866 5 53
3517856 12 47
305088 4 14
131678 1 29
2968107 16 26
10502879 79 33
2258905 31 12
13032 3 6
198528 4 10
1649677 28 10
326875 1 83
2868729 23 25
252545 14 4
2713795 4 108
547344 14 8
218016 7 8
38946801 55 133
251295 1 51
504260 6 15
1427461 40 26
651175 5 26
180830 17 8
264869 30 13
140507 1 34
563312 18 50
363379 3 32
996923 45 4
873833 14 57
10137257 56 102
28526 18 2
30494744 100 63
201861 8 47
760450 2 66
4506468 28 29
2636381 20 24
8223455 74 23
1120923 8 20
7296229 33 52
174582 15 3
649670 8 105
604160 5 47
10669 1 24
13371 5 5
516702 4 24
1055776 9 28
3819627 15 51
1420979 6 39
2308949 7 63
4335562 20 38
173056 3 13
1711642 12 88
977638 18 30
1452569 4 55
95822 7 7
764334 55 36
7085852 35 31
629899 6 17
329255 11 13
472193 5 20
6686497 56 28
446714 8 11
26758 3 7
494811 14 5
5480565 24 51
1733653 27 14
21727 1 4
236455 4 10
974053 10 19
70798 8 2
296808 9 6
6389334 25 58
904186 9 18
6564 2 2
6224578 31 56
86951 25 3
1065979 2 98
12653375 62 38
630231 14 9
3208219 21 41
241608 3 20
202470 3 13
4108979 12 52
5175443 65 31
249234 21 6
47614 3 7
30116 1 70
645698 5 30
113736 4 5
179496 11 10
9302597 68 21
6160349 30 52
43337 1 8
216541 2 61
495839 1 113
8259444 18 70
549807 22 42
9089266 43 46
49274 1 44
174105 5 12
3090152 51 40
531931 5 84
5204508 61 95
789181 10 15
810046 2 80
329994 4 17
1121215 4 54
53170 1 9
74166 34 4
31820 1 10
1783170 37 46
2093983 5 98
325767 26 3
737086 3 42
235729 26 3
403077 4 15
10691 5 4
450198 2 41
547642 52 8
17829 5 1
2969 1 6
2098665 60 67
163913 4 7
3165952 41 12
19155229 65 45
2069720 63 8
5501913 11 108
11325616 38 72
25942 1 26
25937 1 7
947315 3 69
257749 3 46
62134 11 4
82560 7 9
5194 2 2
92450 19 10
308043 7 14
97565 1 20
1675545 14 109
768189 12 9
8445817 40 38
26516660 92 65
6026056 16 92
9619401 37 53
1037350 39 4
5350150 15 71
7647504 20 72
1695886 5 49
2723388 44 16
2568130 8 109
260351 5 11
605459 2 59
745253 5 32
404518 5 19
202342 1 37
156186 3 50
13663490 27 83
666007 2 56
416578 5 32
181992 3 29
157144 1 38
67846 11 1
70232 1 13
8331199 30 54
2212423 4 92
830946 9 85
182234 1 37
4405928 44 26
1945364 30 9
63145 7 3
2325981 9 59
11743 6 3
6183156 15 61
1032822 10 50
697544 7 46
303080 6 41
1690923 24 18
520439 2 42
2971896 9 60
127921 1 26
829915 2 112
260844 2 27
1386303 26 69
933086 8 27
84639 10 2
48531 9 4
22446 1 25
1216585 22 53
1271 1 2
4918118 62 15
3141702 23 107
8535337 40 31
698171 13 8
3572161 12 116
1398334 39 8
244479 1 60
844426 11 14
5394346 58 66
110557 1 18
594479 7 14
704930 2 54
162245 1 33
1910872 40 55
9733 3 4
480020 6 100
50463 1 15
5752802 44 20
390782 1 87
21975 1 4
12557241 57 52
17638892 55 58
1222781 24 8
115183 1 37
206118 1 32
41659869 80 77
41542 2 18
1722541 8 39
41365 2 3
308355 14 32
158193 1 24
6348085 17 74
111598 1 23
883328 2 61
604800 69 15
273299 3 16
178493 16 2
16461 1 10
140278 4 11
268704 3 22
1412079 11 29
6037575 70 15
5975391 12 91
5107762 22 35
64730 2 5
276418 56 5
1026935 10 58
558636 5 96
76904 1 41
358411 1 57
1587585 41 6
123991 1 20
167656 8 9
1558929 18 20
131326 5 60
5843769 43 27
1290719 9 36
1865632 7 55
1853757 4 70
393680 3 24
53837 1 71
329167 3 30
1018101 5 33
306155 7 87
2270021 6 80
1238691 2 94
5000 1 8
58706 2 8
505896 72 4
3163613 41 14
122124 5 33
143021 2 12
780557 22 9
9605 1 6
550565 13 70
202563 7 6
7189 3 1
7161343 22 72
5599050 18 45
3405030 58 10
625 1 1
7314409 12 85
203664 29 1
234522 36 8
1572101 4 77
115918 5 11
250211 6 10
114286 1 103
10895848 71 34
960384 17 16
57427 1 21
3089924 32 17
5504113 9 118
366382 1 69
670189 9 11
73093 6 6
21203 5 1
152729 4 6
74964 12 10
27201 2 9
430209 2 46
16294473 58 48
199567 1 56
2832610 41 17
1165466 4 49
4372646 12 58
19550 1 5
432148 8 12
22800653 62 80
276351 10 75
636277 15 6
26602100 76 88
18427 2 7
114325 1 28
314652 25 2
2937219 19 36
80488 3 6
135227 10 2
487154 1 81
5148911 15 61
4956317 40 23
992337 6 32
1544668 69 12
193724 3 10
2100654 35 21
203983 15 3
511206 8 12
2270325 11 48
79989 2 32
11526374 37 64
21994677 65 89
465960 2 68
194973 25 2
47414 2 11
158128 1 33
92429 11 2
74146 18 1
236545 55 1
65776 1 103
26610 1 4
90451 2 19
2524143 56 44
2895303 6 95
5399121 39 49
1468541 13 19
565389 22 14
2601627 14 37
1484047 5 54
3229861 10 55
1077902 3 50
216263 1 52
3076 6 1
10052920 58 40
39894 16 4
830042 14 16
318692 3 25
43658 42 2
18154759 40 70
463690 9 22
1435296 7 56
3712022 54 55
1617494 34 12
621246 2 43
1514877 12 26
15569 1 21
492809 6 22
3043003 8 69
485803 4 42
23155 3 2
1024883 3 55
11791 1 2
86137 10 5
151821 16 2
1763845 23 25
140202 3 8
5061086 24 37
1090483 5 33
810821 36 19
472344 12 67
2332178 13 88
376934 7 14
1520456 18 64
361549 1 54
5424854 69 14
1206720 12 14
17409 1 8
43318 9 3
34814624 63 88
39533 1 9
605448 5 60
11808 3 1
187120 2 33
2782424 11 51
1447391 12 23
60763 4 4
129163 2 16
231407 43 1
3787056 70 8
480353 8 16
6217677 41 38
6737662 35 37
8731402 23 86
1430400 13 17
10821476 56 58
138607 9 3
10682347 24 79
3134792 14 40
131377 1 32
82466 4 3
162398 4 7
2970160 14 107
16308043 60 50
5770384 13 76
672041 31 5
135493 1 21
164698 1 28
61178 1 14
2901277 31 29
711433 9 58
2570185 21 23
1286819 6 43
2501317 63 22
24220607 49 80
852583 4 40
978195 29 6
2004130 5 71
739848 2 99
151941 4 92
17295487 29 83
3358929 25 75
111110 4 24
3104718 45 50
161635 1 24
4107130 28 47
2798059 22 34
268012 41 4
8759700 30 48
4753 2 2
101691 1 14
99021 3 8
2009539 21 30
1448336 44 66
392143 4 19
3662840 9 88
188091 9 27
314337 1 43
66613 14 5
140002 1 20
456505 17 4
352635 2 57
22876 16 1
374027 27 4
4410489 26 34
172249 63 3
280531 8 10
344682 2 37
13228 10 3
4456929 25 32
2488484 11 34
6450839 77 30
5590919 18 74
4219995 21 36
601532 5 24
160083 1 52
39416515 81 89
651142 59 3
3051530 13 33
2346086 65 9
39474 1 28
7574286 17 90
814337 25 30
841230 17 9
33423 1 25
4540 3 2
31852 5 2
552352 23 12
250482 12 33
2185 2 1
592735 30 48
240700 1 44
3690667 15 39
480381 55 8
680963 16 8
193494 2 98
6575478 30 83
90982 1 16
123131 10 7
343311 3 23
250428 1 50
1000203 12 101
523244 14 12
6111509 24 52
474604 1 87
617393 30 8
5829850 26 84
1922169 7 86
42087 1 13
2321380 16 30
13938905 70 30
699799 3 36
1107018 20 26
201880 4 13
74033 5 4
201728 15 2
7730368 27 50
1888063 8 51
819798 1 123
460375 13 23
790528 11 20
238463 1 43
2744855 41 31
1359092 28 12
4023793 40 14
25971748 58 90
478299 5 28
30933 2 15
401053 11 8
81661 2 8
364079 6 16
6451404 28 55
55822 1 14
297210 19 11
177005 2 20
283136 3 16
385853 12 6
164805 3 8
309209 10 10
8586647 33 37
257657 11 18
165700 8 3
131073 11 4
53928 1 10
205392 1 33
881142 4 55
297698 1 46
1031643 23 9
335203 2 71
1899 1 1
1196379 19 14
4316830 24 58
436987 2 30
509593 4 37
28755493 56 72
1518514 9 49
174277 5 6
711679 23 5
1623105 25 10
8560 2 5
7312169 28 115
4732432 55 17
531173 2 46
310234 12 5
313753 17 3
375667 3 18
1344997 15 61
61512 1 29
10426743 32 49
2992198 9 48
340290 4 23
593655 7 15
453216 46 2
645020 13 12
2164684 17 32
13285300 26 105
531169 2 43
39811 3 4
640297 11 16
631206 3 57
6313 1 2
8927373 23 68
1394645 8 33
11605100 59 28
74762 1 61
1018478 7 86
4162949 23 34
1610903 13 22
11232 1 2
5221834 10 76
706684 10 91
837744 6 24
227200 6 61
102778 5 24
196395 33 9
4037960 8 111
926484 4 61
14890025 52 72
2632826 70 15
187179 2 21
614088 1 104
43943 1 19
70384 16 4
349585 2 37
1718390 26 15
1704180 14 58
494895 7 22
7425143 32 62
102110 4 7
25568 4 13
1909130 12 24
51326 2 6
4304957 11 112
1628832 11 23
13708184 29 87
9751993 52 72
1985914 47 6
408118 9 21
39372 1 7
19143 5 9
107484 1 33
1437949 8 39
206593 5 14
597466 2 57
228202 2 18
583540 13 18
4856871 38 81
446280 5 59
264176 14 34
881241 10 19
55912 7 2
7136336 42 36
5192178 21 53
2106255 24 19
201808 12 14
66780 7 2
1555173 19 40
4454248 19 34
101798 8 11
54637 1 14
506531 9 72
228743 12 13
7299330 61 33
19258107 34 107
1828882 21 33
48193 3 34
219603 5 7
2135279 9 39
285614 21 34
389647 3 38
444251 3 25
1090499 15 18
2021 1 5
2101459 9 36
1047226 22 7
349365 15 37
386277 6 9
400981 24 17
136578 2 16
1383101 21 26
6000 6 1
1038078 11 19
23851 1 6
9341399 71 38
85522 16 2
461628 10 44
1001743 3 84
44547 13 9
1225006 4 76
3268473 25 18
6288324 27 59
2217335 10 46
35968 1 14
1132933 2 80
4237672 20 65
34520 1 43
571417 4 20
107473 1 15
260981 28 19
18896835 48 92
4347355 23 36
1208037 40 69
2582640 17 52
998464 3 57
5221665 17 69
194960 12 17
113304 3 23
173004 3 14
766251 19 10
59331 21 3
19487 9 3
623393 50 24
152325 7 30
10760858 41 65
209067 1 35
90405 1 66
3795199 59 22
5928240 62 42
24479 1 61
432882 4 29
681737 5 37
225461 3 14
22337073 63 95
156390 5 37
328946 1 65
2366190 4 92
945213 2 93
543360 5 28
2653891 9 50
2530411 6 98
3381769 60 16
1226637 17 25
52282 4 2
7142800 48 60
1066556 67 4
243444 2 20
2684410 6 88
17406 1 7
336640 1 78
249314 4 9
31158 1 5
63488 3 3
173478 2 37
161389 3 12
485026 8 10
3797855 21 65
159250 4 23
7048124 20 96
77501 1 16
930639 7 29
67590 5 5
37280 14 5
1361444 31 10
237695 16 4
1292732 10 36
237797 9 10
2812127 14 33
2063658 7 48
120144 3 55
1376806 6 40
153833 4 10
4204333 21 58
151202 30 7
111270 7 3
1081385 10 71
6676853 75 22
527404 5 23
1503325 3 92
282346 1 47
2374867 27 28
2378433 18 41
9945 2 1
2561568 6 79
2169528 15 21
69392 1 15
14054658 63 116
4733 1 6
4056691 20 50
8443160 15 110
1167435 3 98
576570 5 23
339451 42 12
43462 2 5
190798 3 36
287857 11 32
8432241 12 101
1039125 29 25
203760 6 7
3242296 48 25
32479165 66 73
190110 1 44
3677806 29 100
138796 23 1
204518 20 8
2270367 11 68
1123544 22 12
812834 17 12
121728 1 96
26641 2 2
604947 33 18
112478 27 1
2130589 6 60
608246 20 23
167591 1 32
795839 11 10
3183505 36 16
1800090 11 26
579505 8 46
4281046 36 25
69458 15 3
1779631 53 74
12510730 24 128
12543160 68 38
937553 3 61
5136094 10 125
618992 7 102
37635 5 12
358108 6 119
3793148 18 32
44477 1 69
353874 1 63
149877 59 1
391978 6 14
162038 1 63
30547 9 2
1503887 36 9
2044783 13 89
5581188 28 34
341799 58 11
55549 11 1
1257197 7 27
153783 7 9
91475 2 9
1108307 2 86
241246 4 21
103739 7 37
745809 15 19
484308 8 11
2464718 14 32
1475805 19 12
378543 2 105
7624052 20 95
43539 3 20
7950 1 2
18652 1 16
644326 28 6
43290 1 47
16810754 43 97
207085 6 8
10168603 17 93
7586960 41 31
533552 15 36
15083 2 4
1165559 41 4
1065664 6 35
1681507 35 51
63941 1 12
39343 1 7
239212 4 14
2868743 13 57
7767 1 2
10759540 41 46
3114499 15 37
1153555 47 6
712923 4 30
690420 5 24
7543 2 1
4283 3 1
4360253 23 42
5050367 8 99
4298053 18 33
110733 2 16
2013288 6 64
651090 5 70
2031389 16 119
25491712 75 56
652928 27 5
4604844 55 21
1291248 49 5
693827 5 22
429780 29 3
276827 11 4
4567971 22 29
175421 4 9
11804675 55 38
406004 1 84
1470583 6 42
4230163 6 110
6076365 25 98
2690142 62 31
43442 6 1
650612 2 45
17370 3 1
731337 3 98
911582 11 16
959058 13 73
936652 38 5
4006519 29 65
1510463 4 54
43072 2 4
202337 30 1
4216 1 5
2508708 11 47
2383214 19 31
41930 2 18
317245 7 10
122558 23 11
422941 6 21
6151610 29 49
49489 18 7
332612 24 2
373001 7 106
70825 7 16
7474694 55 31
14971811 43 51
402249 20 5
209968 5 10
182538 1 30
310654 13 5
1169389 5 48
1814196 11 43
784134 3 69
135933 2 20
274125 2 20
527985 4 42
38597 2 3
91231 6 4
67299 3 40
195987 12 27
1868183 23 17
120472 2 20
86919 1 15
14880 1 21
4339181 10 71
329740 11 76
3246043 22 31
94736 1 22
2972354 24 30
9788249 44 58
1115710 6 28
1982315 15 103
275298 12 24
736816 18 8
1928770 8 43
31646 3 7
124752 16 2
152375 8 5
927260 34 7
18907762 42 63
392357 4 26
245519 3 13
409307 52 13
12694 3 3
10578516 62 27
5070874 60 12
4429094 7 122
311208 9 15
4595563 31 36
6624529 28 52
472904 10 8
9314580 25 51
5150446 21 67
1064574 16 16
1553059 12 22
1096223 5 49
2107440 31 18
169775 21 6
262430 36 18
2746817 12 63
2775223 18 38
21090 1 9
70914 2 15
75265 16 1
614122 64 2
3269767 41 19
15609 4 4
25084 2 14
92549 1 63
3391643 9 75
663359 2 77
3340744 12 50
86850 7 21
2005167 11 68
845657 6 30
14135761 37 78
361113 2 60
4684114 17 58
6153862 10 106
106319 2 9
7403328 14 88
385833 18 5
2547477 7 80
18683275 44 88
1483174 6 115
252985 1 71
4959308 15 55
2675018 6 67
1551928 13 20
5347980 64 18
1710493 3 92
5934442 39 34
2176652 23 14
254692 2 20
378465 6 22
44496 17 1
37763 1 9
6562676 70 24
1424943 21 43
5984496 25 48
1757173 33 56
32801 2 10
160992 2 12
2001095 35 22
173836 44 1
154412 17 2
337821 5 11
3007734 23 20
13126 1 2
2672816 19 21
6810876 81 66
5711591 15 97
1599820 10 36
612683 5 22
183810 55 5
337168 5 16
154899 5 5
1649599 23 29
836865 6 24
317418 1 48
8612046 54 45
16628120 43 65
74038 3 6
93458 2 9
7838648 83 13
211677 3 23
631893 85 9
82970 22 10
1023337 11 15
287476 1 116
6412983 30 109
9426849 92 22
939982 5 39
17862 3 1
26360 1 11
63124 9 19
17718 9 2
1662657 20 84
51547 2 7
240074 2 77
60370 2 5
2494798 36 14
448079 9 11
48391 2 4
140252 1 27
1437267 44 25
715386 3 43
900379 50 6
350405 8 61
122584 3 10
256156 50 5
36261 2 4
83676 14 5
460503 4 27
5654632 22 41
1574038 8 32
5267021 13 79
43083 4 6
26215 1 4
26420 1 27
7605 1 2
5881642 64 31
807588 11 40
62800 6 3
3090949 26 21
1091650 25 22
100819 1 20
64523 15 2
787032 13 18
1065363 18 10
150178 3 28
849699 46 3
209532 44 1
501667 11 12
4413055 20 40
2257030 10 90
788373 7 28
4966679 11 94
371396 10 8
183054 37 2
75676 1 11
1628362 21 47
8548701 25 64
1171892 14 13
283338 33 23
3827602 58 18
15704 1 3
353561 3 25
37509 3 3
140235 8 20
978393 9 100
292764 2 34
44813 30 1
100436 1 35
3904024 9 60
8999255 69 28
57548 8 1
2274430 22 22
1574243 3 83
10313823 34 74
14181639 25 89
1764820 9 37
189297 12 19
14596551 43 63
3889097 48 16
132561 19 1
107611 2 9
15416 13 2
80938 10 2
514910 11 10
117711 2 14
170434 4 20
20629 5 5
1118269 11 24
136638 1 39
2179749 7 72
7224 1 1
5828879 25 63
8936646 27 56
506483 28 8
217230 5 26
8958357 53 75
138677 6 5
7262135 26 44
649239 43 4
3719339 22 34
2329558 33 11
3251844 75 9
511685 2 66
19444800 35 85
8545947 15 101
893778 2 73
39703 1 13
3084167 15 35
214499 19 2
104430 3 6
1843653 20 16
1500193 18 23
5404667 15 89
620954 17 26
3226653 43 18
148641 3 8
379432 1 55
147101 1 61
1305010 34 39
133242 3 51
625306 2 82
66248 2 17
291043 4 21
51848 2 15
3122353 28 30
629878 25 8
471693 4 26
13315565 51 71
561300 5 29
297746 1 43
322233 5 42
385727 7 88
803691 6 25
41982 1 38
575682 4 42
41770 11 2
1368193 3 73
162059 1 31
1244034 10 19
15552122 35 80
9536433 16 92
6927127 40 37
480857 4 41
470294 4 17
870253 11 19
19884 1 13
231871 6 62
186384 3 33
37800 3 6
42711 7 2
2036120 4 89
3630641 23 72
7666092 16 78
160678 12 34
4953087 61 19
240422 19 16
142505 11 2
121685 3 58
116820 4 38
408857 2 33
189951 11 3
53049 1 17
3229838 65 30
659672 19 5
543784 9 14
493732 1 68
361450 4 28
4084137 64 11
319885 8 9
6120019 56 23
9092965 41 60
1693824 20 16
58958 1 18
64062 4 4
42820 1 6
2291158 40 16
19448 10 5
1320792 2 92
1500919 5 74
713362 2 50
195748 10 50
45907 6 18
96100 18 1
1420833 6 35
98554 7 2
25118 1 12
3180196 30 44
7245416 47 43
4649189 13 63
618944 3 38
396927 2 46
427758 8 12
96476 29 3
2393 1 2
41588 2 26
5294807 66 63
242284 17 18
12141711 69 40
1706623 15 65
19098 1 10
318621 8 53
918749 11 24
100416 18 3
339807 1 103
107277 2 43
97626 7 10
65937 6 15
512282 16 11
9996 3 7
7007551 71 24
1104108 5 47
134213 3 10
132439 41 1
897274 45 16
100510 9 23
283772 3 15
119496 22 1
1769330 21 22
6540 4 2
42078 7 1
70797 5 2
500601 1 99
1193580 12 24
2186968 17 19
346215 2 66
3941372 21 43
4203466 11 62
3168642 11 75
270896 3 55
390451 8 56
1365914 8 40
845907 9 58
246800 6 8
1253082 5 73
186673 15 2
124068 2 41
146951 1 23
7005118 52 21
81900 1 22
3806314 36 24
56248 1 35
123618 1 23
283891 14 40
403143 4 17
21857 29 1
5858385 16 55
7371686 18 102
4029817 20 29
73269 1 22
5194641 102 20
101020 1 14
647080 7 21
316335 7 11
1180071 5 33
33224721 82 74
70987 2 9
215587 5 10
7974 2 1
5685 6 1
11537676 28 85
348263 2 32
660118 4 45
1405316 14 58
1116153 4 71
33981 2 4
850335 4 41
84742 1 36
97100 10 14
12639 1 11
242540 1 55
4399227 12 98
37641775 64 104
4301696 6 116
486502 5 18
294491 2 27
168441 9 3
1393909 15 14
26869593 50 103
257125 16 4
21191 6 6
23410 9 4
14064 3 12
214756 8 4
5877743 28 42
13199 3 11
547725 7 20
2428993 34 42
31799901 55 83
33538 13 2
3255563 15 86
169783 3 12
1348757 2 114
69387 3 4
497372 9 18
3923371 69 13
105061 7 3
555275 4 19
761405 12 18
15745642 55 49
32819 2 22
259640 2 25
395700 1 72
2217800 16 26
1832924 15 19
1251185 12 119
71423 8 2
801112 11 21
530642 2 72
1677084 5 76
3405792 16 37
2051065 7 50
4042510 27 39
2626775 19 26
398471 8 12
10256 11 2
5621865 50 36
966227 8 33
10750 1 7
77432 17 2
537783 7 27
9598555 17 104
2076728 8 89
18781217 100 36
204987 9 4
2986635 16 36
24872 2 19
258736 3 23
330253 55 9
134893 7 21
60356 4 4
2756224 46 9
5982003 45 28
223402 6 10
203789 1 36
337529 6 15
89247 20 2
5872368 35 32
12669 1 14
37044 6 5
13853758 50 44
930559 10 21
1139985 4 40
167694 2 40
217165 11 20
1205656 43 44
7286928 59 20
2511120 23 16
14678026 37 66
1049485 84 2
101455 4 9
670903 32 21
188940 3 26
7543830 49 31
4277078 7 85
3016360 8 71
13392 34 1
2798773 7 74
3751280 21 29
6918037 12 102
179284 9 9
44941 1 24
229683 20 7
1048411 13 54
135848 17 2
2738118 15 73
251375 3 13
79443 10 7
10392933 25 108
329868 5 16
273930 4 32
252283 3 65
1876408 6 53
1678597 4 82
17639085 55 63
518736 7 39
26269 1 12
17884330 35 95
792932 11 34
641394 5 33
504107 3 43
154245 2 14
359252 47 5
1688356 9 31
1070197 26 7
83593 2 73
819981 12 20
546115 4 89
1066193 13 18
159960 16 7
612036 76 4
215091 12 3
67725 2 9
3754976 9 98
204301 1 52
4302419 15 44
3974623 9 86
3837870 21 34
150266 3 8
4429099 20 57
1702417 9 41
1446751 6 46
411971 7 9
15876457 54 59
343703 3 45
7400495 18 122
201712 11 4
13753 5 2
1804206 52 9
1128551 6 44
1805625 28 13
4136213 31 29
1660963 8 52
10758304 62 25
10474 1 15
523263 34 6
173444 25 1
996816 19 16
667452 2 60
6529007 44 83
484908 1 111
692362 5 33
6385354 56 31
37765 1 35
100412 1 67
2023381 27 28
188911 22 17
108388 17 1
10395099 33 57
137182 1 41
1603545 48 5
23666 3 10
1647939 8 98
397385 2 51
165223 8 5
564432 13 9
7385964 44 41
1286665 26 46
311692 3 18
2594917 20 26
26091934 56 92
3612135 17 94
81283 65 1
728634 18 8
89946 3 15
1350391 23 25
164863 2 13
2430837 39 36
394034 21 14
1761266 7 44
4797 1 1
4745992 18 37
3729000 32 76
54148 2 5
9778123 50 95
420008 23 3
2937074 10 42
315372 3 63
6799593 33 53
4863022 41 56
22421659 32 112
796206 29 14
3267356 13 36
59285 2 54
347652 1 62
504684 18 7
50209 10 1
506473 6 16
4078093 25 116
298611 16 37
314199 47 1
3046885 57 11
24123 1 6
14148 1 7
1618820 32 90
510553 1 71
7776 1 7
685759 17 8
2473529 5 80
398679 31 14
226200 1 40
2043753 23 16
376523 48 2
1149919 4 52
766880 20 10
258970 1 64
32079 3 16
3512914 36 22
2731792 11 99
619475 2 55
80110 1 54
423145 12 12
225802 1 52
53369 4 31
658717 22 26
953977 8 74
17073209 68 42
1297903 46 5
942478 15 31
138416 19 1
3222117 15 83
46442 2 9
9235106 47 43
4553179 10 79
220087 1 47
3392852 36 13
144955 32 1
4376964 52 18
8442305 14 84
1698307 26 16
2870010 10 83
184379 5 40
185896 5 32
1840245 79 13
1791942 18 38
20666 6 3
97408 17 7
71558 11 3
398006 15 33
18652605 49 57
1042857 13 12
2354169 23 27
2926958 39 20
6559817 45 26
6435 2 2
357377 1 101
12520856 32 83
5913193 40 22
626662 12 60
552987 7 14
5302261 31 47
3648414 8 113
428497 33 8
3603020 11 46
723428 46 14
13400 1 8
1160530 23 39
83317 2 49
15831 4 1
161550 1 34
547158 16 56
1195559 5 37
180316 10 4
3638630 8 98
23098991 59 54
2533504 25 27
6036703 94 11
4049448 15 38
197847 6 8
911488 16 17
1189942 10 22
1589487 6 44
2231175 14 24
519635 33 18
132887 7 5
315405 42 3
41099 3 11
54904 1 14
82343 6 2
4934620 53 34
4638989 22 43
53954 1 10
1158413 23 9
323806 61 2
4947321 50 21
173052 27 3
23652 1 47
12767068 29 99
76176 14 1
2621862 10 38
752977 15 95
312242 6 12
473289 5 22
14106 2 7
355136 6 62
338059 1 87
3558789 12 42
26338 2 4
308865 17 6
345522 1 59
209507 28 2
2543876 17 29
293838 12 5
56855 4 2
25615 2 5
40090 1 54
3476790 16 39
20838069 36 101
1521634 16 19
6934 9 1
3081255 27 25
522061 1 86
41360 15 2
656560 8 25
731332 28 27
180694 3 9
21154 4 1
34630 1 23
132254 3 16
23798 7 1
1095188 7 23
530010 4 24
1892901 14 36
18676958 36 84
210747 16 3
51139 1 28
263977 1 64
634559 11 12
10608022 36 49
7472122 11 124
2790036 9 45
598193 7 21
2255550 49 12
3931 3 2
6401187 16 61
8485597 72 28
12283 1 6
1201279 5 42
260706 26 12
599416 40 17
11497 2 13
1772330 18 18
82352 1 15
622390 4 40
460272 1 71
12156 1 12
465441 21 28
612987 15 9
530112 3 30
77789 1 50
2031635 27 26
102168 1 42
689457 5 24
2055643 8 36
101688 14 1
3811183 12 68
354232 4 21
829203 5 102
2260556 3 116
1382948 19 19
6015656 50 65
250179 10 47
3428777 18 44
515401 9 15
1929228 8 34
23451683 57 91
45675 3 7
25630 1 7
4675409 16 53
2530580 21 31
959805 12 18
4604777 39 44
1760389 4 65
61130 4 4
10514670 24 75
346819 6 16
13910 1 3
9574149 46 48
335885 23 34
309706 1 73
14973120 44 62
1751384 15 27
2243885 5 81
13947 7 2
287627 8 82
9043152 29 59
96545 1 55
13930521 58 49
37023 1 7
110290 6 6
1365596 28 27
212864 17 7
174233 54 5
8154413 26 78
179681 4 22
532237 2 57
125118 3 16
3659765 26 38
125424 2 17
35937 13 3
312241 4 16
2715387 12 111
76713 3 6
2229003 18 26
3304504 30 19
404593 5 79
819899 29 65
2873599 27 22
2248486 22 39
7626 3 4
607236 4 50
15700 3 13
17753798 37 122
229262 2 24
6400757 44 33
3143737 37 29
29517 1 8
127377 4 71
14085394 51 49
9155658 68 20
15687575 66 63
117190 13 5
120085 1 67
21264 1 18
239555 4 11
1819680 30 18
13045596 24 109
1101070 9 35
105898 16 13
259739 23 6
529442 7 25
1190200 32 9
209803 1 32
919165 29 64
118201 1 24
1281338 3 93
132474 1 28
115409 1 25
2570817 23 24
20411227 70 71
1997249 17 18
604685 19 25
141746 11 31
4721324 26 71
56151 22 1
3750485 15 39
1214713 33 7
2842507 14 29
3970527 44 22
1739015 19 17
445701 11 46
1269466 23 13
96786 1 26
2340845 18 53
721715 25 15
252951 1 56
3215266 50 11
1039290 3 53
2435177 12 40
1580750 73 3
38735 1 84
1452790 40 27
1460423 53 60
23924 1 18
1033150 23 13
1244344 52 6
8858683 20 77
1432840 7 86
11286 3 1
16568 6 3
85846 51 4
2702719 12 55
211335 58 1
209596 5 7
3708954 28 80
59377 3 4
58116 2 6
5451935 31 28
272778 10 9
866492 38 14
1527800 53 5
5629 3 2
2875551 18 33
1940735 51 49
1676008 60 4
3743373 19 28
117655 3 9
12036 23 1
18364 1 27
700304 7 20
116043 1 28
103431 3 8
7789729 13 84
124345 1 33
1476446 11 62
88444 5 42
203378 57 1
9994254 71 33
19468 2 26
70455 1 12
6366547 11 83
257899 2 71
1722010 25 38
6222460 68 18
332430 4 22
2666053 20 35
