148 3766 9880
2 13 52 112 142 14 133 35 7 14 32 54 94 9 28 78 32 128 138 78 8 78 61 30 51 37 86 84 143 46 113 117 86 43 116 53 113 70 6 131 40 70 125 65 33 31 86 144 99 36 26 114 27 126 77 76 54 146 24 46 86 93 45 35 14 28 89 97 117 133 134 68 5 25 50 28 80 15 102 138 75 94 80 96 114 20 66 129 66 121 29 42 89 87 71 68 9 54 65 67 2 75 107 53 112 80 119 30 43 123 64 148 52 91 120 14 4 88 74 16 65 139 41 103 52 91 101 145 75 26 55 46 133 31 105 84 95 71 15 91 35 105 82 75 79 136 21 137
340739 12 21
1338161 6 108
859367 10 16
157509 22 3
302403 13 9
251408 33 1
6820154 93 23
3235009 13 44
274538 2 62
229763 74 3
222472 7 5
7525 1 2
588179 34 15
2847444 17 25
130657 3 6
1132 1 2
10128401 22 91
236653 2 24
1263329 19 32
6319272 46 21
20157 24 1
1715190 14 21
1428531 28 10
277773 6 13
55539145 101 77
501397 5 13
406763 84 5
420389 33 6
30842 1 5
298901 19 11
6152519 33 22
561020 6 32
3579152 31 18
45243 20 1
33074 2 5
555927 16 36
682350 1 103
4549269 16 50
11331853 88 93
8104305 16 109
4504224 99 9
280680 1 43
17092922 40 59
2970066 22 14
67128 23 1
314975 2 21
185546 2 101
43552336 55 103
2614163 7 56
134057 5 38
19668 12 1
584677 32 34
3942977 10 59
10168764 47 47
2905637 56 10
13461726 16 126
3655568 39 24
9497082 76 20
101849 1 17
3961328 31 62
833351 16 10
8149081 23 46
1568125 11 84
583073 27 3
1069150 2 83
46429 10 4
3004006 7 71
688330 1 92
30600118 78 66
7225750 45 30
30372392 45 70
87377 1 52
1453017 14 66
753338 6 13
2765084 6 91
3656537 102 31
4605902 7 83
1335605 4 38
7808058 46 58
46823457 61 103
1055480 13 20
5696471 8 105
2927795 22 14
6332040 12 83
14651531 32 91
145779 6 4
6283 3 3
2558854 5 78
2458918 28 13
447804 12 7
4587948 29 41
328107 1 57
923144 19 42
255248 1 41
2634476 21 48
2849236 10 33
452635 12 5
367393 1 58
3794761 90 5
179127 4 9
3678067 21 49
374551 35 4
364794 14 5
24716048 38 95
208755 2 39
2747928 92 6
89009 5 19
930822 5 40
975260 34 5
9917304 20 58
1616359 17 12
76025 1 53
8745 2 1
56774 2 37
70256 4 2
836201 3 40
735198 68 2
15921678 53 73
1317849 4 41
176998 1 20
22536052 54 58
32393 13 1
502206 1 80
15037642 59 51
9871005 16 90
2291497 6 57
5130481 19 30
2389610 30 22
93888 1 14
8464873 78 13
103455 4 5
3513607 4 100
8210759 12 116
1831827 17 17
1011846 2 63
914085 18 10
175955 1 25
3690154 15 125
1489386 7 31
12163573 38 75
1239536 4 46
12340 2 1
1269487 56 6
104269 16 1
2700481 27 13
1456849 11 47
1002824 10 24
157651 29 1
76800 1 25
412835 2 37
546885 22 3
27020789 78 64
1959017 23 46
76357 7 7
10509 3 1
9450485 13 116
284629 1 45
3605296 21 26
1813176 13 25
1043971 2 61
1648432 3 94
3321189 13 26
299928 14 4
576246 5 12
2333714 94 3
29722 1 7
1830974 16 127
4338849 11 56
6357 1 1
7180918 21 73
112049 30 1
6295610 10 109
2629291 10 49
110254 4 3
14797006 64 38
22984890 67 40
553201 3 20
1192207 76 2
17394648 72 42
7068359 18 76
7360402 19 46
1974144 13 25
5954185 40 24
605347 27 3
23189314 68 40
564656 34 6
560686 8 11
6658451 92 22
117511 1 59
6630542 29 36
101604 15 1
3973385 8 78
407726 3 92
270525 1 45
7001845 28 43
96421 24 3
187912 3 12
450838 32 4
1078581 1 124
289242 2 24
1864990 2 127
7222218 15 61
6288576 50 58
17096874 31 56
3223397 5 72
90979 9 5
985189 54 2
269878 5 9
88113 3 36
1993602 14 68
993595 2 98
2951336 10 32
570881 83 1
596043 85 1
429198 16 46
3431869 47 26
647713 16 8
2700663 41 11
17177831 68 48
5754588 40 20
38766 1 37
47246 21 1
12895120 56 38
30881 2 23
1277951 8 47
729252 8 19
16905393 42 67
2842760 79 9
14144943 32 54
1359659 8 40
50608 3 11
23796 2 13
1048901 3 56
133698 2 74
426603 1 63
1289440 10 42
2465848 7 66
6821334 23 49
3564397 54 23
26402569 50 109
3675819 39 106
20768296 66 38
253890 2 13
272560 11 25
767805 11 59
16257662 58 52
6664340 38 26
3808423 26 29
527491 7 10
5257715 8 68
142350 21 1
1571281 17 11
1496446 2 95
11892 4 1
48011 6 6
4943591 11 94
255149 4 55
2744586 29 16
141546 9 24
7070557 60 23
834332 48 3
138840 1 17
2892314 19 28
118534 1 19
7492989 10 123
401636 41 1
274672 1 93
14001211 12 119
90921 1 62
241677 12 6
34497 12 5
12492294 31 81
1623529 13 30
490280 2 36
1994050 9 34
1091394 14 27
21851 20 1
333723 8 5
15484471 48 37
52804 1 24
1612308 10 28
54936 29 3
5358787 69 13
528320 2 29
355736 37 12
572801 25 6
54642 1 92
7254057 71 16
647463 2 62
394458 12 51
6530687 18 63
8282449 45 31
6384 1 1
931478 12 15
765035 28 35
56468 7 6
5125429 57 30
851110 8 16
569479 5 14
14184214 32 53
974448 25 4
511330 9 11
4523119 9 96
32933 8 1
1345922 28 6
15751302 19 103
53477 11 1
3755179 66 14
451419 1 69
976069 3 36
229948 3 10
882571 35 49
8893504 21 59
679193 5 30
38394 1 70
409984 1 72
187906 29 5
316653 1 37
15102 1 10
1149281 18 64
3575803 9 57
2148581 5 76
6537362 64 14
914904 2 64
274731 2 19
40360 1 53
4606958 16 35
384169 2 47
46917593 53 90
8136891 129 99
692049 3 38
116655 1 18
13696496 34 71
7135535 47 78
149333 1 24
73007 71 1
15405 6 5
13415859 30 54
6192756 8 84
2637967 26 72
31873895 87 47
269200 8 9
1779494 30 50
3945438 69 6
8789177 43 24
1241441 16 40
588822 102 1
244592 15 11
290299 1 40
1573486 9 25
3724867 12 37
982723 14 12
290632 2 22
752248 9 9
29241824 50 73
1058371 4 52
625140 18 20
17222 1 4
1852341 24 28
11060907 28 69
3900037 16 26
281389 3 38
1521142 26 40
5661085 46 44
933636 4 29
376736 3 30
9545925 19 74
8360040 43 24
1678219 13 16
2647707 12 70
156429 10 3
5039092 26 34
527924 2 42
899742 2 47
2642744 6 79
249554 1 36
803760 11 9
145481 1 16
61892 2 16
60456300 109 89
15523178 80 21
8853461 14 86
572416 25 11
15061871 46 94
24440868 128 43
436023 2 29
276336 14 4
1513188 23 96
43506 1 10
1333761 33 8
2611486 7 46
1293082 8 98
8627431 77 16
586555 12 58
4656 1 2
447210 69 2
1343872 9 19
39314 1 16
167484 11 14
118896 23 1
1345128 6 28
691017 6 46
104963 2 22
359254 1 43
63699 1 23
474416 6 16
1181572 25 72
23325590 71 62
410252 5 46
25123929 64 46
835766 10 10
2544579 14 33
3739 2 1
209692 8 5
47725 1 62
20211478 41 99
1827197 32 58
87591 9 3
25272 2 4
9221606 45 30
836395 13 7
7783106 10 87
2447154 4 74
1808266 42 7
1811324 32 62
9854897 45 24
1765500 4 72
648766 12 27
612364 4 18
2922295 6 56
11069843 54 22
776513 81 1
3228868 14 37
638016 9 114
259047 1 51
1427515 26 69
9062045 28 56
936788 6 53
17199 2 1
32560 2 8
208803 2 14
259649 67 4
2513395 12 40
7250279 10 93
153136 9 3
13412999 13 105
50512 4 2
38319729 71 109
14300863 42 38
8137985 43 43
2005377 6 75
6041400 81 83
4568149 12 45
3958992 10 66
1276289 28 46
732352 38 15
992379 3 40
135848 5 5
75413 9 2
370590 1 39
3130482 30 15
202884 11 4
2970136 30 13
140149 17 1
16320835 34 75
42850143 70 109
3465279 33 81
6539361 35 51
557399 17 44
2634451 6 101
1386378 33 5
206433 32 3
353910 4 15
48089 1 29
293632 1 50
151493 3 39
16304 3 1
98758 2 13
416239 13 31
1391072 35 9
2899908 14 38
5479838 16 56
13662102 35 71
809181 20 57
1685286 5 42
3185879 4 104
255669 1 87
138975 20 1
2104551 9 46
181218 24 2
1831667 69 9
14617784 15 123
12212928 48 74
191207 12 21
4625413 47 15
479469 8 12
105387 12 1
3673370 49 11
12471571 76 25
1341131 20 26
175751 2 16
9758 1 2
2258790 13 31
270458 105 5
35646 1 38
1737097 4 51
130079 8 2
4759638 104 6
18081721 61 53
13175293 95 42
15376535 38 72
42178 22 2
1965818 14 34
1403006 3 90
7582445 41 19
12072164 41 100
647501 1 109
626622 3 25
1640338 22 10
4965834 13 53
743885 8 17
729120 19 24
2296636 55 9
9758737 23 43
566221 34 22
3278524 6 68
1663832 7 43
236632 4 62
27833894 53 57
3342576 26 26
42254 1 52
5370097 28 43
291788 21 2
8752597 80 55
2426649 41 84
1649612 59 5
19656 14 1
3538566 11 57
268196 10 9
15578 2 8
255081 13 17
5202 2 3
147005 4 65
322667 3 13
36097 3 2
70690 5 6
281787 3 43
546413 8 47
5000201 29 18
2138989 25 61
710314 30 45
295933 41 6
1493708 5 112
2676606 19 27
64370 8 5
279124 17 7
20751862 41 60
9070115 19 70
11304521 46 47
288933 18 2
2122394 18 13
160581 18 4
196437 2 17
543001 8 41
626948 6 21
188471 14 2
380770 5 10
217482 3 15
1208253 56 8
4179129 15 51
497591 2 31
3287 1 1
67232219 89 115
12697835 44 57
163788 2 129
10318460 19 70
31891 1 4
2680441 47 105
147332 6 16
10070303 24 80
4406415 19 62
3630268 28 66
4369194 10 91
3164131 33 15
1605535 66 12
7427 1 2
3202077 28 14
6316475 6 122
17453661 21 97
1396889 4 59
4950520 20 55
601219 2 66
51541 3 21
1444459 11 24
2950304 4 82
212772 12 15
49441 5 4
2310038 13 18
9422256 28 89
974432 83 11
4449503 55 118
52230 1 77
81446 2 7
33238823 96 106
358949 17 7
1508876 43 6
3436905 17 24
6896849 34 66
1799428 5 50
1044554 6 30
211418 2 46
1830964 3 83
29910 13 1
14171152 24 70
1179537 16 44
560499 1 128
1847650 23 10
25575413 45 84
20651675 27 103
29899409 59 93
1214794 49 16
3735328 13 110
2369109 10 36
603229 7 79
2288800 10 42
32204304 52 105
1408347 2 95
82345 19 1
1047953 4 41
16533560 30 100
1633668 14 99
991417 4 32
4106470 28 17
250568 3 14
600846 76 12
302929 52 1
88603 2 11
6700071 33 22
670951 7 16
79114323 64 129
3087371 55 6
13639378 38 40
946874 8 36
10835601 44 31
27775444 45 87
2012095 9 107
544237 8 76
251639 25 8
759490 5 45
2191381 7 44
1021737 17 9
456090 2 52
1228736 2 114
55019437 73 119
309695 3 17
12154873 33 83
432567 1 82
591623 10 34
6276205 11 73
3849455 7 70
14647342 32 56
3587016 11 38
4083405 11 67
466260 4 59
3473595 4 106
369579 7 63
219735 13 2
795753 7 20
5268 2 2
4347087 38 22
7966840 44 54
1000891 65 3
183311 2 55
1739000 34 6
5618216 18 46
640366 3 81
1831415 18 89
265668 10 20
1269581 33 11
3549037 19 32
1465238 3 74
4781082 13 68
12351365 25 54
24270184 79 100
4121665 29 39
42225 1 39
86664 1 16
16860 4 8
19528 3 7
284145 1 78
6862013 14 66
325446 1 35
161350 22 8
1431906 72 3
1066 1 1
4046166 16 53
1662937 71 17
733574 6 14
638058 6 25
2702116 11 30
5160318 13 73
59968 1 8
2501509 102 4
32988 2 2
217835 4 11
294226 1 56
158136 9 5
1639281 16 35
8653295 61 16
5866131 21 29
187499 5 35
19234609 68 45
128323 1 26
13640 5 1
790674 7 13
357008 5 42
487979 11 30
14234295 96 17
531107 13 8
2651086 17 24
14422 7 3
398940 10 36
2058115 41 8
27360661 53 76
232252 1 46
1412265 11 23
44508 9 6
826048 5 20
2035943 10 34
19976323 17 120
1803907 4 85
3987710 29 14
2907630 5 66
1604771 6 85
599167 6 12
4535809 7 75
624475 1 102
446779 38 7
4068976 56 8
2666711 39 59
3620835 8 77
5886542 10 116
167984 1 34
2744382 35 30
34590846 52 72
8331805 20 86
39167 15 1
17376 1 19
4924917 12 51
11319705 18 69
713712 32 10
3108444 25 14
33891 2 2
4414519 15 36
47848 5 2
377276 1 68
10099906 36 29
729894 4 22
3096 1 5
27067 1 11
215441 1 43
115613 17 1
2978792 17 101
666639 19 8
24592053 38 96
7078238 15 71
591046 13 5
6577951 64 13
771357 4 22
468765 11 41
13630950 20 73
645924 25 35
5508121 16 40
1895 2 1
3459551 59 66
1396629 9 115
207420 8 13
79379 4 3
2276603 16 20
683300 5 25
552546 15 4
4369363 25 60
655566 15 7
568387 12 5
14438184 30 113
3071806 28 15
15215 7 2
69897 1 23
16539512 16 121
43640 1 8
1106086 13 16
12590677 50 29
466166 4 19
481398 8 8
1424899 34 27
21937726 76 31
2039006 38 7
14572529 35 87
52450 2 12
38646 1 6
367060 8 10
35678763 43 87
6133116 125 47
3555937 33 53
5476738 16 42
514268 87 4
373279 2 23
16674403 19 131
5745774 14 68
2572866 23 35
3030083 4 93
5592735 39 23
4456105 112 30
1702641 51 25
202213 13 23
69429 1 46
13170330 28 76
76095 1 8
838534 10 14
1807289 5 46
129842 4 8
914581 22 8
87248 3 38
10687310 60 29
1554539 8 73
131833 13 2
518899 3 23
856222 6 16
321148 18 22
546035 15 7
194515 1 33
1058206 6 23
1989035 6 58
438763 61 1
2076503 3 112
7907261 12 100
111092 15 1
198338 1 40
4715035 17 47
72924 5 15
2367030 8 35
157417 1 17
11778075 36 41
1146365 11 14
798282 3 50
7011952 40 38
419425 4 21
3661642 5 99
185022 1 32
1203914 5 40
19736028 25 127
1395780 2 102
1600874 9 25
498307 8 52
2359317 16 22
3633187 19 34
832358 3 77
1128315 12 14
167261 8 3
4112769 17 36
3208374 11 66
686924 9 47
9337797 48 114
7842325 43 69
8399673 14 82
4124 4 2
772869 9 15
3828801 8 67
9927894 68 27
241013 5 7
1818318 14 21
2850965 8 73
6080408 33 120
14817391 23 88
55769 2 15
78846 1 26
1951283 10 22
97014 15 4
2743535 25 14
383438 24 18
22441206 33 92
1817949 6 89
517204 3 28
617582 16 12
713916 3 40
60150 2 35
88870 1 15
1122211 10 58
460109 5 11
30907171 59 90
1698228 15 20
2451264 16 41
2449519 11 42
40954259 65 126
4558682 5 118
480697 8 88
230777 1 51
6191759 8 107
6194953 16 70
28385 5 4
5163297 9 93
71911 2 30
421643 29 5
944925 21 13
2581240 8 58
3603205 10 63
2407040 23 12
2522547 32 20
5417858 47 21
1348541 31 6
854235 23 7
20534553 58 42
141168 40 1
758026 56 3
77066 6 8
542798 7 10
326740 46 3
1128809 4 63
22060 1 22
207386 5 25
156888 29 1
8225 7 2
45231 9 7
1298840 5 79
854432 10 12
3168758 27 19
223485 9 10
5151 1 2
29020676 58 97
7523884 32 28
3291379 16 24
293498 43 1
2694549 31 28
98086 1 60
246451 1 53
5136367 21 52
11231462 40 99
56602 2 5
13245976 14 122
36077 1 67
1267435 32 69
1929268 10 29
426462 4 20
2062490 17 20
245537 38 8
229642 1 75
73286 4 14
270916 1 38
7468809 15 91
6267942 65 41
70616 2 6
573052 18 4
708138 12 8
18420 1 2
185027 2 11
6890106 35 21
17718849 23 93
676480 4 30
93977 8 21
9579186 90 16
7398231 54 42
633518 2 34
1872791 15 55
119836 1 75
2377265 33 59
857011 20 23
7365783 52 15
1476991 3 80
1316603 2 120
332758 1 55
31368 42 1
10713884 74 102
220303 5 55
1340843 27 6
53371 3 3
9613099 34 55
769228 31 15
330604 1 96
930231 4 66
53864974 105 66
1535202 26 6
5446258 44 70
2928118 24 14
1559972 7 30
19174 7 1
7964662 31 42
9578010 26 74
24103310 99 27
4259807 5 135
751217 4 25
4223445 22 31
20296 13 2
7670062 107 15
3250808 29 27
7652 1 2
50875 5 3
763525 2 72
52036690 46 118
1137220 3 68
5035644 7 94
50390 4 4
1074433 3 73
21721293 30 92
1304726 10 19
210035 4 22
47597 1 5
5237981 38 57
1061068 36 3
2598818 14 22
1369414 2 112
14906 1 8
8878296 18 71
659177 19 19
1457285 17 27
1780251 5 66
75635 2 35
14098871 31 83
144256 5 3
614096 15 14
380980 22 2
2473480 6 62
158261 3 35
2497371 30 12
820839 16 69
1212278 19 93
108552 9 2
615091 7 11
44977 1 18
506961 5 18
1486210 5 47
274065 12 3
779715 6 14
94171 2 57
887600 19 8
220331 1 80
3380954 39 20
19296950 32 67
18051580 84 29
7818032 13 80
4620763 5 99
6648475 38 83
12647392 28 46
484156 72 9
5523192 21 42
383439 10 50
1322206 32 5
719700 3 45
622235 1 79
6072818 49 17
25147 35 1
498293 8 12
1507773 23 26
3562505 33 27
860949 46 21
102811 7 4
427787 1 82
1074963 9 31
605425 2 57
2001071 3 132
497308 2 29
209916 3 14
2229964 5 68
8919327 27 50
37479 5 4
46250 7 6
9666423 41 33
6568 1 4
794936 3 45
35671 2 3
218104 1 43
28722 4 6
40332 1 7
1083379 3 60
2029316 4 68
1206884 11 53
144731 28 6
963530 4 36
5165224 9 91
33249388 107 72
1159355 28 6
168988 2 12
310277 24 4
4264769 30 23
20882 3 1
3985448 36 20
5554290 26 27
18061435 73 33
160740 1 26
151067 2 9
2067305 30 21
30044212 89 52
844283 7 23
336547 3 24
1782893 12 29
2912428 11 29
167028 41 1
32476847 51 89
42479433 52 134
90408 84 1
204514 1 31
392319 8 58
536554 18 42
11353783 23 89
7599365 40 24
141193 2 10
5161608 35 18
402382 9 9
305054 7 8
74374 3 14
3345445 7 86
447210 21 16
555435 2 64
91934 2 25
490477 8 7
5856503 45 14
89913 3 6
333682 9 59
63901 8 2
16403090 38 114
2095509 12 22
17461089 77 125
876765 5 23
113329 2 57
4021107 10 41
382267 22 2
54621 7 9
7377792 19 65
9452686 14 101
207562 7 45
55625 24 3
7144318 57 16
498994 2 45
18577441 32 103
328558 8 30
299603 21 2
188116 27 1
780361 2 94
78691 1 10
616075 35 22
1251576 14 23
49386 5 13
1225869 23 13
1670247 20 9
16762098 19 112
2226213 14 21
100100 3 20
371842 2 23
814980 4 40
33538376 74 54
254426 2 16
311739 2 24
1195176 2 73
693646 127 1
6456310 13 82
314486 3 20
12631963 27 55
951935 2 61
2004105 53 70
2682717 15 77
15797667 27 80
2659809 6 58
1971865 3 123
4877230 8 116
3156473 38 10
1648806 2 104
3021014 7 66
106528 1 17
280146 4 8
36913 2 2
110739 55 1
764169 22 40
13581088 15 123
436780 12 30
789032 7 18
70119 2 5
153194 42 1
420677 59 1
613840 4 102
6431819 78 12
4502043 8 59
6149461 6 107
93643 9 2
2460927 22 12
739994 25 4
1929648 12 28
2629055 17 20
4358050 23 36
521561 19 30
10110691 49 23
1604895 9 24
1140738 12 49
141956 7 3
879040 7 19
12864022 56 28
27179 2 21
908413 19 7
6242 1 1
12406763 37 49
91049 7 22
16098469 49 43
917976 34 4
1333629 10 20
12915290 17 105
711168 5 23
1648917 9 26
163135 1 22
235057 3 24
198683 2 20
18474 6 4
8196418 49 25
4895093 7 135
14158876 53 64
10395967 31 39
825331 2 44
1786480 8 44
1074961 8 15
38064 1 4
127195 11 18
6955700 23 33
1060431 5 25
5493914 58 16
89458 1 11
108637 22 1
9661943 36 64
8199331 33 44
61496 1 9
524478 3 32
853718 5 112
8768162 40 73
30089321 101 50
72939 1 13
2560001 12 45
18371077 39 70
2048829 13 46
320901 3 14
197432 23 8
3675016 40 14
18926682 46 83
518494 18 11
2046392 43 7
16802 3 11
5809955 21 54
329102 1 51
334553 15 4
338163 53 6
569289 1 101
7804521 45 32
31505578 45 72
38220 2 3
1293807 32 8
1956416 30 12
288286 2 17
2452562 13 104
740976 9 17
241884 3 9
838090 11 13
249291 3 109
420380 18 6
866439 1 100
78812 79 2
5447778 7 88
459198 3 30
3477272 27 56
11880951 70 39
9052723 15 134
3464168 8 61
11607 1 2
4668279 14 41
6195500 8 91
2243483 7 51
13896 2 1
429676 8 52
503730 70 1
36974 1 6
400744 17 12
894840 11 78
120536 28 6
1216729 4 39
8445476 35 54
10255798 79 38
3262952 53 15
3217424 8 80
161569 4 37
2541253 22 29
310364 79 1
136312 6 26
8775 2 1
11193 1 18
260410 3 9
1602416 25 12
110584 1 15
6089864 35 37
5546619 15 69
514059 4 22
580996 47 12
4247510 23 30
759095 8 105
6631925 48 28
35728287 66 80
13049 7 3
578350 5 17
723906 34 4
325048 2 20
4435318 55 13
1419828 12 16
1286926 2 67
994629 10 13
54359 2 25
155255 7 3
140993 3 7
65567 1 12
4318507 14 57
4301719 38 16
632686 5 18
7103253 28 30
167441 3 9
407500 8 10
26805825 28 111
281917 6 56
1039351 11 15
2822925 7 55
256581 2 14
51337381 105 63
815784 55 12
405827 2 72
21419 5 4
340258 7 8
4648473 90 29
7730 5 1
2430142 37 23
53509 1 14
38511 5 13
11633037 25 86
793072 1 82
511510 4 16
2435106 8 46
11006 2 1
27488179 107 30
640390 1 81
161573 1 22
5075783 14 65
269344 30 1
3176969 17 82
113270 53 1
633566 26 4
1051059 21 10
1322049 13 83
1458610 4 56
19323586 20 134
1289063 5 80
1256493 6 25
792488 10 12
4378617 30 55
57121 1 10
7694317 10 78
47926 21 2
123709 2 10
975620 9 21
318213 13 3
2860375 38 10
20944236 33 108
8991 3 3
1609814 11 100
278151 10 12
6671 2 5
455350 1 104
288628 1 65
10253889 33 33
533804 9 11
8883287 115 20
10805937 33 50
796535 3 56
1969395 23 11
207452 8 4
245515 1 63
60955 7 1
36148736 63 85
220763 1 35
1937318 50 11
10344299 46 34
27039765 63 81
130580 1 21
798414 2 71
201992 1 85
1002043 17 33
2380259 78 6
780335 13 35
2220205 12 24
4328285 6 138
422030 3 15
519246 1 77
2133611 37 23
5179357 73 20
202450 2 15
2479030 5 57
9327341 37 35
917527 34 54
30995 4 4
1100 1 1
1663771 2 130
2357541 9 41
177729 1 21
3349917 25 45
13493393 15 133
10236599 115 14
7201157 20 65
2242103 11 39
10260164 26 49
3439269 50 51
33261 2 3
2738869 17 25
6498427 59 21
8383 1 10
6973679 18 53
210679 1 41
21305 3 2
2504582 5 79
1507505 8 41
170679 14 15
113784 2 11
1857515 10 22
271833 19 26
6557557 9 116
23722375 38 93
10548250 43 41
7472538 16 54
18489958 39 65
67698 3 4
4161189 9 80
889093 7 15
5763016 44 19
8448261 30 52
1786874 12 33
76692 6 2
4742028 14 66
4462985 22 74
978264 6 19
225742 68 1
94117814 96 106
28123 3 3
264852 4 45
685841 1 119
1361801 6 45
13695 5 1
10899803 59 32
16825954 48 58
37157 1 17
4755565 24 28
586984 21 5
40905 1 5
47371 6 11
1127209 2 65
400531 7 7
1181161 8 23
51927 2 5
16007 1 6
245928 1 40
4808517 12 49
999424 14 10
3014608 26 34
37126 1 72
417349 4 11
737154 5 43
2048687 54 6
2798307 6 65
466137 4 60
396801 3 19
640779 11 6
5455156 75 10
1042150 7 86
4952610 42 13
2431348 25 19
605594 22 16
11234156 105 49
22644887 40 59
72142 1 11
1106761 11 15
4342847 9 59
1283191 62 3
407081 3 21
16785 3 2
10140589 37 43
2875667 18 17
1298376 10 24
478029 79 5
698708 33 4
80354507 120 129
2465364 54 7
29468770 62 54
2947466 21 22
106015 1 18
16105146 65 35
8477014 29 43
424164 5 24
11963 1 19
225002 25 1
4876457 48 13
1146414 33 18
4106062 37 13
9651 1 1
9223967 17 73
1458743 9 24
1474306 30 8
212188 4 25
4086354 9 87
636635 10 9
685745 8 39
75267 11 1
56350719 61 124
143966 1 26
258155 32 1
946591 4 24
283430 4 10
276900 3 39
1518686 16 15
167713 4 7
149061 1 22
3313187 10 51
3281209 26 32
154578 2 12
418573 1 55
308192 1 107
19347 10 1
86013 1 38
1468420 28 6
1581557 4 44
10206443 71 16
1282201 23 18
171797 1 36
46739 4 18
5422247 15 48
1134221 4 56
2379367 9 68
1616425 7 149
1120920 3 43
25631 2 2
3306969 12 35
1704015 13 16
17415734 74 90
567374 1 92
379398 19 29
12472199 69 44
93755 1 10
6955175 24 56
107343 1 13
465298 1 88
33228 4 15
8943006 32 89
283719 4 63
9184 1 1
146062 11 4
1418403 24 7
594385 34 3
412812 1 77
10201904 28 53
4094962 6 111
3404594 16 42
432975 4 14
124144 1 31
1718366 63 14
333969 2 29
3631507 4 105
9055238 15 66
2624600 8 44
50350 2 5
1219783 19 9
886752 28 20
291355 3 36
6403964 10 67
7099199 12 100
2300167 6 119
27335 13 1
422221 1 76
11542395 56 35
243247 12 12
34852871 62 109
104218 64 2
2933843 7 48
39309 57 1
1218920 17 9
3268 2 1
2454402 26 118
10575503 50 22
444757 2 26
225799 19 2
1916221 11 23
41704 4 6
356331 7 6
2714424 11 40
76523 1 19
1991107 57 4
9498737 39 29
53348 9 4
145722 10 3
534619 30 3
5326728 11 80
8852265 15 77
547155 4 19
1453514 2 79
127417 6 4
50240 4 5
2504978 9 46
422315 5 13
4928933 21 28
2071904 51 5
1269536 5 75
7511608 93 21
4932837 8 82
73692 3 4
12186236 61 100
1695863 5 52
22137 3 8
160668 1 18
2111561 7 40
1818293 8 26
83599 12 2
2770403 21 16
401524 17 18
161694 4 75
54584 5 8
54683552 85 68
1820648 14 41
26718817 79 66
2570768 8 49
2068822 3 92
5943846 72 40
802262 27 8
422017 5 19
552054 5 13
1944722 10 72
156422 1 22
1582567 5 47
1005171 6 17
228171 8 3
345472 21 2
16147 22 1
7758367 31 39
716036 38 4
306143 1 39
2612774 5 63
2973106 15 40
25614 1 4
21397061 47 83
437776 3 24
965842 10 10
2978273 11 34
276621 2 14
221880 5 54
3192488 23 25
6197322 11 99
6491551 41 18
10575217 83 22
23103 4 1
62486 4 2
652089 26 13
146171 8 3
11568 6 2
2048583 14 82
16679752 34 62
14600136 22 74
2017469 31 35
957216 7 62
1451591 56 37
225032 1 37
28889 1 30
2942256 38 47
1941683 33 51
25914047 96 84
26644343 73 54
718041 39 13
1034852 14 54
5263828 13 69
4972141 45 21
10719400 86 40
756451 42 4
3199738 27 23
384053 3 19
449019 4 22
763997 3 43
4242167 49 113
146194 3 22
1903367 43 5
348239 4 10
220173 1 24
485492 11 6
503267 1 137
78398 7 9
478791 6 88
1270373 59 29
2827828 29 30
10570484 31 45
18175182 25 104
132900 2 7
347671 7 9
4540599 46 25
4940352 26 57
557756 11 27
175537 2 116
1986029 16 25
514565 22 23
1473136 6 88
140689 5 40
7338556 14 62
123886 7 4
105424 5 10
501435 4 52
10513488 13 99
41509076 91 54
520595 2 45
99721 1 14
4223719 7 116
286803 1 31
629808 2 41
6443156 15 56
115993 3 8
959765 17 15
9386696 20 71
4124312 6 130
2068708 5 77
2276097 20 70
2627452 5 93
3096897 22 55
5114945 37 15
82208 1 27
115548 5 32
2624404 3 126
3277816 12 70
37277734 58 88
5925337 13 49
6051 2 3
37237984 69 96
4718268 19 108
2011390 38 36
153331 3 6
1244027 11 12
5808509 9 107
3685927 86 7
261495 2 15
412773 3 42
650207 5 25
1133944 12 26
8454742 63 54
4686178 10 86
989852 4 83
71001 5 24
3529758 28 65
648725 3 33
4977516 24 34
2077345 9 75
3778713 15 48
863136 9 56
6680058 22 56
2908570 13 77
389381 11 32
1112157 15 9
56496 1 34
1241606 11 21
606302 28 3
884267 2 95
172680 25 7
451085 1 82
663649 12 7
336378 69 9
7680571 15 58
2220095 14 31
900037 35 4
2008895 23 14
5760714 68 10
1836501 15 23
344141 24 2
13407925 28 88
181835 59 5
36613406 90 46
16484175 59 29
808980 33 3
2473723 7 66
252311 18 2
2194202 18 14
594162 1 72
13593779 34 42
1412374 4 62
9938197 20 60
2662 1 1
1237503 61 5
1080761 9 76
175181 11 17
14981592 17 93
46630 1 44
559253 13 6
629924 21 10
621039 43 2
671308 2 37
25661052 77 63
2616281 48 86
2232508 5 138
13340083 17 85
130180 1 18
5767 1 1
1585294 25 28
1717472 4 70
6979215 17 99
3535073 53 63
22445 1 28
2218063 9 45
100475 7 3
6016853 39 63
60937 4 3
349673 9 6
22651692 40 60
334658 2 28
980379 11 111
15173761 80 80
561708 2 64
1446086 31 19
51584 1 7
10735914 83 16
55195 9 1
3757339 33 13
6147678 47 15
112806 10 2
2160104 11 22
23087 1 5
1219273 6 21
629862 18 9
151146 17 1
2422665 31 34
85999 1 17
757516 9 12
299674 1 48
967879 18 28
374751 2 31
819128 12 8
116079 1 50
68087 7 1
215072 4 15
315889 61 10
259691 34 14
298163 11 4
256685 3 10
13388991 21 92
1068976 7 62
32278 6 6
15626468 28 101
12414887 67 35
2804888 7 76
2214 1 2
873568 37 9
1925162 13 22
1183811 30 21
2490523 8 56
320715 1 40
7957326 59 42
1655764 31 26
834591 86 12
1043344 21 6
812053 14 47
6087960 41 28
177462 58 5
264342 30 17
3102092 18 29
6280 1 5
7517225 12 106
14320555 52 43
4167055 8 68
91667 9 2
10888121 15 114
392608 5 81
77387 1 29
116206 2 39
525277 12 6
717379 23 4
1374 1 1
26636 3 4
1742477 67 4
4832910 12 71
2972904 16 32
80452 5 2
1800146 15 35
4611111 22 42
4836969 11 57
39908 5 1
3196367 14 30
48816 1 6
89024 1 44
24140 2 6
17022009 65 83
363451 31 15
2830320 9 32
712902 3 29
805245 15 10
1733153 5 48
1746881 13 30
1047624 2 143
8501679 16 90
1402756 15 23
1684901 11 38
21099638 27 111
3121183 5 75
5493892 43 62
340605 4 14
2354741 50 17
326383 1 38
19500799 39 72
665211 3 24
19930 3 1
1642891 35 7
1785596 11 81
2595225 26 39
460868 3 51
2150022 5 67
3710215 17 37
297787 20 2
2965545 33 30
78170 8 1
810015 8 111
695967 15 55
2698328 27 59
271550 7 17
6446141 39 31
1711027 15 12
24369752 36 88
1478782 15 27
13467911 29 61
33387 23 1
1436850 3 54
875854 4 29
126609 1 40
8925377 44 28
838141 7 38
43366001 93 63
8593229 20 70
6221244 49 15
353237 14 6
415938 1 64
5174750 7 128
24282412 41 94
449202 4 17
2263339 17 26
15309262 55 39
88808 45 1
812410 4 76
12011169 63 53
6608914 52 50
15586171 94 46
11593459 15 104
3286235 7 54
160739 1 68
40765 25 2
7293261 26 70
254192 1 26
25925400 44 61
2648464 56 23
3388418 16 29
1468920 77 12
153958 46 2
6587404 14 54
853285 55 2
2091299 14 22
2070066 5 66
334229 31 19
1224477 9 24
4805248 8 89
1220441 9 24
6884356 39 92
537364 6 15
1068400 8 20
242337 2 21
3170444 53 18
305183 2 53
19865 1 3
27500 24 2
121347 3 7
2447876 12 36
318283 4 27
201888 3 13
388764 21 2
2310192 15 23
10302596 37 63
56199364 106 95
5791808 26 36
380982 4 124
7699 1 1
161757 4 9
10060591 36 48
3620153 39 114
200595 39 1
1219021 2 103
809721 25 22
1831348 7 67
2452697 24 19
7756103 38 38
248040 6 18
5773916 29 26
2912642 6 75
137474 1 17
284621 13 4
1362283 7 108
8648242 23 72
852054 23 4
6795499 17 75
474570 49 8
4857405 13 45
553916 2 30
342212 14 3
775681 18 7
774850 2 56
1096667 6 103
2766921 46 28
292473 2 16
10346089 25 53
72708781 82 90
26447125 27 145
868632 5 30
212115 27 1
7433684 70 18
4454958 21 22
8063437 31 35
3555470 23 28
1963705 3 78
65589 10 1
637849 5 21
986451 19 6
7289562 38 25
43681 1 7
14298 2 1
421414 4 16
52655252 83 68
6525036 72 104
401953 7 41
33674 7 1
5602262 21 40
5036489 29 31
7609575 52 81
1091813 14 51
26414977 39 85
1943615 14 49
385166 4 22
8242988 22 40
1219347 12 11
34141 1 6
26858237 42 75
879292 1 107
5604529 114 14
133146 2 31
563311 3 30
2995669 19 21
1394683 17 10
2011825 4 81
554600 3 30
1192139 2 62
354646 1 50
213473 2 14
1849469 25 12
218523 27 16
33238647 32 126
110728 5 3
15311962 29 68
7079 1 10
1178595 25 66
4430082 10 80
2316442 11 101
2304446 47 7
28739809 55 87
1839494 60 7
8457583 20 68
27242 1 3
22965637 86 96
424349 6 9
17767048 52 107
25832 5 1
53687 11 6
8213248 21 43
385740 10 15
2834377 29 11
7625641 68 16
3234027 17 38
92495 14 1
376685 3 29
673308 2 51
2932438 17 34
2342104 9 27
8970192 44 31
2106516 3 95
77319 19 8
5123179 12 56
6362845 34 127
6859465 37 78
203740 3 13
2964793 48 10
941455 10 13
1867102 23 12
3485430 9 52
1099094 4 47
1324396 7 37
912989 10 16
218356 2 15
8902269 37 39
6435724 62 28
499356 6 37
1172579 18 13
4411767 40 36
67621 20 5
375233 3 24
248043 2 20
14760 2 7
13911320 36 41
7547 1 8
654542 6 16
1247091 82 16
1907850 13 17
1820337 20 11
532674 3 28
1675070 74 21
116078 3 30
2027373 31 9
4371024 51 36
443754 60 1
1431985 15 10
6657450 16 47
165191 2 20
2077880 3 112
244956 1 66
1253440 35 29
6609809 31 32
909271 6 26
436949 6 12
13611193 35 52
1186514 3 74
115018 1 42
455079 5 36
28995380 39 84
20568112 34 119
58618 6 6
1598 2 1
35663 1 55
1061070 8 56
2244919 19 12
239794 5 26
2457947 76 4
16665 1 16
388650 1 47
275615 5 50
704790 3 34
4693124 6 108
96724 4 3
51835 1 18
2262716 4 92
62438 1 38
7100311 42 29
649414 95 1
361353 5 12
210243 2 18
1658405 8 38
1250445 3 79
453420 5 12
8200048 35 29
1739022 16 25
5352 1 1
15250689 19 84
3940013 88 15
809489 11 9
1312449 51 51
2064227 45 59
3151466 27 15
7076347 10 72
3058220 7 57
9757914 18 100
8634837 76 15
13231862 42 33
1302929 53 9
4666270 21 43
3153461 17 43
81387 3 15
23399274 78 58
13901 1 2
6354070 26 36
782564 14 8
6014468 26 27
979021 2 95
8243302 36 40
564798 17 5
1327439 14 18
802819 5 54
2679970 6 57
79427 23 5
1606799 15 61
270535 1 31
4504325 62 11
11614954 69 69
917804 5 133
953391 1 112
29386 3 15
22597 3 6
143673 2 10
370908 7 7
13068988 30 75
502478 3 19
409109 33 4
6968732 44 17
1774722 100 30
816823 103 4
23614264 31 78
231973 3 11
12895453 83 21
4968884 14 40
4437541 36 24
2965199 57 10
4633625 16 46
285136 14 12
1722065 3 78
10035665 39 43
139119 8 3
647013 1 75
196955 1 26
1212243 4 31
7794094 25 35
9475879 74 18
964910 2 105
140616 2 12
14171982 25 100
11717723 45 29
4750429 10 83
12526695 37 59
14235331 17 98
66119 2 23
1227555 32 6
2200323 7 58
35090641 83 44
288014 10 3
123286 1 17
755568 3 67
8953 1 4
4828274 13 49
6821271 11 87
1965355 8 53
188101 2 32
2769848 27 57
2376585 9 29
386534 20 4
7870514 20 60
3617663 3 131
69964 1 12
21899 6 6
16644991 24 113
1345028 12 41
56844 1 12
4474573 12 47
3620381 51 16
2650736 13 54
3885061 7 108
9965488 21 64
774941 2 104
6633231 22 100
880964 22 8
457341 14 5
70299 4 3
1703448 5 36
239183 5 6
54044 4 2
65134 15 7
1433088 12 14
5812731 35 21
5164815 11 92
2449120 33 74
390089 2 24
207867 2 19
43254 1 19
281274 4 13
3586998 4 100
5628581 36 16
1775754 26 49
541573 1 57
2568179 22 12
27982991 91 57
2245256 14 96
59253 1 7
1365983 4 82
8063006 10 108
6360126 10 90
715368 3 29
1659259 13 16
64961 2 7
458385 7 74
1360734 4 46
12793236 34 57
131533 1 84
1560498 5 37
9054700 15 75
1417221 48 56
2581473 10 50
8816 4 3
198851 41 1
62398 4 2
1666386 9 28
270257 6 5
1441682 26 9
195898 2 13
446809 17 5
872443 3 32
4231850 6 80
6949269 33 86
1930388 21 43
1373866 30 5
3808133 39 45
3793050 7 104
76840 1 14
181623 1 60
690331 21 5
11161475 24 77
5499520 45 66
35812 2 9
1543800 7 25
20656 1 8
1876036 60 5
8288946 39 38
1570854 19 9
201741 1 35
33872 1 6
8525 4 1
3554234 78 27
9117593 65 115
3572570 11 91
92921 2 10
282096 2 33
5094239 9 73
1597643 46 6
7097006 11 98
803341 11 9
245777 1 46
2617697 8 45
188503 12 3
2282936 9 51
12686 1 19
333954 1 38
333190 1 47
1594453 20 15
29014 5 3
259490 3 13
5614471 38 26
935845 6 23
787358 2 76
193560 1 31
32956583 77 61
1081700 9 18
17720 1 3
1487215 7 28
3048119 33 17
13346763 93 24
63108 4 11
109167 7 26
14019965 32 57
710624 20 12
55775 28 3
14561283 41 68
1037908 23 9
4156431 46 48
107331 1 36
521670 28 13
3314355 14 69
1789584 16 16
36401726 58 70
2676745 23 15
4687476 8 68
672475 15 7
291078 7 77
9725459 53 25
4096816 19 39
943024 45 3
1254976 46 3
1446195 8 36
1671130 3 78
233614 18 2
2551435 15 22
26239071 47 64
660273 1 84
1893945 10 23
306659 3 30
36276 8 1
104573 1 11
1411107 25 70
31305 4 7
400676 10 40
23508007 36 75
166792 20 1
968982 5 20
2881825 8 63
305589 1 31
142196 1 35
401268 4 14
73553 2 5
2232447 42 7
39169 5 1
40094 2 14
568849 4 20
1925905 18 24
3350522 8 66
7765116 20 51
1853951 26 20
1731618 5 37
408847 2 21
399768 4 18
2679671 6 50
376511 10 4
8699184 15 74
80168 92 1
24240321 27 134
11362744 29 54
8744132 71 21
3604439 18 39
24975 3 1
6900570 28 44
8564787 26 46
1258480 3 47
88340 10 1
6906213 21 41
530530 4 17
27458711 66 53
859814 5 72
1047133 74 2
105362 12 4
773482 14 8
610126 23 14
93197 25 7
1658578 19 13
1623803 12 18
1021714 7 24
220372 5 57
30524 1 5
1530413 9 26
10919967 14 100
159399 2 16
820095 24 5
4526859 13 43
1044240 45 23
12406444 46 33
5288454 27 23
10855567 48 40
1745612 45 9
1816462 5 65
545114 18 12
6621457 52 96
2449976 5 82
153084 6 5
3587882 31 28
256191 18 4
516764 2 114
1926857 3 125
323115 7 17
1081995 59 12
6078422 27 37
1199271 25 5
32348 1 5
8522032 18 80
232019 27 1
17462 9 2
1799862 30 13
6410307 14 53
942 1 1
7567336 54 38
162399 11 2
691191 5 41
1166747 4 38
13869387 25 58
5424412 70 85
3652249 41 18
1294933 6 23
16173957 18 108
513346 9 8
3000507 9 55
246188 15 2
7617971 11 71
399203 51 1
13587047 70 43
9744 1 15
201502 46 2
107547 11 9
95233 16 1
841178 13 13
17909660 46 43
19058 3 4
807462 18 76
1096855 22 28
163820 24 1
1815411 21 9
112779 2 57
2907252 20 64
176014 1 41
43974 23 1
1921233 18 16
139143 1 20
302630 3 17
3022577 18 79
15881765 59 32
1431600 10 55
1452013 6 25
1759028 3 88
356031 5 53
26102 1 13
213118 28 15
247309 2 18
8659149 40 26
4865148 17 34
2671734 4 95
25634643 37 116
15414612 28 98
46125 7 1
213757 1 25
8573094 13 96
438298 29 2
3429970 19 25
3869503 9 118
3849046 9 78
498836 85 4
3657104 21 66
2272217 5 71
4811479 73 10
167556 3 15
13571538 16 106
818096 2 56
186242 1 116
917104 17 7
2624814 8 58
3636914 11 66
6534142 22 36
3657418 39 14
17789679 32 110
159458 2 13
751508 2 59
113535 4 5
114546 1 33
1696782 8 25
1578661 19 18
11072427 47 28
7113181 8 109
517912 6 15
471490 3 18
733500 13 64
990709 11 66
347965 19 3
98602 1 45
3420480 31 19
662175 3 38
963666 26 6
10867705 46 46
37399 1 7
455574 12 6
5586951 30 33
641957 11 40
7341827 65 28
5051372 46 67
239510 1 41
396992 1 135
1988164 5 81
2581694 19 20
586934 5 15
173408 13 8
25473716 74 58
727231 1 114
1967166 7 36
225196 22 2
6842949 37 66
262715 2 24
4726873 10 61
118438 5 7
6204049 33 39
3511772 11 43
46471 4 3
5313512 21 75
6862463 6 140
1604312 3 60
118283 1 32
646787 61 20
1156939 4 33
6770340 87 24
1001755 5 29
337407 3 22
1421717 10 101
672934 18 40
2159058 9 46
229452 3 15
165292 1 24
3605506 9 45
704339 3 72
6001980 39 59
19116364 36 94
53896 2 3
854867 8 15
180235 3 10
6897 1 1
656918 5 20
51853 3 31
15825902 27 103
162184 5 6
15715374 17 94
177449 59 1
2496070 23 15
709340 10 17
20210355 103 46
3217999 8 78
70722 7 2
189680 6 37
1337533 52 6
7696621 35 35
22367 2 11
656871 11 60
1131307 20 11
4869942 17 57
1409336 4 51
3291795 37 13
4272638 17 27
223149 2 34
237649 5 7
13531795 36 65
7151041 38 101
1016893 7 39
43268 3 4
876840 51 21
88666 2 6
11184596 38 44
16227078 60 40
331302 2 60
4733477 44 15
710948 3 41
1704684 10 25
247780 4 41
106941 1 11
38122 1 30
3796151 9 58
346617 8 10
1384633 22 11
1824841 14 51
2713113 7 97
6847409 40 23
1894682 18 18
923325 63 16
56929845 114 83
309507 15 10
8202526 30 98
43391 4 8
2761698 20 42
3125047 10 39
342518 5 53
6568200 21 60
4829801 36 24
65566619 126 80
5548286 36 21
45057 1 5
141698 4 4
547256 7 12
13889163 76 20
5035105 39 20
12259151 22 94
65663 2 48
219332 1 36
90491 16 1
875068 3 48
19587012 31 92
5809565 30 29
1334760 7 21
1583682 6 46
4920417 21 31
56671 4 8
12607466 20 81
2588423 7 44
214045 7 10
1214476 27 5
398750 2 43
3768006 10 64
5137308 41 24
571032 5 14
1597010 12 18
274193 3 17
9638 2 3
22455 2 2
254056 3 24
6140565 29 23
241922 6 7
227266 1 33
285962 13 16
82909 2 36
155089 2 10
89179 1 29
1144705 4 46
5244747 8 84
430380 1 46
19494295 37 66
10491195 39 82
816827 28 3
2463420 44 67
156399 1 26
3790756 14 41
493899 4 26
4191848 17 28
7017022 91 8
1070926 15 83
1007310 23 29
23084551 74 64
20312235 74 37
1074587 6 34
184417 10 2
8817145 9 108
2906689 13 83
1564292 18 17
150413 5 15
1489242 8 37
208036 4 6
46106 2 4
469257 6 16
4519828 9 61
14399061 48 61
2184043 16 95
236472 4 8
459915 10 9
133725 2 82
119359 11 3
2121423 4 61
131471 3 52
1900873 24 39
68689 2 5
210871 3 10
11656642 25 61
336397 1 65
538074 1 110
4217878 84 22
120057 1 33
752629 42 29
352978 4 37
3109017 9 50
1312464 6 31
159574 9 2
2363108 5 66
100270 3 6
2260370 15 19
2249099 5 73
549405 24 4
156866 1 47
21760 1 11
20641 2 10
2449323 60 11
18063 2 5
22756891 48 62
5638525 96 39
8059418 11 83
2406552 46 8
1274420 3 44
10005831 30 52
56771 1 6
756815 22 7
1076749 22 30
250049 8 7
1834615 23 24
64923 21 1
9209 2 8
29622309 57 58
7278163 18 48
5307343 12 85
3371564 6 57
13553202 55 118
19151928 39 75
3595661 21 70
299274 7 7
1929194 33 87
288730 6 10
8631334 35 30
2380785 44 9
323452 34 12
7301042 38 59
857674 41 3
3507210 10 56
25289432 55 81
1024719 3 40
5898125 8 80
551419 5 15
6705 8 1
469898 5 14
13279112 36 46
2461708 8 39
2872927 5 63
4166254 60 15
27813 1 4
24730 4 8
133056 1 57
87462 4 6
523979 1 74
1091361 12 78
51166 1 22
646488 3 34
1276370 35 59
2730160 37 61
5391888 33 20
261703 17 6
321840 3 11
14878780 20 106
2075499 22 30
1583548 25 25
95426 2 15
2022402 3 72
174928 6 52
6892 1 1
64883 2 5
167288 2 13
240461 3 13
6988567 11 99
1053784 5 31
3285769 18 26
248452 6 6
14425004 48 45
3975086 65 61
3189286 21 18
11669648 36 67
4245824 108 7
232494 1 25
1164558 36 6
3372 2 3
290046 14 30
104230 2 33
3555987 14 27
1494510 37 19
707320 3 39
1705652 66 17
1126102 2 72
1021444 2 71
1492209 3 98
1284411 5 30
2102304 8 34
4925225 7 101
630623 2 49
181809 7 3
9160396 43 25
5097882 30 34
337944 6 44
104281 11 14
633922 23 16
152342 18 1
86587 12 5
55127 3 18
64567 2 21
2485455 35 104
358444 3 22
14078352 32 122
60317 11 2
497167 6 16
603346 2 80
1758268 11 30
819671 6 31
563075 33 10
1679392 16 17
427682 6 34
861537 4 31
12233520 31 76
3172374 47 28
1414888 10 27
2228239 29 15
1180672 28 7
209146 17 7
5886589 89 9
514882 2 29
6223667 62 11
34499467 66 58
2977953 19 44
531452 31 4
988667 57 3
1864200 37 6
23223077 54 61
2363720 9 67
58729 7 1
97128 61 1
15969183 68 69
659688 9 71
198475 14 4
688779 20 19
481200 50 5
154556 4 7
178253 1 24
4050987 24 40
2146155 20 18
4276436 5 110
24064671 35 113
14408111 31 72
1137252 10 23
53988 3 10
58939 2 31
1647795 12 52
522503 9 9
1245513 27 9
7830801 10 89
344978 2 37
52910 4 2
3544628 39 31
387605 42 1
182029 7 20
9724440 12 94
8334775 41 58
132605 9 6
98505 1 13
131030 3 14
175656 26 6
55652 5 2
1160560 6 50
121470 1 16
6892247 15 55
1228024 2 97
5361498 20 29
2455078 30 16
121678 22 1
185004 34 1
5847028 17 47
971855 67 8
90271 61 2
7247 1 7
572086 3 125
1775720 4 72
6698 1 2
18626688 135 16
277945 19 9
130410 11 18
849067 13 10
185421 5 7
3386962 12 63
229175 2 12
3762273 23 28
159188 6 31
4501469 49 22
4573162 12 77
161273 2 27
3465101 8 44
36793 3 8
409781 1 56
1131516 6 24
2733541 11 26
18468 1 2
1298054 8 31
656305 2 44
569132 1 75
1951359 46 8
1993452 51 6
3835822 6 69
7490356 52 23
1448864 5 39
5353597 35 28
2565571 26 16
34628 15 1
1102977 19 23
131891 1 23
7426308 93 24
98529 1 72
862035 9 13
2182548 20 53
2476578 21 24
2447669 6 63
1296724 15 11
362645 2 19
78669 7 10
1196671 2 73
27596 8 1
20681 2 13
4946947 31 39
647337 106 6
142867 9 26
81557 2 27
1372093 6 119
27188 5 7
127491 1 16
5245707 22 29
12763335 50 37
24653622 27 128
648714 9 8
19064463 62 56
4436283 41 21
392049 8 6
405737 2 35
17016697 28 115
6081129 36 23
6692498 14 65
318249 5 12
466638 44 2
2336253 54 63
1425040 6 57
688834 8 41
795498 9 55
3554347 17 23
205480 5 6
3105368 16 26
17503470 17 127
481573 1 70
3008496 49 10
453469 4 18
1501372 6 38
922067 9 65
315974 4 14
293091 36 1
825598 10 14
2727366 12 31
13229574 25 55
5093127 28 43
11179842 35 39
12517288 47 40
6775197 121 24
873799 21 6
2437844 17 25
1193763 6 30
47441 1 41
330363 1 62
188073 2 15
1526635 59 35
718641 5 15
5105102 8 78
436541 17 3
560044 3 31
331576 3 53
37769 4 4
4063323 43 15
85033 3 7
667974 2 139
236415 17 2
189419 2 34
231070 2 30
129430 1 14
245824 2 14
2660379 28 50
51061380 111 66
1112180 9 32
345757 1 91
7399171 43 26
37924 3 3
465060 4 17
29426673 55 93
66605 1 12
43145 10 1
418428 1 67
76355 3 19
10636316 31 61
5941684 22 34
309681 1 59
2154296 5 60
4731203 20 30
1449286 13 15
431025 16 15
426841 1 62
3059245 29 69
4039725 14 41
3521520 8 62
860275 1 108
12858023 64 25
14287170 32 57
3088411 27 57
45931 1 8
228262 3 67
1722456 24 14
3510017 14 27
310404 1 32
3205816 6 98
2512624 7 64
158600 2 32
1790601 100 31
5900237 37 24
901767 1 140
14258 1 3
461677 19 3
743025 6 110
1769160 2 93
1086853 11 13
213412 2 29
358707 3 15
379773 4 11
148568 8 6
5744518 83 10
4033025 18 39
1582995 40 60
10470053 76 16
471497 15 6
35182 1 6
2835685 12 69
975745 10 13
1852264 9 36
367537 5 13
90736 6 2
540483 15 10
3777595 11 35
5237 1 1
297300 6 7
2027513 27 8
94515 18 1
2611470 12 43
4774423 24 29
330463 7 86
19067 2 10
1788742 2 118
1429984 9 21
147205 8 7
4606 4 2
25818218 35 79
23235 6 7
2585757 60 24
10271445 10 141
278103 12 19
716466 1 101
55673 3 3
2216962 3 82
445790 7 8
3304264 71 14
211855 63 5
1591411 2 108
322612 12 4
34756 1 22
1659293 29 9
16560 3 1
35011 1 4
364609 11 8
88365 3 4
353219 1 44
1047966 54 6
9984527 70 79
3026 1 1
1058112 42 5
50110 1 11
520519 6 16
25902 4 1
1495820 8 19
3855142 34 85
3502549 22 27
858495 6 16
2017957 12 19
684549 9 12
3928892 25 18
1015695 30 4
669293 6 15
40894 2 16
1955016 8 47
9700684 46 37
42634 1 21
113419 6 9
246813 27 5
699804 1 77
186146 10 2
1682900 12 18
4555407 30 25
3474753 23 47
71399 5 6
540682 3 24
3914325 17 35
641498 5 34
407223 15 47
214730 3 8
835867 4 104
732525 5 16
5221044 18 38
583238 9 12
2689239 33 58
186463 12 2
3707986 49 12
3546 1 7
10709169 34 58
15107206 24 118
1798611 4 53
1173250 13 29
1841631 12 24
17239063 32 79
139810 1 26
4734120 73 60
3888823 20 43
38906 5 2
1661058 6 45
5889141 33 33
3272215 38 12
8773016 56 21
2032572 9 121
527579 12 71
665911 7 12
2798231 22 81
1298393 8 27
92126 1 41
8521410 41 26
779096 3 41
733569 3 31
171561 25 3
8572457 34 36
1963207 26 29
2432228 56 56
1639598 24 23
325694 4 54
516176 18 27
2486923 10 33
92744 20 4
1208406 5 101
561698 29 14
1158532 11 14
69680 1 13
362557 23 18
1010418 2 63
663730 5 20
1267926 44 28
3981792 12 46
182631 1 20
7226769 20 96
57678 1 108
1931164 12 28
14659744 41 51
1428583 54 5
95498093 96 116
2575 5 1
223236 6 31
820409 6 18
213806 3 104
102390 4 22
1221988 4 48
30849194 45 109
1334085 14 14
1447884 3 92
3371 1 6
8585402 94 26
275345 2 95
229012 3 15
5724174 12 89
1039612 4 38
155819 1 81
18875171 41 50
1421900 9 28
559541 6 11
961349 33 45
1528175 18 51
1022748 4 63
207466 9 9
62624 4 2
776637 4 24
73483 5 19
23945570 70 42
7803547 33 45
12585619 65 75
1178919 42 7
3317193 16 115
5561436 22 46
330096 11 5
956427 35 54
13139515 39 122
608584 54 2
87461 11 1
2254226 8 34
1960229 25 13
2027837 16 16
135167 25 4
6838988 27 46
643049 15 31
26659 1 22
221373 10 25
22588554 26 142
260503 6 74
8271700 8 116
4022857 32 27
3988259 8 73
1219630 6 54
2853109 5 85
283187 1 43
1051210 3 101
1116187 31 7
14332216 21 112
1554214 4 45
29020 3 1
26670950 46 70
383732 10 4
370920 27 2
928452 13 10
4389558 23 27
5003434 31 24
246407 3 34
20097 1 14
1213336 11 21
132945 2 23
1111364 38 11
1471610 3 86
1211919 13 10
2465165 34 14
7862382 49 33
194250 20 4
661027 5 45
119983 9 2
1224111 12 37
3526640 10 57
12478716 82 29
4244229 6 74
1203514 3 83
517812 4 61
76204080 85 100
78213 21 1
668338 1 76
888263 3 32
2859997 18 19
998361 14 8
3157378 50 7
49225 5 13
2365350 14 25
4057802 13 84
2143831 17 60
690074 49 10
952006 17 7
15023 1 17
31289564 55 66
781813 11 21
32936 2 10
627313 56 14
3237635 55 10
1180934 10 12
386176 3 16
607173 3 23
102122 1 14
489208 13 48
5696560 39 16
1654125 16 18
344755 5 53
733761 10 8
16054087 57 63
2942212 29 15
18952297 24 113
9332075 14 88
351400 5 8
148637 54 4
5421130 49 13
276355 2 17
19939114 22 100
727514 7 56
678842 12 36
97519 22 3
103095 1 46
1811620 65 9
429695 2 39
170994 29 1
76719 1 22
555852 17 26
35565 4 4
261759 9 10
2557478 46 87
106264 2 6
31345 2 8
197294 2 13
207438 4 10
1190773 15 40
134985 1 19
1837471 48 7
1298816 8 50
181322 45 8
336428 2 32
1826449 12 17
468730 51 16
9022595 45 31
244073 3 9
470718 9 8
544210 32 2
449762 2 33
232207 6 6
520687 15 6
188441 1 32
854253 28 19
6431523 23 50
4710751 29 26
2130254 23 11
1211967 12 16
3734081 18 32
1853657 4 54
758772 10 12
1951582 15 25
24003394 44 61
395355 7 10
39364 1 23
552736 27 3
472430 3 18
1631470 3 66
188479 1 26
1506159 9 25
184124 13 19
1163680 7 18
514714 8 10
162335 11 16
198011 2 100
78872 9 1
3765671 49 42
2013458 30 13
6275115 18 57
113127 1 33
938100 11 19
3650731 61 13
3343016 18 29
20174 2 2
14826204 26 63
453316 21 3
808898 9 30
685756 8 51
1505458 4 75
17395 1 3
64317 4 8
375744 16 6
1084809 12 11
257081 12 3
275950 3 30
773582 14 31
59024 10 1
948814 12 15
3868994 15 45
2170843 20 66
11220662 28 69
122147 3 8
910930 6 20
82185 7 7
21855248 63 50
955583 7 24
902611 16 17
327501 28 2
3860401 15 44
106678 3 20
170260 8 34
18822168 21 99
180489 18 2
446674 1 85
852660 7 16
942363 47 3
217453 44 3
396742 1 69
256959 7 6
316873 1 48
1352903 7 44
785760 3 44
3034875 14 111
24825 6 5
1156670 3 82
28881 11 2
320476 7 7
2133233 15 15
1430149 2 77
496221 5 83
6203587 62 11
668585 7 87
8395117 47 80
688811 35 3
686146 8 31
5506251 13 55
16596444 59 55
461235 5 12
2131878 12 24
2851489 23 76
1333531 9 34
10515653 17 64
12998182 48 37
5384182 38 43
3139136 7 71
3269318 13 29
17891110 37 54
454060 15 12
746958 37 23
1794117 40 33
1077995 27 7
11267319 83 16
515955 3 23
903810 7 22
15750233 21 108
12838524 72 34
3361669 9 46
1129984 6 27
29710029 66 55
2920515 5 60
4337156 19 69
2786451 23 103
3225074 34 19
217143 1 36
302122 14 3
1194947 2 111
1388699 3 79
2645299 91 4
119319 3 61
3871884 23 28
1038704 26 6
3850967 20 26
6259241 17 75
17047860 18 113
16929938 48 63
5859825 19 48
11167551 55 72
32114 5 9
270957 2 97
141959 2 10
119254 1 22
4116180 10 42
2972597 7 95
7692291 28 46
62939 7 1
2537338 26 30
1132547 23 77
1064169 70 2
1742275 13 26
275033 3 98
4147980 9 109
34313 1 62
613667 5 46
14027634 93 42
218795 4 24
450097 55 12
1386905 12 43
866751 2 93
4828540 29 42
9698292 54 22
73833 2 8
3556477 8 51
555346 14 18
244004 2 45
2067349 13 21
22702140 40 98
601422 20 4
1146892 3 77
1980296 11 26
9460074 71 23
268966 14 3
816225 34 11
433398 3 24
241728 6 40
402429 3 27
1353657 2 115
6215785 35 24
2076964 61 19
971219 15 8
18233974 58 64
490444 38 15
233574 4 64
8788328 51 107
748714 2 56
5656158 67 9
11078847 17 73
1992295 52 7
744494 7 17
4988107 61 44
5070669 7 84
645236 15 69
182145 2 68
8544632 38 29
10220 7 1
4263634 31 72
237562 1 33
12396827 18 129
28423 4 2
153411 8 13
903534 11 9
308490 7 35
45232 19 1
12471092 35 52
319271 1 65
848127 2 70
5605205 11 57
87545 6 5
6753225 49 83
71579 9 11
2649012 22 32
370631 2 22
45739 1 33
170556 1 35
32758 1 9
1553823 8 42
258232 72 1
43129827 84 73
126210 1 14
14424174 97 52
2852924 25 72
113767 4 4
20607742 21 106
2971086 9 35
5840992 29 59
997877 25 5
70579 8 1
71043430 91 84
15116 2 1
2633649 7 74
4454564 27 34
14732 1 6
51846 7 10
4658529 79 32
375737 7 13
16924149 20 97
1393163 2 102
3293788 65 52
812535 4 24
1067251 26 15
2110435 9 38
1878628 37 20
3426611 14 50
353204 6 22
10888887 94 17
89493 1 18
276083 1 30
2078072 5 84
333910 6 11
804237 11 10
9140993 73 24
451413 2 35
718274 2 64
454972 3 90
31627 1 4
8877604 16 65
245768 7 4
9948998 14 72
654999 20 13
4946153 41 18
15000 1 7
214038 3 9
68728 4 3
24708 6 3
383822 36 3
517526 23 23
1448281 13 18
121898 3 41
173089 13 26
102773 3 12
7130637 81 24
130944 5 4
792944 39 16
416253 1 56
3966011 10 82
3273471 17 37
398271 2 23
14116640 68 58
2315561 53 6
452925 11 16
408295 5 12
1750523 3 80
2966674 6 53
8387108 40 31
2180527 62 4
267301 1 49
61061 2 46
2103118 40 82
35467 4 3
179826 34 1
78751 13 2
555317 17 57
1557036 9 32
16753 2 1
432127 1 46
253429 22 6
175697 18 1
830867 5 68
195021 5 25
207000 5 5
1921499 11 74
77745 10 3
1025338 16 18
18750292 35 81
5983464 10 90
826436 23 7
11605811 22 63
1005506 1 110
102414 1 34
1184890 9 20
3755764 26 24
33312085 65 70
438950 12 9
42852 6 1
776109 1 96
1369053 5 56
17289342 26 85
7359404 33 88
359115 15 3
15718825 35 77
1189767 17 21
4859233 40 21
304608 10 34
675596 17 14
112192 4 12
6866389 16 48
6279604 24 45
326999 1 37
1224070 3 61
4890473 20 72
2912996 7 56
2270006 7 44
33220386 66 89
877730 27 31
13055100 114 20
2443770 7 50
44107282 59 77
8521056 15 62
16733978 30 112
4134721 10 63
505344 1 75
36785 2 10
6885184 35 61
898080 24 15
17374 1 3
11870597 34 39
3166800 23 108
795455 5 30
78845 6 6
4593935 24 24
11393 3 1
1138 1 2
2921196 49 11
121625 5 3
1449375 24 34
73219 1 70
345339 29 13
1778946 13 79
776827 64 6
234970 8 54
2041230 2 120
52656 2 8
1714383 32 49
197588 9 3
16366 2 13
150624 10 4
22788472 63 55
10746234 51 30
445473 10 39
315888 68 1
9520131 40 42
1600127 5 64
4474192 5 128
26991 1 21
930225 22 21
65565 2 8
3975860 73 6
174005 4 6
3925320 13 58
5142278 22 38
18224920 68 53
91233 1 67
1155844 36 5
1934630 6 34
440032 18 11
2491263 7 109
10139801 16 82
4670011 20 38
924123 3 49
7859709 21 44
42665433 63 71
28245931 36 80
11798543 65 28
1288520 17 46
640793 25 17
528687 85 4
3936119 13 49
281285 3 11
275574 2 18
179421 6 7
5054173 18 30
733844 2 64
115532 14 1
23535 4 2
2139993 11 34
6236859 29 43
47967 2 5
28270559 52 103
467216 22 4
324817 8 13
1027388 28 30
200279 12 7
21558191 69 45
1179079 2 72
6926877 29 38
6729605 14 73
2649695 18 26
46332 3 8
920743 5 20
2946711 12 35
762321 2 39
16224 1 6
3286232 16 48
1081223 4 110
4970 6 1
2612938 28 12
65620 7 12
485578 1 94
411368 5 13
