135 4658 8257
67 107 61 114 15 130 69 30 62 1 59 117 68 118 79 35 124 57 126 57 137 14 29 103 11 104 94 53 126 23 21 74 71 122 50 79 59 103 37 117 131 37 85 63 30 8 40 122 101 108 42 110 87 100 137 12 131 19 126 12 45 105 53 90 16 101 52 104 57 113 27 27 79 109 38 99 117 82 133 100 69 127 62 3 30 19 75 57 33 99 128 16 28 44 33 117 9 114 126 135 103 70 11 15 82 25 43 124 31 32 99 13 8 83 15 116 68 44 66 66 28 4 40 72 55 65 83 35 123 47 118 117 124 7 63
1526370 24 18
1290300 61 4
85329 11 1
617738 11 9
787409 33 12
53475 2 22
48179 3 26
918283 15 13
8804014 35 33
255019 14 6
41830 1 9
285237 13 42
6522823 19 66
713776 7 22
222314 33 1
75101 2 7
1424982 15 31
374624 4 13
28807 2 2
85429 5 5
338988 3 14
6451045 19 53
825886 24 9
170532 1 30
788537 9 14
804969 51 2
143761 3 8
3444945 11 49
7887762 31 51
21643081 52 80
203193 6 6
7400942 31 32
153664 4 5
3772601 13 48
1622976 9 49
65134 3 4
734146 6 64
3718539 47 13
8153897 40 27
29815874 43 86
2646724 73 6
692678 9 24
23763434 39 114
848125 4 30
1424000 9 100
5069236 20 64
47415341 57 108
4692890 21 45
361528 14 6
713601 45 3
3772540 27 17
46316476 101 84
427327 1 109
178117 40 4
3020451 16 54
3229041 17 41
11546753 49 53
9811 1 20
4674296 8 78
2049939 40 51
587867 9 11
899045 16 11
131491 29 1
11247657 49 48
4841468 11 70
15634362 31 77
1920490 4 59
500041 1 110
711778 9 16
3155642 19 45
13080908 22 131
241950 12 4
171963 60 3
484427 13 7
1920061 56 48
18968 1 10
497944 23 9
3084412 54 8
1560294 47 5
9205284 39 32
56632 2 5
373872 3 31
3375923 65 32
6705542 33 30
492336 7 26
265971 4 12
2264716 8 35
3493003 34 21
1466569 7 39
3474892 54 23
106883 1 21
472673 48 8
5919096 25 31
624642 70 2
213795 1 38
193445 10 14
47123 4 14
113243 19 7
372040 2 39
135689 2 74
631817 33 4
300189 18 4
19752 1 12
6625819 22 43
2188483 19 131
1195695 34 13
113488 8 4
820535 7 85
1496464 19 18
235035 22 3
586794 13 38
801919 9 21
127336 2 14
5816715 63 39
743248 11 95
94883 1 15
553865 2 46
441407 5 31
52396 2 5
48314 3 32
50537 1 7
5128114 12 67
234177 4 12
63146 3 3
3140315 7 69
4897478 73 30
30305187 89 49
346002 1 43
16999 2 2
223219 17 6
192913 5 18
238115 11 35
3708695 38 18
410477 8 26
1246929 7 23
858053 19 10
736983 19 54
130222 6 29
17120544 24 109
288465 2 22
1686390 36 61
2963 3 2
4561586 20 51
1874213 20 36
454642 12 9
414322 3 52
1600317 3 94
36905565 72 75
1921602 19 14
718207 30 5
921767 4 43
43648 3 3
5655372 13 78
88682 7 2
9785525 33 39
356650 1 75
3638200 23 53
5258053 38 19
1429530 49 4
38387 5 3
672637 11 8
765023 38 3
770973 2 63
230306 5 54
56381 2 4
376095 13 5
1723442 11 29
366300 3 17
1038772 53 23
601984 4 23
2322795 13 91
502152 34 3
236195 5 13
22796 1 3
1860109 40 25
796449 29 12
215220 17 30
418045 7 12
1941941 24 31
1724440 12 51
99240 1 19
160655 3 81
41212 2 9
325377 3 29
8737159 20 89
2611866 10 34
1192716 13 20
1181230 18 26
199155 9 13
15502 1 11
1195481 5 54
1082206 15 36
105756 6 6
437361 7 8
1492758 51 58
308065 1 46
10908953 112 37
2467932 8 84
97545 2 21
965102 72 2
15539 3 1
750485 21 25
222393 4 21
870740 15 40
2839768 17 34
376670 1 75
244521 6 37
234427 1 53
127567 1 30
294764 16 29
1183167 21 10
6680560 56 54
48818 3 3
104726 6 14
52513 8 1
12287446 28 85
1115776 44 4
426150 1 89
285916 13 8
5523 1 8
63769 9 1
914912 8 81
574277 12 35
2907648 11 44
5302243 7 99
249697 14 38
7243592 55 28
858338 4 60
4868647 16 43
2429661 4 76
547952 12 9
2887088 10 53
5051985 13 83
1377843 8 34
178502 6 5
1193728 6 35
10179101 24 59
52536 3 7
11094 3 2
74611 18 1
4349668 13 57
3469280 5 94
43891 3 22
21913 1 20
887292 10 20
91495 2 7
10619349 28 53
18501104 78 59
118952 17 1
253590 2 57
29317 1 64
105136 17 3
1423699 8 27
839833 36 20
4228268 61 38
723067 9 17
182902 6 41
7270200 18 67
1579835 17 13
1165001 31 5
161882 10 2
2817354 33 23
758043 6 63
241815 2 23
272158 3 14
12550 1 5
710686 3 31
234408 1 51
3091465 12 42
49824 4 4
208887 33 13
139368 5 6
126620 22 4
4198047 11 87
3707888 20 25
940897 19 6
21282997 40 84
143095 28 1
5324160 22 43
22286 1 5
2470414 19 28
3798526 38 17
1076636 7 36
637230 22 4
30967189 70 78
1431461 13 24
2094405 11 32
1596974 4 64
5599423 8 119
2716232 12 28
708471 7 25
15326395 73 60
5694429 36 43
952139 3 58
160174 9 43
2301039 32 14
16960917 22 116
507732 6 15
8520153 29 42
353219 1 70
991783 2 72
63451 3 8
1639061 46 6
421842 14 13
57947 20 5
3615971 21 32
904200 9 24
722643 21 9
4255092 44 18
29815 11 1
3690 2 1
528269 13 10
1777935 13 20
74258 11 1
143088 1 21
1588505 14 18
5094680 49 18
1358370 98 2
461852 6 11
217650 8 7
276419 1 49
12001291 35 73
166134 10 26
1261650 15 17
255735 8 27
663203 12 16
201655 3 24
2107115 57 17
25954705 87 50
6217154 22 59
5260876 68 31
1500035 6 43
410588 2 42
222840 4 39
173287 1 25
693306 3 29
3472793 9 47
241687 3 102
273003 6 8
173344 5 8
2440259 8 45
301549 9 6
2197581 11 53
3413398 9 47
135413 1 18
1883412 17 31
403010 5 36
465533 3 24
8748 18 1
581358 4 38
1676791 13 28
4774484 8 78
3719475 21 36
8152769 19 64
1426720 37 23
780127 26 4
325922 2 25
622231 2 40
9864591 45 60
38711 1 14
35788 6 1
8028255 23 72
3420228 22 19
16534 2 2
47736 9 1
172234 33 1
1099634 18 43
197541 2 12
52175 20 2
374618 4 29
3313260 13 45
125923 3 16
1558989 10 29
9333779 108 11
19087007 28 112
1370190 4 44
315437 2 20
507351 7 65
1640561 20 66
828087 5 35
286613 16 3
447910 2 85
927368 10 19
644025 1 91
558477 16 5
140039 1 31
3048701 30 22
33151 2 4
8131737 28 57
780645 46 4
38480 1 6
100285 9 4
285028 2 34
4942633 39 20
3870954 26 28
601348 40 34
21610 1 7
334754 14 18
64151 2 44
471349 3 26
2093769 13 36
113856 3 8
9359929 37 31
4360610 8 70
18597308 33 91
148146 3 9
127599 15 2
57341180 57 125
366637 1 104
407174 1 84
18008099 44 96
1257386 2 111
48770 11 2
5073393 28 30
752668 8 44
1642732 8 32
894450 35 29
41466 1 6
425041 7 14
66096 9 7
81891 17 3
92356 19 5
5128552 63 56
69268 5 6
679427 10 9
84601 1 20
570461 10 21
864881 26 62
3652182 27 20
4120184 44 20
268615 10 5
95878 2 11
407726 19 31
3264121 19 38
1395348 10 25
236199 8 40
2154763 64 26
582999 15 16
40847 23 2
6163948 77 12
52277 2 6
550512 1 115
850055 25 7
411955 20 3
9715 10 1
686195 2 46
275560 1 38
1194439 13 13
261163 4 47
1629482 11 29
3550187 7 63
18003 1 9
1327277 3 76
3712309 34 28
1812441 34 23
85156 2 6
3014824 19 32
201975 3 13
1574614 36 7
247672 1 37
1507862 9 26
1639916 11 21
41132 4 3
52165 2 24
8463663 27 59
2362141 10 35
3499932 26 29
67432 5 3
3376913 13 45
3808696 14 33
1125075 17 26
7236534 54 36
4647247 26 41
1116192 14 16
430777 2 84
8357872 8 128
650429 56 2
608806 3 86
1583985 6 34
23063 1 3
465218 5 12
62308 2 33
486601 3 85
1680298 7 62
1184732 16 37
13474 1 2
544882 7 16
480507 1 63
83216 3 5
340249 1 54
5387385 14 48
73555 3 32
6461539 24 39
1778824 26 35
14650133 38 50
613442 4 38
1671944 3 94
5834191 34 33
254489 5 7
12277647 79 51
12754 3 1
244802 1 40
797066 31 34
284466 3 46
156038 4 25
840966 6 52
232984 5 9
463429 7 68
20711671 52 95
143128 4 6
6941776 19 83
3553781 37 29
2713189 13 36
768871 2 82
752128 24 55
598941 27 13
3108264 5 96
5776089 28 43
183854 1 30
967034 16 10
8991131 10 122
519419 8 14
380442 13 18
1861403 44 8
243835 1 44
2698232 5 81
219690 6 7
768346 5 26
259371 2 22
1026685 49 7
3533162 70 7
437555 32 2
288930 1 40
27668 2 17
3468343 6 125
3158367 20 40
24165 19 1
26336 2 6
27921 4 1
1474874 61 17
254164 1 45
2411348 21 93
761540 24 21
3518189 42 16
273342 1 37
487345 1 80
12605006 27 58
1042036 11 75
476047 13 76
84779 15 6
127094 3 7
6309143 20 39
4967106 71 92
327924 4 64
361729 4 11
3831093 8 62
1889 1 2
5077863 8 98
4662710 21 34
20255 1 3
950801 23 9
6306464 32 33
195923 1 39
6757758 20 76
9357943 65 19
1869948 7 37
278735 3 18
122969 5 5
823404 25 8
540693 6 21
14897 1 10
1594140 38 7
2428014 20 20
8057204 12 107
18948732 36 86
36124 2 5
7164839 13 114
5888335 20 51
2437708 36 39
309259 40 1
142625 26 1
79435 1 16
10349297 23 80
5396321 10 80
1672592 3 81
2185654 43 19
1031953 4 61
616962 24 8
318675 29 4
1465027 12 22
484350 4 24
587140 4 23
6482 1 1
313114 4 17
800702 16 21
183713 2 16
671888 45 10
277767 25 15
399957 2 36
11316913 32 64
46443 1 29
3941360 21 78
3347879 11 55
5139410 38 25
516068 5 14
2467317 8 45
44761 10 1
3567078 9 90
163780 5 7
2373738 88 11
3508031 21 28
98055 7 3
329760 1 74
203599 1 41
286453 3 14
1426294 11 36
47898 22 1
771494 2 53
8182 5 3
7843499 40 38
643875 19 6
127112 2 20
12133 1 14
1118 1 1
6102 3 1
1786933 10 27
617768 6 33
765351 3 58
124265 23 5
52997 3 36
113333 8 2
503834 86 1
7609350 29 45
30879 2 2
237084 7 8
190164 6 5
74596 21 5
761362 6 18
38978 6 1
78186 12 1
465663 3 25
304929 16 17
833882 9 14
170186 5 13
8770335 41 78
539298 38 5
3129462 5 82
710416 22 6
559100 6 18
172249 6 6
91396 1 18
6058953 32 91
1067353 2 113
83503 12 1
2737619 9 55
48426169 80 96
6576782 47 31
26089 1 6
5412797 10 79
57306 1 11
86979 4 3
231316 2 67
6358966 13 97
293528 4 15
135089 1 30
244762 2 16
384662 5 45
2204372 16 32
1422559 60 5
162753 16 16
29100 1 6
1326427 5 37
114644 2 19
781096 12 9
312290 10 6
170088 8 33
138886 6 29
28172 1 15
8497 5 4
7180577 9 106
28570 1 4
109927 4 5
8204854 25 67
4300056 104 8
1033511 4 34
152959 19 6
1631986 11 57
19063228 59 44
3964452 23 41
268046 9 6
378425 5 25
2270337 7 72
445853 3 88
466903 1 81
187728 7 6
45151 11 2
5127560 15 47
552340 54 3
392895 19 24
25338 2 2
2770869 89 7
5232679 42 42
2676764 6 83
157720 2 22
515910 16 45
4332111 18 59
522542 2 42
3100298 14 35
202933 14 12
4763686 13 51
2662576 5 76
219719 5 65
100530 1 24
1036315 2 79
29640393 85 43
780985 54 20
2757691 8 46
163450 2 16
51277 2 14
2449600 32 11
100161 2 30
25175 11 1
5135443 28 68
18117356 29 84
1868461 47 8
422859 5 12
1164995 6 44
2173619 4 76
8805967 23 80
4747767 36 18
332107 4 14
381759 1 75
585645 28 4
2322661 47 23
503393 42 8
79353 2 7
200703 2 38
1135550 11 29
179822 3 14
254923 10 6
299791 2 25
13186162 53 55
187113 6 15
298733 5 12
896944 3 55
167704 16 4
304218 1 66
599372 2 43
781701 3 109
419219 8 79
34512 2 4
5415 12 1
119911 2 10
17154559 39 80
114836 2 90
78317 2 13
633361 3 38
267669 5 38
1949197 42 7
3140632 52 11
274099 1 46
13293 1 3
611116 4 87
597280 4 29
3415409 11 61
4859874 7 99
3635303 5 113
834701 20 20
2209619 32 10
18674 1 3
5151769 14 64
1010801 14 13
143060 3 8
3865056 25 26
533250 13 33
6052519 13 89
2415453 4 86
526095 22 20
266698 2 17
8332 3 2
5790142 54 113
759082 8 18
150181 84 1
60791 2 19
523929 5 15
65663 12 1
62105 1 12
3109622 79 7
274827 2 24
4383632 26 32
15498 3 7
1580917 30 24
937180 2 87
1437278 5 84
910242 2 79
7357424 57 20
774329 21 58
10379 1 2
17716927 74 66
221234 1 42
131835 19 5
75448 1 42
16957 2 13
88921 11 1
4374745 21 31
884112 3 76
2903897 21 17
670055 5 22
260113 47 2
463777 3 82
1581911 104 2
5100363 15 53
2395944 36 28
601422 7 23
597563 16 8
7307687 12 94
459773 64 1
1814063 53 35
6209938 13 74
7228682 31 71
19941353 29 113
481378 11 28
6317228 47 24
3959349 28 22
149037 1 112
404385 8 31
486307 3 51
572396 3 31
12267391 44 66
2882335 21 53
658229 14 59
8198509 25 121
463636 5 55
54109 2 4
18848 6 2
406469 8 7
205525 1 45
145839 3 51
54675 6 4
6513161 23 42
450404 21 3
61762 2 4
28102909 57 86
14663573 29 65
3597299 36 57
610700 35 9
13810241 50 74
43736 2 4
18116331 50 81
2000873 32 14
1129364 19 62
3443811 19 43
9167 2 2
102768 1 123
776485 8 45
1514880 10 28
2104781 51 8
54258 4 6
301259 1 46
854035 42 5
363881 9 9
7028347 24 40
245665 5 10
16928214 75 38
9705216 25 83
1105807 2 83
1265653 16 18
2502599 53 11
326696 4 36
22903 1 18
152403 2 12
3631930 20 81
18702061 34 73
1116530 11 16
3640365 5 109
1925228 9 40
1206848 24 8
291559 1 46
909113 24 5
1800647 4 56
564896 10 11
4488042 15 52
82005 2 9
3815223 29 68
767185 13 10
24076 3 3
979783 24 9
835660 18 7
1554586 3 89
72058 3 4
2653154 31 22
2320755 4 91
4827338 17 42
10089805 77 72
812158 8 15
410485 1 51
14013907 20 126
7066 12 1
2654977 38 45
127649 1 17
2423730 5 59
565901 11 10
55033 1 24
570808 18 5
1083469 2 112
2325839 12 39
462765 60 1
2319635 7 48
334765 1 70
8079630 12 126
2426300 19 32
163857 1 44
4208579 10 61
207645 7 71
4401800 55 19
851616 17 47
76416 1 54
1167046 3 72
20451635 61 46
880687 4 37
1190407 50 42
43515 1 8
4169377 11 105
1150210 8 34
2729516 9 59
16186 18 1
709784 6 78
6469 2 6
1596614 40 16
29204 7 1
2599482 19 26
17188 2 2
6066686 74 19
361844 4 18
150286 3 27
141867 12 3
161234 19 2
720347 2 79
45176 48 2
37826 2 4
7443558 31 48
20321905 27 99
314297 13 8
18310844 72 35
18290 3 1
95936 1 23
36580 4 2
1070385 3 72
653996 4 28
81466 1 10
643997 1 94
9283 1 20
135534 19 1
2440871 42 13
252672 1 93
43641 1 14
2791314 8 67
811826 12 31
168383 7 16
2843588 13 30
155078 1 26
3789318 6 82
950376 26 36
2427144 22 27
151426 29 4
771213 5 130
149259 1 55
5288352 8 90
409099 1 83
610731 2 78
3725871 16 46
180575 2 21
6753583 15 68
9906 9 2
7974871 14 78
5119595 57 61
980473 5 35
156463 5 4
12554309 56 30
406812 2 27
295498 12 4
3348029 7 81
53483 6 15
106637 9 6
18782 10 1
12930090 32 55
648692 26 4
1210635 73 4
663632 2 44
1482614 21 12
199976 79 4
8100475 11 94
7283448 18 91
1414056 21 10
674211 16 7
325903 2 23
81445 13 3
249593 3 19
309985 1 48
1116408 24 11
3624901 14 84
6335019 16 66
1010868 5 105
636010 2 44
12801 7 4
294325 2 93
2083590 10 42
855745 8 24
4034777 19 48
3675016 6 86
176606 1 22
2866397 14 37
137004 8 13
42006 1 59
167898 32 4
4688763 21 39
901577 10 20
304655 3 37
13978653 48 61
11478393 19 90
53163 1 7
3679412 25 27
1407983 12 36
4351707 52 11
16763 1 11
175533 4 27
229383 8 20
499092 13 6
137759 15 19
15993819 23 110
2371199 56 27
428163 28 3
193259 16 3
435245 3 22
175597 1 66
435938 1 102
832091 51 30
3058974 11 50
159516 6 13
182506 29 1
81810 4 20
10797351 38 46
5357 6 1
440696 1 65
285722 1 57
17710286 27 98
485789 51 2
1329021 2 88
23270260 44 71
28276 1 29
976234 27 19
237718 1 50
983635 6 35
2012470 22 13
160195 16 2
137850 19 1
949540 39 5
900369 23 8
4356244 104 42
406827 2 73
2291169 11 26
634853 8 13
9922499 99 55
28278450 36 96
226178 6 30
1554946 76 35
188411 9 3
1594326 56 5
11058255 24 59
88917 11 1
2098689 7 83
40444 1 12
8780601 53 26
615805 7 49
114914 3 7
52236 10 2
350236 13 8
130873 55 1
4195053 17 42
1057448 16 12
6830505 19 62
4391299 7 121
1329163 8 58
781279 5 25
18676633 52 85
2540552 33 60
517235 9 9
114538 1 14
118784 14 2
1040134 46 8
6665876 30 47
17712396 23 98
8532439 62 24
103114 2 19
2192447 31 31
5399723 23 40
51084 2 6
1044673 13 47
214174 2 47
14780 1 6
1215364 10 69
10845101 25 62
58150 1 29
3862224 12 44
683748 41 4
3684277 28 23
47130 6 18
3472653 80 11
1095099 7 26
5115031 15 83
410281 18 5
318173 1 56
15771592 23 95
71295 8 21
1885244 8 34
4075570 8 76
503219 1 107
1369805 9 21
18975909 64 68
1994461 44 8
1661396 20 48
4741242 23 63
3567360 22 24
27941 1 8
10403310 21 74
414453 1 67
100484 2 49
293285 42 1
2174342 8 55
7110681 33 31
1642953 63 4
15043155 61 54
1092161 4 34
221426 5 8
201910 1 45
272477 38 2
836038 5 30
1757807 22 45
2433834 8 62
83796 1 50
11697 1 25
539735 5 25
4752501 16 49
2279450 8 58
205541 2 96
9783004 21 65
22158884 31 106
138739 11 14
220522 1 53
107751 2 11
217486 1 29
17785305 31 76
1249216 13 16
8661 9 1
463225 2 52
667949 59 2
245946 6 14
854966 5 41
455309 2 114
2198899 5 91
137304 30 1
27516015 59 68
10442387 23 106
98015 4 6
113984 6 10
160880 3 76
34547 2 30
373706 1 63
4665648 93 21
189538 9 5
907456 14 10
30302640 67 75
78138 1 18
4479682 54 16
4227036 35 19
157589 1 29
927181 27 8
31661483 72 57
5211409 6 135
167292 13 29
1124105 6 77
34757 1 33
198568 1 34
10383489 19 68
240658 1 52
219811 1 100
146585 25 3
25528 1 4
12802581 45 43
1384927 31 9
927766 51 4
32058 4 1
3474203 30 24
6595038 47 18
613093 9 16
970826 14 9
584912 2 58
8000791 31 41
229203 1 29
12334188 54 56
852776 16 7
311772 1 39
26779 1 8
641693 4 24
11619936 17 97
454550 8 9
1568891 10 21
910014 6 27
1206282 3 92
2029264 17 42
9374720 40 37
111514 1 22
50729 1 42
2200805 7 117
65351 7 8
5781694 25 38
6877 7 1
7533086 46 123
129030 1 75
13553 1 2
30696 2 10
1023305 10 34
6437793 12 79
65904 1 63
3836203 5 105
1332270 50 41
1770592 87 4
66964 1 16
1659652 5 61
591591 2 61
349894 6 12
1960047 35 10
10867317 19 106
862399 1 119
2134759 52 7
680251 87 1
158180 2 53
31599 6 1
25922 3 2
2639082 9 84
1269089 9 89
7614892 45 33
5998763 41 95
30825868 76 51
122584 1 25
3352389 7 69
105180 1 20
316555 37 9
501009 3 29
1115198 5 57
240965 1 31
9321182 72 22
78813 2 5
115641 3 17
250988 31 17
52306 3 9
6608538 14 100
919649 11 13
252190 4 46
6137448 56 47
1894283 11 98
598993 7 107
227252 26 6
126190 1 19
1323856 6 36
2844768 16 110
356759 3 94
383060 20 15
133445 7 4
150256 5 4
2564572 9 49
14020871 30 89
1458900 43 19
1852023 3 85
2605844 61 56
212864 1 32
1274717 56 4
20872 12 1
2802402 12 34
1728236 17 27
4430731 55 18
4878550 17 52
9706 5 1
1571346 14 56
1300716 6 49
1287904 32 9
5927680 23 53
228525 1 80
1059268 36 4
470154 4 16
82368 1 18
3997 1 2
107857 34 1
211723 1 36
46630 2 4
2514423 10 55
4280613 29 46
59538 10 1
588856 11 28
687475 8 14
240910 1 36
770055 4 36
1047376 5 27
852743 5 46
767754 13 26
458042 5 32
160159 21 1
909090 5 72
65806 3 41
96862 2 8
5141681 43 17
2519530 37 18
807618 8 43
5016617 37 17
392210 4 23
78196 8 6
168191 5 8
5697 1 2
716657 69 10
1543502 3 86
1580293 18 13
4750973 9 86
496376 5 19
11899427 23 64
3082120 19 24
438735 7 29
467672 24 16
713375 2 86
147531 2 12
884058 12 17
412564 8 15
26569 1 51
4186526 22 94
32229037 72 84
5815575 24 54
1510315 5 38
1230850 3 60
883852 69 5
252041 19 3
760258 13 22
1161030 6 34
701526 83 11
85850 3 64
7332223 25 51
1314163 67 7
1191662 15 12
128611 3 9
189389 2 39
291762 11 22
1066196 14 18
24731 37 1
418334 9 6
8765884 50 41
719077 14 9
3948299 21 34
55360 13 10
5861253 58 16
11114 9 1
1097924 5 40
9308273 72 48
1382401 2 127
1060725 2 97
20361 6 2
717745 3 41
18114401 62 39
385641 5 11
1158557 30 9
773786 45 4
4469370 33 21
233896 1 53
275664 3 13
5143227 18 81
2260826 45 10
7511799 91 11
10939552 18 118
9474714 49 45
4956687 15 63
1745629 5 52
1903015 55 12
1395036 23 8
82105 1 27
5063 2 2
826154 3 38
17802774 66 46
27554 1 6
183334 1 34
44383 4 15
519229 25 3
31261 7 4
5135389 16 39
2388610 31 18
86179 1 17
829939 8 15
1842 1 2
95918 1 21
15745059 38 65
732098 46 3
6774013 22 44
3565381 24 36
1341427 6 36
5314750 29 40
1096566 9 38
259460 11 6
13959407 76 29
4895853 30 21
467260 1 81
2623228 33 14
2223604 18 36
4019153 20 40
245966 41 6
657163 3 29
42465 2 6
1953016 26 13
63343 2 36
5140633 31 21
625424 3 55
3334432 25 31
16879 1 4
78759 3 19
718709 3 33
176778 2 32
200763 2 24
2867222 6 72
1181654 25 11
2270441 60 8
26678 1 6
944293 4 100
29099 8 6
13459078 106 28
281216 7 9
1457679 6 37
580758 1 78
31863 3 7
6114707 32 33
8797991 29 62
1411300 18 37
1203326 13 16
1684607 25 11
792244 5 24
2961888 62 27
238834 3 14
286926 5 35
330608 18 13
1233096 5 30
5988948 9 110
1893550 31 28
2736978 7 70
3452121 52 13
73397 5 2
451807 1 64
3171341 5 77
145567 32 1
26334454 98 93
3327829 47 54
184807 14 2
675268 8 16
14907 1 5
895747 4 30
7708 1 2
1017637 41 4
736651 9 44
129801 3 12
450238 10 6
437018 2 29
893385 6 54
88307 5 5
326013 16 13
983627 5 39
115475 5 11
440108 18 33
17208964 24 88
39853 1 47
4940173 36 48
35223 4 17
24172 5 5
1378387 13 25
1039452 16 15
187105 18 7
871541 29 37
1336636 31 64
91715 2 41
35828 1 35
376139 5 45
19524 1 4
4464760 18 103
2252633 15 45
17812747 34 80
1656168 42 7
1459499 22 15
189478 11 3
11259 3 6
178438 5 5
695371 3 49
25192 4 1
17194947 28 88
78412 9 19
32457 4 5
543001 4 88
8182164 45 38
181150 2 18
18466015 35 79
109617 13 2
8241540 52 29
960371 32 15
2363528 10 46
590048 3 58
4814567 25 49
1011134 21 7
1624813 11 61
401546 25 3
2671189 45 11
3136776 13 53
914826 26 10
7549982 14 116
401919 1 84
311536 3 15
1970880 41 6
7591523 16 58
16052 1 2
47886 1 7
2953329 15 37
79141 8 2
119212 6 4
28151 4 1
15744202 43 48
178874 45 1
90685 3 63
2828124 7 64
154148 2 11
22149112 64 44
371328 1 60
2016540 14 27
20219029 42 115
3225073 47 24
31900 16 3
1785128 14 22
302246 11 34
1809758 9 47
251815 1 43
173129 3 11
6279712 32 65
198654 4 40
801267 5 23
771823 10 12
5652416 77 84
3269185 21 36
39051 5 2
3099376 19 36
5518 1 3
1012669 20 10
43859 1 7
4714774 18 47
684808 11 11
7223963 77 56
5900168 30 44
1167194 6 46
1355267 4 78
5203217 13 102
282812 11 16
178667 1 69
2839595 28 19
238009 1 35
6578627 71 27
188558 1 51
675187 16 33
81872 2 5
1179328 2 83
1660423 11 29
3817052 20 36
1022469 4 35
5806 2 2
345034 6 8
42301 1 13
5573055 33 30
182774 5 10
6122348 94 9
218150 2 26
123178 9 12
48963 5 2
148520 8 3
73447 9 3
19123481 35 114
1145134 15 15
2713174 7 82
2794067 6 71
8878955 83 66
4635552 40 15
148120 1 21
19977266 65 96
1171529 13 37
2336444 14 30
765088 6 24
359117 2 26
182574 9 8
19736 1 44
295183 1 118
683205 11 13
4932969 13 78
89389 1 25
6101128 19 51
449025 5 15
8092563 14 79
12979 4 5
444124 1 65
189747 1 29
1549304 4 55
265709 1 65
216930 3 63
198589 1 48
483361 4 107
360783 1 45
175358 4 8
12366389 43 35
71230 20 5
3229 2 1
2840162 5 77
22401699 60 57
161670 3 25
797860 8 22
1558420 21 34
195726 12 25
117575 2 12
55180 1 25
10078919 20 101
263555 4 11
2898718 46 10
6868949 65 76
1506016 8 35
1193938 14 13
4419368 82 106
189493 9 35
10836190 23 84
2233693 11 31
76190 4 40
565255 2 63
1157343 8 24
3414483 5 90
460173 7 86
821762 4 40
18407933 33 112
17543095 58 43
295502 10 43
809001 4 25
13541226 41 61
239859 8 4
161203 1 64
480665 9 9
28223090 40 103
459271 14 9
174098 2 19
7122649 45 38
187220 39 1
781792 30 10
1797891 70 40
359128 7 44
239072 6 34
196614 6 7
208431 2 22
14925738 31 118
16607 3 1
6046564 29 43
42524 9 9
1064186 42 5
39638 1 21
2759093 33 11
3746 1 1
296305 8 6
1199570 21 7
611508 5 77
73128 3 8
268388 2 31
115360 1 92
2335870 41 10
110708 1 15
1004206 12 19
1869359 16 18
7749135 24 57
182554 8 4
669848 4 23
564116 2 86
280642 2 20
3893535 26 50
3992694 25 32
10386869 32 68
344028 4 18
2886355 46 42
28608 5 1
3133755 12 57
580638 8 38
3437718 26 23
3267999 6 80
7926468 35 35
7227253 40 33
44572 2 6
131517 1 53
426117 7 50
136140 34 7
4895067 93 11
23452 4 9
27037 1 59
7333574 58 114
146791 3 11
450167 2 69
355371 29 13
85356 19 4
5607 1 1
840837 6 33
538185 16 45
684387 17 9
3170985 19 58
2820349 25 16
992571 3 55
143449 2 38
474842 28 3
12983364 49 33
23890098 67 55
21824 1 29
330384 7 14
1658955 3 69
852980 15 54
16985913 38 58
66635 1 17
9249994 53 48
107242 46 1
200893 3 34
303985 3 32
1935118 30 40
486445 16 6
558395 5 17
1106201 9 16
250078 1 70
234054 16 11
146100 23 3
1601490 7 104
91857 9 2
188940 10 3
2034303 40 20
2142954 13 71
362593 2 44
27092 1 55
229158 2 79
609370 7 13
281498 7 5
572057 13 86
3443251 27 53
647309 25 6
2515923 11 47
110892 30 1
82378 6 15
349441 9 13
412843 8 8
5879 1 3
2075460 43 8
5421597 14 64
429438 13 6
3206031 17 25
3107342 35 15
48293 2 3
91144 1 15
191396 14 3
2219727 57 86
622681 4 126
1455113 22 10
2750089 38 10
1253126 9 48
12832901 29 58
850300 1 106
5855894 13 64
2271052 11 26
2114166 8 39
908188 26 8
353641 20 3
341721 24 5
353566 2 37
247063 4 11
3579531 33 14
1051146 7 19
40753 1 6
872226 13 10
2074954 10 29
973377 6 30
18428 3 4
112566 14 1
2913715 45 13
1497605 15 39
14176892 30 67
834223 9 22
5962359 49 17
5560505 16 53
395897 3 29
1204553 7 23
67786 1 66
372658 5 19
294067 8 5
525040 19 8
555831 7 15
1792292 11 26
2967092 5 79
489520 7 11
2048732 7 118
641218 15 12
408193 20 13
2576921 4 90
2070706 4 82
903229 9 28
996793 26 22
148924 4 6
2126262 25 73
792533 5 32
9769906 29 111
587719 2 61
9182498 28 70
65949 15 10
606810 29 9
2742352 48 7
476167 7 23
849120 35 16
6203414 18 54
148308 9 34
60081 2 9
16810037 91 25
8045570 22 74
134799 1 33
40106484 102 89
6748320 15 74
6289 1 12
2627825 12 30
47627 1 65
1993722 10 75
1745290 11 21
2624062 34 21
9347647 65 26
74400 19 8
507167 47 2
1870202 38 87
257461 3 17
797076 12 13
676051 19 6
7577924 70 24
16054 2 1
1550879 6 56
4706510 19 43
3496744 12 58
2057947 26 13
4372333 48 62
683831 2 64
12918 3 1
1273115 7 34
7488791 39 44
20416 1 3
20905083 72 45
1883081 4 62
61841 17 6
257932 18 2
58533 2 6
31612 4 4
19889962 82 38
5971967 18 50
33882 24 1
880221 2 94
14022166 92 21
7094718 32 62
1943163 17 25
469046 4 26
175474 7 8
720416 15 8
167165 1 36
635108 8 23
39555 44 2
12262501 43 60
2264446 26 20
6775425 16 65
3449534 74 17
536386 11 66
226098 3 27
356700 2 26
840684 4 43
16469 9 3
13924376 65 47
4416898 12 53
79511 1 13
26929346 79 74
497012 25 12
4191438 16 94
1304315 62 35
704672 5 21
22544 1 3
181531 2 17
36823385 105 98
699924 15 7
66253 1 17
336147 3 47
143072 2 12
576679 4 22
3892602 27 30
465114 9 19
1072276 5 36
924209 2 111
4176449 30 18
759660 10 44
204307 6 40
1846803 5 48
1776423 17 15
1184115 6 31
771349 37 15
201096 3 16
662404 2 42
2603771 18 26
2876635 8 56
94040 1 13
774987 31 47
1084363 7 36
59997 2 5
3391310 7 59
2239074 16 29
599111 19 6
459750 3 30
1879336 12 28
118485 18 11
679692 42 4
823232 14 14
1422224 25 8
39726075 54 110
39343 15 2
272048 3 36
262547 12 3
1346525 32 11
7526210 23 40
11264935 78 19
11338229 23 75
1806472 21 17
53883 13 1
692378 2 85
225438 56 4
597699 12 11
152556 4 7
8576 3 1
1342594 9 23
1017584 2 106
179513 17 25
489220 7 22
5798707 24 38
4565 9 1
13240 1 9
577171 1 88
268057 4 9
62198 1 18
5831874 30 44
492451 6 24
292973 29 2
763108 3 32
320884 17 4
580111 12 46
356034 1 46
2778696 13 33
1464383 19 107
9981106 26 70
1429273 11 69
2042193 59 5
5074074 12 89
13166973 25 75
921985 17 9
79965 21 1
65422 2 4
973693 2 84
690236 26 5
548322 15 6
52113 27 1
4386735 35 25
3001130 14 62
19383057 65 74
573576 2 37
12417 2 1
146709 17 2
3937143 30 26
2276380 14 26
247868 6 13
230880 3 14
2510028 22 19
5678468 17 71
2649039 23 18
62403 9 1
26136500 56 65
9147 2 1
138628 1 22
374826 1 50
264322 2 54
27702 3 4
670952 1 97
159480 1 22
612226 7 21
209426 13 7
2561391 17 21
186959 1 28
1884975 42 15
173257 1 33
3742716 18 26
1684490 56 30
949812 12 11
19096977 44 112
120170 1 17
2156514 52 7
449388 7 23
4158845 14 46
201884 13 7
329064 5 47
182023 36 6
13768481 35 61
20537 2 2
628095 23 27
701193 41 15
130349 1 21
2229391 34 11
2999518 24 69
134273 3 12
6855586 34 42
241498 6 6
5775347 71 17
3025690 24 21
580112 8 15
24181 1 4
73834 4 3
28342 3 12
9133 2 1
134131 7 4
3135221 5 104
87524 7 20
9255968 83 27
9874 9 2
24612 2 2
2038305 15 55
4913906 43 68
36748 1 26
445966 8 13
1257602 25 7
377637 29 6
3891289 17 51
109885 4 6
24325 1 30
169413 1 78
263060 21 4
829269 9 12
324470 17 6
2663724 14 25
448840 25 4
21079 4 8
1740413 7 38
207466 4 30
4605191 21 47
29611 3 5
13755 3 1
3279 1 6
1173306 26 58
21493014 28 94
350633 2 23
840029 6 19
198559 3 13
643404 1 90
931402 8 90
33557431 77 94
1506196 107 2
5774 1 1
2535378 8 56
6357346 27 57
2832589 14 34
86844 13 1
295635 2 23
134972 2 38
632237 5 16
198352 40 1
4898054 29 22
4557194 15 40
378289 6 68
2902892 17 28
1619968 33 60
159498 1 38
2541386 10 75
3349026 14 41
1246471 38 15
283980 3 13
2619383 15 24
2454668 19 26
93575 3 16
192455 4 27
275910 1 35
451507 3 29
6459604 15 102
2076534 26 11
12566 3 1
156875 1 27
26327933 26 131
305845 5 51
2309482 15 44
25808 1 8
260103 26 2
3622449 17 34
4019623 49 12
32263700 81 75
91564 1 12
64756 1 67
8629329 28 49
229209 7 6
257316 4 10
2211623 15 77
118760 3 8
254872 3 18
4846112 58 21
633153 20 5
111774 10 14
759480 35 26
15225899 51 61
7226358 53 20
9120103 13 107
1849007 4 64
98505 3 20
1064151 18 47
1183687 16 89
7765310 17 59
657365 12 39
2588557 10 47
93166 47 1
281626 6 10
13923228 60 56
1593567 12 29
104596 19 1
12093544 28 75
23045690 29 101
1178382 11 19
255745 8 14
47801 1 47
956839 29 5
18425863 121 43
87819 1 18
139756 2 25
28965 33 2
3848530 46 12
1552778 46 52
423651 5 18
1114712 15 15
176239 52 2
811258 8 19
2807324 33 29
84884 8 8
808 1 1
6254794 35 47
2258978 31 24
13847848 45 56
39855 3 14
25302076 41 85
950474 7 55
577968 16 26
13338504 22 107
196686 3 42
1447283 4 75
1140720 8 27
60410 14 5
1816106 8 45
31834567 54 82
7499120 19 77
9513382 33 39
2740734 6 77
19372 4 5
7093458 54 20
6334471 9 116
93136 2 12
1083707 14 15
343578 8 52
7068070 40 35
392060 7 7
667602 19 7
2496517 13 28
1180215 4 47
2927985 9 48
2312351 9 43
86575 1 59
1257098 8 42
1758763 17 22
735834 16 6
357279 11 42
2236766 11 26
298606 7 11
1797035 5 66
332299 3 20
3307371 37 110
69694 1 14
403740 43 8
3178305 24 30
1067786 7 40
135235 1 51
16267 1 9
11832956 49 50
6622647 14 95
6460263 33 30
2224998 27 10
106110 1 16
14613 4 2
1288372 5 36
3455889 21 22
310672 18 11
553413 4 18
10330724 30 73
731942 15 8
106517 7 3
9762 8 1
2995235 21 48
4491 1 1
150327 1 60
19452634 36 112
617531 13 13
646630 3 47
305470 9 15
3514713 20 79
719270 10 31
6594537 62 19
690229 81 2
140572 1 46
384894 3 25
556015 7 17
9230136 20 59
126945 5 5
135631 3 49
3195040 6 84
336174 1 47
6839711 93 18
4439982 7 88
10763730 38 51
281596 2 22
788040 36 10
3823571 8 63
3018041 103 14
34004810 113 79
3927476 19 32
991101 14 12
3080194 17 33
2941251 12 49
67199 17 2
21407 2 4
8484020 30 119
41941 4 18
34621 1 19
104149 59 2
214175 8 5
3973065 22 126
9086 1 18
288667 1 67
6215 2 4
2956158 17 23
168385 1 49
357322 4 12
453775 7 9
135812 3 6
6597 1 10
28654 2 10
473639 5 12
4020782 10 95
14111970 46 44
1519873 4 61
502653 8 74
379868 4 22
17223090 62 46
66050 4 13
12697 1 2
1447856 23 10
473143 1 77
13921280 22 86
100357 5 14
313169 18 9
3053397 32 13
1117126 12 49
4054428 12 52
1655516 11 32
2409005 22 24
436882 13 18
7877035 26 61
1744250 35 19
604791 3 75
4599039 53 60
784675 7 96
7693172 26 42
45694 1 11
1104225 8 17
2622371 27 32
589376 32 9
45223 1 51
17440 4 5
1420724 18 23
301457 1 63
44992 1 6
1769708 13 20
14939484 21 127
7244218 31 107
3265016 6 69
80727 9 2
64462 13 8
351306 6 8
683869 1 106
148196 1 29
29106 1 48
1488871 17 38
3835 1 6
32389 2 5
18249511 29 91
1826972 50 7
1554956 7 45
542089 7 14
4407897 13 52
29249423 109 75
5850626 11 81
4537343 82 117
1491257 63 4
435526 22 4
2498 5 1
66562096 86 122
55877 11 2
573944 5 72
3196566 13 30
206084 2 21
14355515 35 56
21006247 37 93
1966940 40 14
544500 23 3
412543 3 29
413255 1 101
6146946 23 46
3523333 30 15
70100 5 27
1588495 5 54
132399 4 49
5753227 30 31
314708 23 13
499831 2 56
1781998 2 128
21892 3 6
511782 17 16
193293 4 10
42512 1 8
4182934 6 87
1681736 11 28
1768446 14 78
9775800 30 96
108376 1 25
117187 4 5
1250854 4 59
718295 2 52
521529 3 23
549843 7 28
223019 1 71
215282 3 34
3779169 6 99
307091 3 25
2737555 46 9
388204 10 7
237509 5 6
412741 7 29
388328 39 2
5649133 43 20
273485 8 12
161100 2 33
1796732 15 17
33767 1 15
80100 5 18
2197911 9 42
205454 6 6
1031256 9 24
1108681 8 95
3116994 19 34
8039043 21 89
179279 1 32
1869120 17 14
187194 38 1
1687963 3 82
17828 13 2
833874 41 26
3337879 14 37
6039051 46 35
1322547 10 29
572976 26 7
3203648 23 39
32297 6 1
8698642 45 62
102372 1 104
5454453 40 17
12786 3 6
369522 40 5
36024 2 14
68026 3 14
36468 7 6
2434634 8 64
274273 18 4
69967 1 14
7714570 23 105
834539 5 62
201135 1 30
1439157 8 22
1626683 36 8
63440 3 9
2754884 11 33
94631 5 6
111093 1 25
203024 72 1
10512969 40 32
1165554 18 9
25698 2 2
2848696 8 49
48774196 80 85
197801 5 13
420618 1 84
142915 1 78
2093640 14 34
1780199 35 31
1375228 8 33
1227740 12 28
5356 1 1
4328220 44 17
5723759 12 63
27095 2 2
563924 15 53
218538 6 5
704497 7 53
301006 3 41
14208660 17 108
62353 1 15
150840 2 10
186744 3 74
120357 2 9
8032322 66 25
59292 4 3
28805 14 1
25437 3 4
1306618 3 64
438316 8 12
927878 14 10
2475957 25 16
2564972 30 19
320464 1 41
656187 12 11
1151640 11 16
172421 1 59
505417 3 41
3982779 6 86
98099 1 26
5595008 43 26
179426 5 77
820264 2 77
1268192 8 26
751897 8 17
351797 3 47
595774 13 7
144998 3 25
11091484 89 19
4264702 45 97
94311 6 8
904708 2 69
1261015 20 10
11360132 40 37
17673 4 1
5020233 19 101
359548 4 32
1822534 33 16
9040208 12 114
480640 8 70
12381992 20 82
5562927 10 83
560253 4 22
128556 1 23
1927994 15 19
48150 18 2
1267388 33 6
1190760 56 5
57578 3 3
3958608 16 47
220570 1 48
3434519 10 48
48689 3 5
979658 22 59
2368136 44 8
8578199 62 64
4547675 6 102
918479 77 7
6917851 28 38
8290064 36 39
1232452 7 33
5589733 69 17
49155 3 2
51400 12 1
2892858 9 58
189572 15 3
170619 1 40
310215 10 5
1814495 75 48
3529628 5 94
921605 30 4
5525282 56 84
2564483 7 82
530203 2 36
119688 4 47
49815 1 40
519408 2 44
1694411 25 12
1794594 16 19
291282 13 23
198408 32 1
2976447 20 26
4948513 20 132
365179 8 9
305389 35 4
1072652 53 48
4426811 10 91
5202898 9 78
818110 3 69
8765404 14 82
4655765 13 73
24212 4 13
1601284 8 40
446694 6 14
313670 4 10
3225287 12 49
371726 1 69
499133 3 28
366219 12 5
1807066 41 22
16187759 21 114
6580744 90 9
362767 14 15
1372557 15 17
144483 2 29
4828680 17 66
399703 16 18
50475 2 11
402988 15 16
4021979 14 49
155554 51 3
262330 1 60
507163 18 12
1562704 19 16
1128832 4 51
1113013 20 11
1248699 57 18
78178 1 36
102512 9 7
3565032 22 21
16273 1 9
8777953 27 64
320878 1 77
6144766 13 84
3227537 26 63
53545 1 19
2002998 7 43
4121750 34 17
21216343 69 40
1462623 6 32
153078 2 92
271216 3 36
709197 6 111
413779 29 5
71709 2 45
26005 3 2
6705507 26 33
134786 2 9
356833 16 45
366976 27 2
28335317 73 49
7725005 57 20
72885 10 1
194765 15 2
1908735 9 42
45371 2 3
288788 1 67
1157051 9 21
9099902 32 54
4652239 12 79
5213813 93 13
6533300 11 97
390798 38 6
29106 1 49
1636114 32 59
5101924 25 49
299798 4 11
414037 1 77
19309 2 2
304769 14 17
4159365 9 105
158939 1 80
3840615 8 62
41565 1 20
870813 3 49
6195874 20 63
9797629 34 66
751357 3 37
2852812 24 16
63562 2 7
342803 2 36
346047 6 12
271463 8 7
207330 25 2
19544048 82 30
1475600 2 104
126374 1 28
32651 2 3
273186 64 2
109825 1 24
52426 1 48
6090100 14 90
1344544 6 28
1933823 15 41
10496701 63 21
3747205 6 111
54921 4 2
80037 8 4
1340437 21 52
4872543 19 35
3249438 13 53
107545 18 3
90835 21 1
415371 1 53
84899 2 42
1792649 33 69
604267 16 7
348188 3 23
10290525 50 39
16917002 23 111
523714 6 20
18232744 41 66
6941504 32 44
1531382 5 43
1699577 4 60
218335 2 20
725004 14 8
649521 14 19
1232462 17 70
377722 1 85
4398 1 1
6976479 48 48
5314053 10 112
4317454 36 29
477261 5 15
55819 2 4
1968086 32 35
1707653 98 6
2931278 53 42
852878 15 11
445803 3 35
278258 1 54
345356 31 6
682061 29 28
5351158 64 43
30550278 75 88
529686 14 5
970002 2 84
16170 1 21
1177113 18 14
5261615 51 17
395142 5 12
200918 2 21
427391 2 28
4380927 13 80
66753 4 33
1091783 14 15
1356745 17 31
357334 16 5
253073 22 5
115091 8 22
568686 2 50
1429088 12 25
2048795 20 13
29616 2 14
158506 1 39
210601 6 14
1810448 31 33
43194 1 42
18856 15 1
835133 7 23
371082 24 6
84466 10 15
2708611 13 28
254130 13 22
311525 2 33
1345792 60 4
123293 4 11
171974 6 9
9365845 40 70
1158449 33 6
1981289 25 35
11097596 42 33
30715 2 9
2556869 14 27
9642340 32 60
454867 19 3
25604495 34 111
1220707 27 36
19060 1 43
475292 4 23
91474 2 24
74904 3 18
98958 2 16
18604 1 17
285319 41 4
675734 45 7
110062 1 23
376782 1 46
203488 13 2
1130229 16 66
750287 24 28
173311 52 1
5888721 19 38
13002 7 1
2844514 13 61
470848 1 63
403167 13 5
2304419 38 37
6159802 60 17
2538722 11 39
1538563 22 22
455724 4 22
754752 2 66
1442267 12 24
549173 1 113
395957 2 28
903769 3 41
130530 2 12
632728 3 36
275037 1 109
43942 14 1
1255886 4 43
1373243 10 23
6669638 43 19
431458 1 68
558141 24 38
1365310 24 13
3168989 8 64
48562 8 2
1812836 28 14
160112 6 5
2384496 10 62
2361552 26 12
4925791 47 119
170811 1 31
83487 3 31
218289 3 33
30417 5 1
10701598 36 61
1990056 14 50
392638 4 18
8335101 37 51
14704311 23 101
7921981 18 102
1161794 11 80
2043374 9 132
1611648 29 7
68476 14 1
3199557 38 16
536192 6 96
910556 8 19
2822160 9 46
22360 1 28
492560 29 4
1340125 13 20
5064461 11 102
1408516 6 36
223696 1 30
710946 26 18
1473731 14 17
655451 6 16
126469 3 10
963765 5 35
363885 1 53
318419 5 48
24244 1 16
12096 2 1
156294 1 36
1081289 20 8
99756 1 64
29607965 58 108
18247 2 2
901688 11 24
1100508 24 53
112504 1 27
10863934 21 70
14503577 48 40
46746 2 56
578113 3 24
69223 2 5
1992781 73 16
3762599 48 10
2197097 30 10
191455 4 7
40016 2 4
326155 6 9
434570 48 14
666628 2 47
820385 13 19
23059 1 21
1705580 6 44
291717 2 21
167248 3 9
486264 7 90
146659 3 16
14290 2 3
154303 7 5
401788 17 13
2779919 69 9
2193569 36 8
258742 20 3
742116 3 52
51678 3 5
21087904 87 54
756200 10 39
529573 2 63
833587 5 37
1071331 15 20
28940637 76 90
106619 2 36
13070215 50 36
1000435 6 36
8224722 19 109
242320 66 3
1911535 16 17
8577 1 2
1293369 22 39
2522912 33 15
26580010 80 52
9398313 33 42
69332 3 21
1683286 14 116
1299791 16 15
1110418 8 43
3785513 30 25
9386754 20 65
14474370 60 97
448162 18 9
26630225 72 46
9814731 39 43
83248 13 4
2249083 28 39
2251248 35 11
816661 8 51
484540 45 7
209945 22 4
9252609 23 95
357290 5 12
267716 25 2
243689 4 11
9718459 62 22
2479961 30 19
6706013 15 58
3896324 61 14
84794 5 9
137975 2 28
455164 13 17
671568 12 18
4234241 36 17
639776 29 12
507760 7 28
7628969 71 32
130185 16 3
5527540 47 28
771945 26 5
690736 1 85
5522 1 1
1207901 69 21
184887 4 6
801208 2 60
3341749 63 18
1985299 12 84
1394637 9 23
69281 3 50
5718346 15 79
299875 12 7
1345866 29 10
33936 4 2
28166 5 5
7572 1 1
1714938 8 41
52921 3 3
2905557 9 70
249543 31 5
14711329 42 69
3397462 56 14
409505 8 12
704325 13 10
183535 22 8
14139464 22 98
1128673 8 18
996063 87 4
1039376 16 89
4386544 13 50
2070797 40 32
55884 2 17
743645 36 26
225037 7 42
498989 16 69
320735 15 20
123894 1 20
72042 1 20
124980 1 49
2832972 9 52
253592 1 54
192402 1 44
158245 24 1
280634 3 17
14625 1 2
26453070 60 80
8419016 29 74
51936 1 18
35276 1 15
3455998 10 52
9235137 40 123
4511328 26 40
1003007 6 64
787342 4 29
1820028 19 19
1269751 25 9
2163457 5 67
4339236 9 78
419306 35 6
602973 12 11
20876 3 4
3897373 9 64
13681 1 2
10975 2 7
3722772 11 56
144199 1 66
2636242 8 61
658356 8 18
13484 1 2
95570 1 22
6233607 31 42
13890525 39 54
1444992 2 99
546539 7 45
17819 3 10
42075 4 2
2242082 44 11
1067217 27 30
1578565 8 79
105355 3 5
52280 6 2
174812 20 7
232875 23 5
569868 4 37
431336 3 46
3813734 40 73
5391663 18 62
9067614 27 55
234214 20 2
1043418 2 100
2306489 43 78
199465 24 20
40236 10 8
21480743 57 52
4042880 31 28
247506 7 6
20309 6 5
1113155 10 21
25710 1 37
1683479 16 13
417773 3 34
256052 8 5
5259280 54 16
8990937 34 64
194770 13 26
67369 1 28
10629621 30 65
7695 7 2
923069 2 76
1616 1 2
2951074 11 63
6664786 30 32
246423 13 37
587094 47 2
385124 9 26
334567 5 12
2679480 44 9
129255 9 3
556621 1 114
10956167 18 113
210647 6 20
330553 4 18
4134730 63 9
241052 3 40
246977 2 29
146855 11 4
483309 2 99
1080401 5 66
23116698 37 81
10180404 29 70
50106 2 29
4159 3 2
9519303 59 59
117933 1 35
201950 22 22
11783382 59 25
11684204 63 24
178506 2 21
13717569 114 17
43285 20 1
25671732 55 70
4729282 15 77
838659 3 111
194474 21 2
24066 9 1
1231481 6 45
1051849 82 8
99182 6 3
180955 1 27
1949720 7 67
525391 21 5
244565 46 12
2518509 8 84
15245829 91 35
223479 1 94
5837 1 1
81270 3 4
397788 1 64
2002323 33 12
136822 10 20
489007 21 5
1326660 9 37
6933284 10 87
669437 2 110
26691 1 17
923675 86 18
362938 1 60
318392 17 3
19987137 50 66
2629868 59 29
771324 5 84
7632267 37 26
122383 1 20
20552515 45 61
1110502 18 10
79200 2 6
2231144 11 41
4620850 8 80
5599168 22 35
7749807 40 77
22429 3 9
744923 3 36
236203 11 4
24931 1 13
42320 1 8
26141139 58 72
62692 10 5
71632 2 45
213168 3 10
1192427 31 8
474549 7 11
6998452 9 116
1455682 11 32
3626664 28 27
96205 1 15
655786 8 19
6855290 14 68
111562 5 4
1213538 34 6
67034 4 24
1222904 11 89
17987802 44 104
16299 8 1
466158 1 74
102837 1 21
370177 3 24
23303202 56 101
131609 30 1
319006 12 4
16069229 29 100
917217 3 62
2699162 10 81
3583011 61 9
14039 1 22
43010 2 20
4568880 81 31
5046162 36 27
4775907 16 39
3325091 23 72
7311603 58 58
277323 7 7
1684855 9 32
2296143 41 11
9620266 73 20
11836 1 2
213322 2 46
484883 4 67
235289 35 1
1028961 2 108
29738 4 4
790567 65 16
1007418 29 7
148501 7 3
1177745 16 16
2278246 11 51
11762167 43 45
4868057 16 51
177688 1 22
1480005 4 83
20669 1 3
2095539 7 59
73351 2 72
340286 9 9
5527652 13 72
1916816 63 6
520195 39 7
1287530 2 95
7211460 20 75
2068521 25 34
116568 1 21
27255 1 37
16788273 38 64
1339283 7 46
231804 3 117
541919 22 31
7415601 39 44
317406 39 8
1192189 8 65
122771 1 22
509736 1 104
211542 1 81
1716998 21 23
7096363 69 65
6999580 66 17
893236 10 24
71935 2 6
120451 6 34
15534589 23 89
1051690 11 42
1062561 10 18
3354902 48 43
748389 23 6
499059 23 24
1305583 45 5
111723 17 2
1055985 6 38
436121 10 25
69633 2 5
991235 11 50
114288 1 29
181349 21 8
10979277 20 104
235452 3 13
4203325 58 30
310665 11 9
1071202 82 5
502921 9 10
695426 7 13
998544 4 46
100060 1 24
133543 16 4
730121 4 24
2310635 11 28
12338 4 3
202888 5 5
17175 4 1
1459051 8 25
10772964 55 38
516130 1 95
50054 2 38
1097598 17 13
4103335 8 66
2476298 10 38
7569653 30 61
28531 14 3
229262 5 7
760182 2 54
48120 23 1
208829 2 18
758612 2 46
46561 1 13
10617 1 2
408739 58 2
1184398 15 15
11677614 48 41
33661 4 16
580569 20 47
3123025 41 58
247743 28 12
301574 27 6
109063 1 18
593137 6 23
3312386 39 16
81768 1 15
27071807 111 30
390237 5 25
574174 19 24
18021879 31 113
50250 5 2
426486 5 31
2543832 7 57
381589 3 28
2313875 17 37
405389 50 1
40693 5 2
31610139 114 57
243584 3 49
420226 8 50
1013222 38 4
214642 11 29
6023138 17 64
25563267 27 129
1325066 49 5
3144197 31 14
1218039 13 27
354404 22 3
1882747 23 13
6377457 23 113
5350486 19 48
136517 10 2
226873 4 34
769099 23 7
3173952 34 69
1044084 27 9
164642 2 12
36425 3 2
14484572 75 24
3589598 6 81
619193 22 12
231890 1 97
2860665 12 50
626580 6 58
1027450 6 34
1652176 9 31
2904762 58 9
1585708 6 35
227148 1 39
8735006 36 54
10811 4 2
21355 1 9
6667449 53 17
67859 10 6
1543099 5 43
33838 5 8
263158 3 18
82456 3 35
22096 23 1
194980 2 47
252203 1 35
1472113 10 27
2214965 53 51
12519331 26 71
1306530 10 32
41826 1 8
1087803 5 30
280891 2 27
439115 80 4
1575256 5 58
18801459 30 83
35786 10 3
660654 11 9
73437 8 10
14859 3 1
3380147 22 20
91859 4 3
11160797 25 97
26518 2 3
1741555 60 4
221279 9 38
2396334 13 43
568592 8 41
259685 5 12
243109 6 14
29495 2 3
1878746 11 89
306308 3 14
1149532 15 69
838003 8 27
496555 3 37
124223 7 3
1628945 16 15
9649108 22 80
394426 3 17
97439 3 16
327595 14 3
492999 4 82
8174746 97 22
530669 25 3
29429 1 14
1764759 5 66
564117 22 38
1480096 35 39
69933 4 7
125760 2 22
673986 1 90
2865772 43 67
1207224 7 33
96880 1 30
283416 3 16
1104674 7 22
542363 2 40
2797968 8 63
702681 54 14
61016 9 1
475972 2 34
1163393 12 97
4809839 32 28
2034499 22 48
2611459 22 17
4181 1 1
1231961 3 94
159021 28 1
1203016 22 42
928026 2 82
1834294 13 19
164969 5 6
153137 5 21
1804681 7 52
663297 5 22
6626703 31 45
707071 2 62
40392 1 91
3094157 4 111
2838852 13 43
953966 8 26
10959 2 1
389051 53 11
60515 12 4
12916 5 2
15221854 49 56
184678 1 37
15676014 20 97
513546 4 22
3509693 103 8
13477943 63 34
121283 2 15
11792 1 9
15392 1 4
438400 2 49
5220915 30 40
2716409 48 31
734128 76 12
698097 61 26
1383732 11 23
802857 4 65
298735 51 3
37773 1 9
698778 26 11
3763381 21 33
4576697 54 52
38787 1 9
4980084 55 14
2840 5 1
9163987 20 64
26327586 72 81
43281 4 5
971055 76 3
2983954 9 55
1909133 4 110
2401943 24 13
2174886 6 45
5210919 28 36
51063 6 2
29170680 58 79
2008853 7 113
99545 6 17
450305 8 11
8580044 38 53
12648497 24 89
949617 8 48
190276 7 46
1099135 3 49
4739012 6 120
2823552 66 64
1929908 30 27
12762441 25 116
739301 5 27
19396561 52 50
164248 19 3
778397 3 37
1141946 19 13
2063115 8 111
1915571 16 31
1892727 7 72
1733077 6 51
2564784 24 23
328105 14 32
188675 5 7
12761810 21 121
50928 5 8
1735862 67 14
365070 3 22
1659128 6 88
2352156 5 101
497706 23 4
71938 9 1
144940 3 9
253721 12 12
159887 10 7
1349375 27 13
9824 2 1
13810804 35 57
676966 64 4
4078956 10 93
445732 2 49
5008092 30 104
474780 15 5
27789 1 7
6065073 30 26
16590 1 11
33712 38 1
299497 23 2
101599 2 11
571850 26 4
17992 1 12
748450 10 36
351464 15 7
7651063 39 25
76762 7 6
3134163 37 48
3909014 7 122
2033753 8 44
4739869 36 72
915173 4 48
608691 82 14
66300 11 1
2824835 11 48
3077712 20 79
193831 15 18
2023223 6 73
7875 8 1
570280 8 29
136079 1 26
121609 8 6
26836770 44 102
29569381 54 91
326391 1 51
1445 1 1
512884 1 95
6390782 25 46
64668 1 19
15594988 29 123
72215 2 5
977263 6 20
1402017 5 58
25647727 80 69
1941520 29 12
738196 4 23
887361 1 132
1381560 6 37
62089 2 70
687028 2 96
875770 6 25
1563857 17 16
44617 2 6
141046 41 7
163466 35 1
9248 2 1
2826751 49 8
1876269 7 41
24311555 43 76
3636458 29 25
6422666 108 60
647411 3 30
10719528 39 58
644602 1 85
3245579 18 64
123821 3 9
1206935 52 4
1713125 14 17
276973 4 13
3407876 9 51
2243103 4 95
299503 1 43
172283 14 2
545137 13 12
58192 2 26
445429 31 3
448193 30 2
16411 1 24
386210 3 118
7794267 57 30
177270 2 26
1622360 5 43
37201 3 2
386052 3 80
42192 8 6
4274324 25 36
408612 4 16
54492 5 14
64362 6 5
504325 14 86
690438 5 104
1083980 16 10
985843 11 13
2941 1 2
423714 28 2
5816403 122 22
395243 21 8
12194770 30 89
2370176 25 23
8561404 75 22
14690 3 1
938648 5 99
1351596 5 35
653452 4 31
872420 52 3
20496 1 6
63266 2 29
112910 26 10
813159 4 34
20275 1 26
2074011 107 5
806307 9 69
6918003 22 45
249980 8 6
853232 19 50
145766 3 11
1484191 25 10
1310764 19 45
4683265 26 38
676162 10 28
1642390 13 32
25536010 63 75
679519 25 4
5991050 13 78
412061 10 29
50090 1 60
1209699 5 37
9492301 28 57
725846 11 34
531487 10 9
2785398 20 62
341727 1 51
408838 62 1
773386 4 37
457004 5 89
2581582 101 16
4394271 27 20
1277373 6 45
4779426 42 66
2401479 31 18
384545 2 32
152237 13 10
2008448 14 19
41959831 72 118
8239058 18 66
7594050 33 86
217179 1 28
245234 8 4
1368663 5 38
8321550 78 19
324733 13 4
1447177 24 59
5542992 34 34
19925553 74 62
2558238 23 57
23577342 44 84
30697 2 2
307631 12 6
10260624 18 100
7152396 67 72
288641 4 9
7612822 47 31
13617761 77 27
1856017 14 18
263746 10 41
200012 4 7
746796 3 58
260994 1 51
225603 1 36
106668 7 2
941855 23 9
584004 1 88
339431 3 61
294433 6 63
1352666 5 35
294668 28 2
661620 31 3
631976 1 78
85495 1 15
4900587 17 65
2633571 14 97
1499962 8 32
691125 5 20
1066137 12 14
36169 1 16
1678635 22 22
34119 8 1
464769 6 13
730803 7 42
29750543 54 97
95049 7 15
5624699 43 22
72623 1 17
81476 6 30
6221744 30 31
560260 8 12
747448 5 49
24584473 32 97
86416 8 2
420318 1 59
284194 1 51
165257 1 37
19317300 70 45
1467067 24 46
125629 2 28
421928 32 2
225016 1 35
17905 11 3
6453646 20 41
13131 1 10
2389892 98 35
964610 3 39
11283935 20 104
851632 18 15
13465304 30 62
57140 12 3
21649 1 5
8049117 18 71
282823 1 38
4647184 28 58
3550523 20 66
718833 5 18
3307920 8 64
99644 1 62
21528 1 4
468716 3 28
117719 3 5
9890807 25 53
1597219 8 30
893296 6 28
787237 9 14
25469 9 4
384210 28 9
329695 7 26
114009 6 3
2182156 9 42
2991717 63 8
328198 16 12
667776 15 10
658190 3 48
39694 2 11
4843423 21 50
256973 1 42
657480 56 3
1004542 69 3
1607 1 1
4181197 8 67
203631 1 26
555071 12 54
17964411 97 24
10720895 44 46
649922 2 80
91339 3 6
3219790 28 66
172953 8 29
1804924 10 88
3492142 49 38
407186 6 49
3611449 47 10
1099422 5 46
2625250 66 30
1491119 6 40
6330338 21 56
5535689 11 74
68284 1 9
1331972 14 18
23291 3 2
11193 6 4
3094974 10 45
1338838 22 8
1008914 4 49
268482 5 44
636755 57 2
3254461 14 62
389102 83 4
190033 2 20
197243 2 17
103263 1 39
2858615 12 36
2654149 6 70
257702 1 40
91077 1 57
93625 6 2
908046 64 28
1114645 67 10
2885963 11 68
90786 3 27
8345010 26 66
56448 10 2
67206 1 13
6409971 10 93
11544981 22 84
4451705 15 126
1682492 43 18
266749 32 2
1240950 20 15
390169 8 94
5248 1 3
1125424 13 30
310887 10 5
1142038 29 31
7281 1 7
7315014 45 44
8870 10 2
286328 9 48
1427612 13 22
346244 9 5
1870109 9 65
748564 1 107
4574314 9 63
398113 42 10
184157 1 31
1460677 20 9
625980 12 8
178325 7 5
2409052 32 18
368782 6 14
5513744 67 22
119281 2 36
3863908 8 61
399601 4 13
1389762 40 6
68658 5 14
12562 2 1
238780 1 31
429825 1 112
977969 8 32
41830 2 42
1259575 26 70
343073 2 29
36140 2 12
371255 3 36
147343 1 25
2830133 7 87
2317746 50 93
1169155 15 78
426801 29 5
176931 4 7
9390 11 2
3773176 11 50
123264 23 1
72555 25 6
500959 25 40
730222 6 29
15443910 29 69
77920 1 18
2282984 19 36
397051 12 68
323141 3 29
51621 2 15
376101 43 2
2431295 24 13
134709 3 10
1354943 19 10
2670020 33 15
223351 87 1
11670 1 17
395041 11 7
2651483 7 107
1549373 11 39
2434951 5 87
10937794 29 86
609727 4 29
617883 2 52
1580580 35 95
1360688 9 19
30795 2 2
23261367 42 77
1512407 10 26
384345 19 20
213194 4 17
111422 16 1
161280 1 85
4775016 18 45
2558243 6 114
76182 1 39
14762 16 1
146507 41 1
1043255 22 75
12077496 36 73
3992002 16 58
92731 10 2
426328 8 19
1156122 11 20
10080188 25 68
21083001 33 120
8319940 66 27
2213168 46 20
6136987 30 32
781873 4 65
2088190 67 19
956719 7 23
1745227 9 29
5091073 28 23
1612384 34 6
40451 1 36
2192820 24 20
309575 33 2
623059 7 11
78220 2 21
3459716 34 14
1447242 5 64
1526813 6 41
589565 3 38
2670464 19 115
30577678 44 90
507633 76 1
1346532 18 75
53394 1 10
206882 1 26
373590 9 10
129266 15 17
131755 5 4
307497 19 14
154334 7 4
1676278 26 13
2873341 4 90
13718 1 7
10604796 67 33
111599 7 7
2807011 8 81
737142 3 32
4377623 42 88
356328 4 81
14251513 26 97
690692 38 4
13372 1 6
127817 1 37
4440699 26 36
3503519 14 33
1058717 12 15
1339872 41 26
5827134 26 28
563884 6 102
6024 1 1
6288468 13 68
972044 2 92
77484 17 1
5537762 45 23
243480 14 5
8059197 31 44
551697 1 104
1973170 75 7
872673 8 19
225520 12 4
3641092 25 45
229107 46 2
1868184 93 5
128452 5 5
2641047 18 24
4458007 10 54
1052503 10 20
1386575 4 42
7644055 39 31
209847 25 17
3230244 9 50
2585585 5 85
213958 1 43
47612 11 1
489710 44 2
857074 23 33
142247 12 2
65788 7 14
3612913 32 24
456404 4 86
1601896 7 46
101242 12 2
1663309 13 27
1219224 40 59
433866 3 34
834168 24 6
713415 11 8
122096 28 1
15552422 27 72
184971 3 10
59100 13 1
30410 1 41
11368967 31 69
128035 4 17
4945104 26 26
3071088 28 18
315567 1 110
458748 11 16
656007 7 13
76675195 88 107
302532 3 45
2624779 5 64
246319 8 57
185217 5 8
655757 16 8
445582 23 3
10113046 36 112
800185 3 38
3318056 20 131
365307 53 10
1515141 4 76
2229297 5 54
363862 13 7
927829 30 24
345456 8 6
1299901 4 100
207867 3 24
5441384 13 93
710979 7 17
56808 3 23
96494 3 9
3177060 15 31
17009 1 10
375605 3 29
15547427 18 111
4555386 19 30
919122 20 7
202949 4 10
160838 1 34
40813 8 7
99345 1 80
5879989 40 27
158419 20 1
2432741 11 35
1255674 24 84
379060 2 38
3075736 17 41
492498 1 62
11522 1 3
28560 1 5
9035094 70 22
151662 6 10
331775 9 36
4211147 50 23
644241 10 25
16702053 57 56
326053 7 7
533870 14 5
423261 13 5
31280 7 1
4168178 28 23
385391 10 9
45981 8 1
1864489 59 11
592107 6 17
670237 10 9
898567 32 26
506893 4 19
64954 19 4
1467311 6 43
6090808 39 87
4533358 24 45
28286520 87 52
18746756 40 87
442101 14 4
281418 1 36
25323 3 4
1849687 28 15
98471 16 1
37471 1 7
3773358 12 54
1146092 38 49
18924402 45 86
4995250 9 82
1588985 6 53
258584 2 30
7666 2 5
303382 2 101
5832837 22 51
2267719 10 62
57782 1 7
37489 10 6
3024560 6 76
305493 10 18
2948226 7 57
15510 5 4
1855635 34 80
331117 35 3
1334699 15 12
8965551 17 89
2453 1 1
584713 2 51
2950666 6 76
129118 14 7
398755 2 30
184159 2 22
711968 3 78
292734 4 18
80069 3 19
1611343 18 57
4670325 18 32
1271817 8 37
5981571 13 77
1802026 8 36
8733806 62 54
2657063 12 36
808506 43 39
1172971 3 71
760251 3 42
375104 2 31
12853849 55 34
129792 1 18
1537685 9 73
2568231 16 24
184433 13 14
109727 1 92
669164 22 23
305070 10 5
4129242 9 67
477436 29 20
4747965 57 12
174309 23 1
6584358 24 55
1974130 9 43
3023653 10 76
170768 12 14
3006346 43 13
3241890 8 59
8741748 23 59
448596 40 3
37725 37 2
156521 2 38
2735146 4 109
36991 3 16
236444 1 39
93901 12 7
4179855 15 51
29927 2 2
726108 6 20
302113 2 28
24177 5 5
976623 4 45
620990 25 4
26190 1 38
516336 1 107
331656 5 107
5529223 24 33
1862578 13 22
242530 20 10
1010437 34 4
43963497 62 104
237917 4 26
4654177 51 21
6413141 53 26
138267 1 22
351035 1 66
176074 6 24
2850522 7 51
1018560 35 28
5008494 90 10
3863455 22 81
461292 12 6
706951 43 2
56835 1 19
1477762 20 26
14417188 68 43
458238 1 73
154846 4 5
29066 4 1
511327 6 29
299352 2 19
43837885 76 101
2308868 15 21
6335 1 4
241801 15 3
5739458 40 101
374532 2 37
126214 9 16
602613 9 13
2701971 7 59
152521 1 24
1198035 18 9
150423 5 6
81359 1 12
499036 33 6
8859215 16 105
1075440 41 4
48804 54 2
155889 3 69
154765 3 42
251555 2 73
342114 5 40
46748 1 9
114688 8 12
43325442 65 134
55594 7 1
237915 3 60
80623 9 2
233807 24 2
229237 3 28
82421 1 99
866201 9 18
4160970 24 32
10152080 49 89
2457578 15 23
984335 51 24
1396237 6 55
11922557 21 79
2172768 4 123
66417 1 64
130584 2 47
21366164 65 51
2200289 55 31
346957 11 6
8744101 11 111
216513 14 19
3668387 9 69
606792 17 5
230361 3 39
2459404 54 8
2491846 43 24
378684 1 54
179237 2 73
961389 15 13
25514 1 4
708859 6 62
3979564 14 67
581830 4 30
4770826 46 19
238031 4 9
1403732 4 71
636804 6 15
259542 8 15
279648 3 16
8892288 43 37
6357309 35 26
73487 21 2
173775 1 37
293230 67 8
441222 3 20
258380 1 42
6012772 26 113
176992 4 6
2444699 10 30
688964 9 45
526978 4 17
4873988 22 28
976026 9 24
42902 3 7
354269 3 22
1360774 72 3
2042524 16 28
6453709 15 92
1344265 9 46
1922030 15 23
269203 6 98
15839561 99 120
234611 6 21
950022 27 11
288120 4 9
1369884 47 4
587833 6 62
949396 7 18
8190899 52 34
22792117 25 112
335937 5 52
727875 12 12
22090409 55 115
2144974 39 11
24864 1 6
5855626 20 46
288627 9 7
315274 4 13
7515569 43 42
17830 1 13
2795181 11 52
96193 1 21
532433 3 39
842951 11 39
897879 12 18
3644 2 2
8707598 40 29
91489 1 22
192622 4 24
3110784 18 25
2606674 64 79
1780260 8 87
4212705 35 43
14989049 39 86
169466 1 56
10362902 29 60
39381 1 6
321554 10 5
454334 1 62
740079 7 70
4733163 32 18
34166 2 14
143773 8 4
21496607 53 62
7695882 24 44
38193 23 2
10910703 28 74
120804 17 6
4438595 9 83
13071511 20 99
258790 1 33
1918054 22 98
337820 3 22
5969129 10 74
2909361 10 44
47792 3 2
821125 19 8
178227 1 23
7750983 21 52
688134 12 100
161278 2 13
1738866 27 20
2132404 7 44
7290090 19 72
2852876 49 53
30240847 53 116
371652 10 5
17772759 59 62
640877 3 50
947663 4 30
637144 19 55
28062204 46 106
10781775 64 28
899641 6 91
937149 11 123
4946753 11 61
1094618 2 116
62576 2 66
289935 12 13
1307866 6 35
72426 2 12
34322692 64 128
1549464 25 11
904101 10 15
734047 51 3
377716 1 48
76187 6 22
7970755 54 19
335607 6 12
94114 2 8
5165254 64 25
1305981 17 11
5037620 59 16
93891 15 1
7794774 106 18
2417436 21 26
2462526 49 7
457899 8 37
540135 17 16
551298 11 9
2809028 30 20
23367 4 1
360619 5 70
4627119 15 83
976908 3 64
5704901 16 100
3668214 72 60
3738813 64 13
4685332 28 101
359592 4 11
398247 11 19
49558 2 5
4988509 33 67
20800 5 1
24547 17 1
3881438 55 31
10482347 21 85
6980741 10 118
1987347 12 30
2364658 10 31
363619 28 21
42540992 112 65
39689 1 51
15573063 25 86
920037 5 31
2556352 5 97
45681 1 26
1786604 20 17
1509111 2 112
8061197 24 45
665212 11 61
2980655 26 24
2605227 5 101
2823362 9 46
284117 39 1
4155746 12 122
5508135 10 67
1316841 5 49
805356 39 3
5829892 41 23
389629 11 10
3849085 11 76
25683 3 2
3667671 52 13
1004768 16 11
966109 4 36
7184 3 4
613842 20 10
686727 1 84
372168 1 77
234778 20 17
1475824 6 30
8454033 13 88
1430021 8 22
365655 3 18
249850 5 68
39612 2 11
58790 5 2
1595 1 1
161406 12 6
60198 1 48
1392236 7 44
731051 5 20
838291 1 102
289933 2 27
2361330 55 9
1487911 6 55
2657481 28 16
2840748 23 22
12920216 89 25
18307 23 1
239157 3 20
125882 1 17
391189 5 14
6164107 20 65
640414 1 106
170835 2 37
8887887 21 77
282153 5 7
5721483 69 31
6172704 39 31
5662365 8 98
228960 1 48
2281132 6 55
1012561 14 19
530556 2 49
763914 3 76
1492879 20 13
6026 1 1
7414863 56 49
550140 13 6
1590324 4 90
566735 6 18
1348081 7 24
692572 47 22
223599 2 19
116889 14 6
732756 1 101
395293 2 48
25578309 90 59
7311571 22 55
162693 1 24
212585 2 59
902785 40 4
8787674 56 33
12229 1 28
16936257 49 88
93336036 125 111
2870373 38 14
546777 7 12
20828 1 4
833107 7 41
2028260 21 15
27240 1 4
2202719 10 116
6243581 59 54
9888 2 9
52635 6 15
32216 6 7
6194782 27 30
3558578 34 17
47270 2 28
854148 8 17
405570 1 75
77017 43 3
14810007 26 70
1329593 5 37
4821017 25 29
340738 52 15
1283558 6 47
598494 3 26
138701 4 20
249829 4 8
1273085 47 8
267897 1 52
162271 2 17
4908480 12 66
2582396 24 44
100857 20 1
775878 18 16
39568 3 15
306895 13 32
340902 2 27
474420 1 78
87019 2 15
265556 3 62
13755 3 1
577561 50 11
124487 1 16
4136938 12 59
511062 11 7
40246 2 4
1858527 10 27
10730525 21 63
5787535 60 12
1052188 5 49
7255151 21 68
659224 3 35
7848788 50 100
194936 3 11
45422 1 6
93217 9 9
368946 1 60
1384822 11 69
626295 1 121
391442 14 15
42587 6 1
8233579 68 17
536475 60 5
929313 8 66
3460857 85 23
808222 6 24
350780 16 17
17140 2 5
80361 4 36
8712425 26 76
28889 2 2
19864 3 1
1555309 10 35
6849109 47 48
1377682 9 42
124330 2 23
4017273 33 56
184210 1 80
14801618 30 70
386282 31 2
176006 4 10
793055 1 107
186129 1 56
749656 28 7
18244 2 11
2157326 7 46
118823 2 9
387528 7 15
667376 18 13
207284 2 24
1334709 8 27
12969108 37 53
84125 2 9
21077964 50 99
121105 10 8
445091 19 3
2781816 11 39
76845 8 3
4338429 28 48
561815 50 4
115952 20 1
218888 3 10
5302788 22 41
705285 65 26
932039 9 20
2417561 23 60
392984 2 35
56144 2 7
488750 11 49
251051 1 31
25490 14 2
1048464 14 30
298426 17 3
245407 98 5
2315927 6 80
2151358 6 50
7667698 59 25
146320 1 23
13966515 19 111
7259 1 8
152509 37 8
534305 15 18
31131 1 32
19338 2 19
720823 9 17
114000 4 23
51194 6 2
4040607 19 38
86269 11 1
7687904 17 64
125860 5 29
157688 1 48
2267047 92 25
865757 27 5
140361 1 28
1496176 27 20
181915 2 29
862473 6 19
625652 52 23
14129 24 1
11638780 31 59
276673 8 8
5683442 18 103
1463682 14 18
8423075 21 59
1731091 49 34
1642626 8 76
143963 8 24
301045 2 87
18518 9 2
531548 11 9
3777 1 1
267438 12 12
60140 1 48
388228 13 5
631266 84 3
643793 1 82
1658173 13 28
4837187 66 43
95287 6 7
242252 14 33
69033 1 12
133614 1 64
359336 5 29
1732145 5 61
123183 1 18
359491 57 14
13972548 40 78
275505 2 20
444809 1 67
598803 2 47
19085515 70 43
2726 1 4
847846 21 6
228087 8 32
850198 9 17
30976 23 1
1836973 4 67
967232 4 38
601141 3 42
12759701 39 84
12152 4 2
549475 4 25
2296968 7 41
52593 3 4
18715 3 1
558062 2 100
1028438 9 17
127359 1 28
682904 52 2
208628 6 47
179644 19 2
4293862 19 38
1034327 27 41
1142434 14 12
169055 7 20
496485 3 22
24031711 44 130
5075809 6 111
103386 1 23
241545 1 30
146858 2 40
80582 1 35
1222576 6 32
26340 2 3
986712 104 11
1514051 14 17
234058 3 11
7012629 48 51
14707229 28 80
12377 1 2
82358 2 33
1016264 20 30
5372637 10 80
196487 40 11
1358090 13 48
6666291 14 82
12147549 17 130
3687644 74 9
584865 9 11
2538125 41 10
16714797 67 40
564115 4 18
1302439 18 11
90899 13 11
248336 1 32
962171 2 68
1040347 72 14
929705 6 68
847812 5 34
595032 3 36
48482 37 1
16053 1 3
50380 1 7
94488 1 130
141054 8 14
10163 6 1
3171076 27 27
818807 9 15
12089645 67 43
20271 2 2
182926 5 22
1669878 26 14
82321 1 15
667365 10 17
3573696 7 92
4010631 17 59
3143403 41 53
2698782 98 5
16787710 41 67
1701561 36 7
5707312 17 56
2200385 40 74
162981 17 2
6916275 38 93
18988 1 3
1680944 50 8
4932356 10 62
2107878 23 78
110307 1 25
4544675 7 99
10981758 82 25
1881423 8 55
710609 10 11
4340628 29 43
1030219 23 19
6599 1 3
8027 1 1
143960 1 18
446614 28 7
10385 1 4
248025 2 19
2007401 6 72
77977 3 6
1690683 8 43
202758 4 13
3294 5 1
1106198 7 28
860665 36 3
1523990 28 13
9211293 50 36
2701717 5 99
35525 41 1
449994 10 21
17707506 43 62
136497 9 28
528462 5 16
1096078 42 16
1309745 11 16
547343 4 55
169245 20 15
598065 5 15
577567 6 22
1132800 6 26
2881688 5 93
1149540 3 67
6754933 45 20
8575 1 4
44871 5 2
4156115 79 11
1738883 14 17
6436779 23 58
7256471 10 88
1704280 17 14
81016 1 37
827501 5 31
160569 1 25
780899 16 10
4796319 21 30
2300919 8 35
637331 6 14
368545 5 9
465860 12 11
126726 14 2
138283 2 38
556502 11 12
351961 10 12
4974592 36 61
18373426 100 89
161646 3 26
518374 2 58
3953924 10 49
79495 2 11
737937 18 7
