133 3212 6307
38 105 121 128 1 40 129 12 121 87 66 21 127 99 75 46 5 92 43 132 24 87 80 73 106 100 127 105 126 12 37 21 8 32 2 35 3 86 133 44 7 21 14 7 60 80 25 52 43 69 28 49 32 80 17 69 4 22 99 41 43 96 75 41 131 21 66 99 82 112 62 88 41 92 135 68 57 89 127 91 32 46 137 19 124 95 64 88 27 47 137 137 120 116 117 80 116 5 90 126 13 77 80 6 11 2 83 95 110 108 24 90 46 42 59 78 122 119 57 17 9 107 20 57 8 27 64 133 60 20 50 132 32
1371190 4 82
9862001 24 70
572004 2 99
36924 10 1
119781 57 1
1650309 16 24
13155 1 6
51358 1 14
287529 1 50
38220 9 1
4223327 32 24
1461658 8 40
1512300 19 127
418128 5 16
908074 5 48
10306 5 2
411442 93 12
1601877 19 42
134080 11 12
120743 5 6
1592351 23 36
1835455 52 14
810959 3 49
18253 3 19
51788 1 44
4580318 28 74
457940 35 12
191412 16 13
733689 9 66
11638875 19 113
357412 40 3
476056 12 8
544448 2 45
83848 9 17
338763 9 9
129035 23 16
883720 8 40
2553394 15 52
1701997 5 66
56147 2 6
1932870 28 59
1065585 15 21
1391519 20 14
3177754 27 35
1923402 8 67
1924675 5 97
2944905 18 47
1429805 6 44
440650 22 13
9348288 46 68
1139085 6 83
835877 11 14
2055 1 3
324048 21 22
249468 14 3
49448 10 2
253134 3 19
54492 1 46
67880 7 2
17290700 29 115
462932 2 43
429152 19 4
369148 4 18
53411 4 3
1081168 38 24
1870813 6 81
371750 1 73
31900 7 3
10409982 54 37
1436901 38 29
260781 9 13
1973242 21 79
372495 8 23
57774 1 16
57375 2 8
273079 67 5
391386 6 15
232488 2 26
250077 2 24
147518 8 34
976482 6 26
6597 1 6
1226949 3 96
234200 6 12
117711 1 26
4528631 11 80
540379 15 10
141031 3 20
513361 15 10
281524 21 3
111318 1 29
679061 3 44
4289205 7 99
733167 3 71
1022003 9 27
54136 2 8
522383 9 11
2215136 35 13
3704107 13 51
14133951 41 105
33267 11 4
291841 12 17
23664 1 19
497557 12 10
1634760 26 103
1468621 8 33
296888 5 103
18789732 85 49
16861 1 7
174172 13 4
9312 4 4
140735 1 66
2424074 50 11
12793 4 1
543325 1 105
4566516 47 17
49439 6 9
356641 27 37
262133 23 15
65226 1 11
1916270 22 18
1157909 6 35
2512842 13 52
903656 3 52
52346 4 3
172186 11 14
1552821 18 44
90004 12 7
150267 16 3
155973 7 16
115585 1 28
151201 1 91
1337325 14 41
2559061 25 64
393096 1 74
8618723 44 63
776984 12 20
1263470 17 39
640928 10 12
10466193 73 42
111022 4 8
82853 1 27
1157882 60 55
483498 5 28
486503 3 39
23452209 33 119
1039051 2 119
122917 12 4
1414373 75 3
110591 1 68
223206 16 9
1188 1 3
1350031 12 42
153666 2 19
1481566 11 46
942015 16 18
213291 2 67
40667 1 62
408745 11 10
989581 59 5
333273 3 76
85497 39 1
106794 8 6
519193 34 3
1226960 6 43
52567 11 11
513960 43 9
2485523 13 49
358605 33 2
406788 23 21
74749 1 44
6285269 33 43
3189777 17 48
207537 3 16
1311778 67 5
10463 1 12
98416 11 22
1037349 9 35
3714712 34 43
10511350 49 42
432466 17 5
189903 2 19
1698079 12 53
417962 7 16
70411 18 1
86406 3 20
171567 14 4
1857013 9 40
784841 3 75
2137284 15 41
586625 9 15
748311 9 19
96137 17 10
20673 2 2
28835 2 17
3942002 81 89
5704324 69 15
2065561 6 59
121325 2 38
1150748 3 66
1248555 11 24
60602 3 6
7979297 53 39
48846 13 1
1991803 4 119
22536698 60 71
3741127 28 29
1503702 26 29
234216 11 11
3702176 89 22
587401 3 51
602389 3 79
84122 2 30
956317 10 34
122777 31 1
1816397 16 29
9266285 32 68
231400 68 5
489428 15 10
469992 13 38
73464 13 1
2308666 34 45
11835 1 6
40403 1 17
164897 31 2
1256430 10 33
2978600 5 96
521 1 1
237303 2 20
146649 3 98
979106 13 15
98638 7 3
1594701 10 44
2803531 56 77
742075 40 11
452299 51 11
20245071 53 97
839147 2 96
2092460 9 69
175886 6 17
5030893 66 16
742964 2 93
19600 1 53
7889470 55 23
11233432 23 107
306547 1 50
474378 3 93
11862272 72 45
396408 11 10
416 1 1
8019448 20 79
1084222 31 49
445827 12 88
8115411 41 34
76618 1 13
955399 24 12
5123668 8 102
2216433 10 60
4287542 57 12
584787 57 3
567902 15 16
634735 1 122
1342365 28 12
6518202 34 32
331768 8 13
483135 1 83
484257 2 61
212304 3 30
107248 1 76
2041712 16 36
4243001 73 16
980904 5 48
449006 2 55
3098311 10 57
868037 5 28
232144 32 3
594634 7 23
71183 9 2
1595317 8 38
770538 9 14
1968724 6 63
132333 5 8
8251139 54 33
1281543 21 17
6095569 11 121
108794 19 12
573968 4 24
5011037 63 19
481371 4 103
967182 23 47
568247 11 12
5281866 39 67
953830 68 3
365826 9 15
473314 8 31
77434 2 22
5247797 10 84
331378 23 4
110598 25 6
22298 17 1
445646 13 32
24731 1 20
1452078 77 5
96309 2 42
1302523 8 33
2962707 40 15
148073 1 28
51828 9 13
777867 2 77
1218053 7 52
19830 4 1
2044937 44 31
377254 12 9
468151 13 8
741078 30 6
1246692 15 22
576110 7 21
122845 11 2
1042114 40 17
2150172 46 43
1966891 14 36
60730 4 15
1445653 10 54
401650 20 22
323980 1 90
27647 2 3
3930845 14 61
538797 15 23
81526 22 1
2225984 53 12
27337130 83 68
51932 10 2
390971 3 36
11379256 76 26
157341 15 2
219290 1 54
97913 6 47
129645 1 39
16010929 79 61
950304 14 45
120039 1 39
13751 1 25
572400 11 11
149012 4 7
42573 20 2
1782476 12 24
72957 16 1
1489835 6 109
3303435 44 17
92065 9 7
66289 5 4
3794758 54 52
214775 2 26
3605543 14 90
17174 1 3
387826 13 55
1894226 28 17
123182 5 7
3818544 10 73
796359 17 89
3678 1 7
2436380 15 27
82068 6 21
2008613 10 50
8443291 75 48
778871 10 66
2096975 11 54
5809863 22 92
51304 5 13
515221 1 103
137605 5 69
7430 1 11
25170 4 1
473125 2 52
3255446 51 16
127745 4 64
5944171 13 74
7165680 30 47
15829530 23 119
184338 21 4
7041391 23 66
380845 1 76
261595 6 9
37756 6 7
220840 1 57
4197 1 1
2327237 23 31
88682 1 16
3904695 27 40
6911902 25 44
655748 3 39
4385265 69 31
29606 2 26
86009 4 54
455839 2 43
126669 7 5
3768510 22 39
1260748 10 24
1099584 11 19
2690543 41 15
2961 1 5
17758 2 5
630703 28 4
351332 4 17
380255 2 69
10488761 35 74
521093 1 119
2427476 14 54
1765985 40 22
570651 5 78
897197 13 42
8192971 15 96
1217368 37 9
22031511 58 116
2536393 7 91
1625326 4 110
116701 1 35
1247774 10 23
1698006 22 42
17499634 63 55
6151702 97 38
61211 9 2
839887 6 42
8804 1 21
181752 2 27
23476607 36 122
1710011 9 44
84468 1 23
768537 20 15
785817 11 14
2073125 14 35
52794 1 10
7581557 21 67
128613 2 13
342132 16 28
362527 2 65
445763 3 24
968739 14 20
859838 5 94
285205 7 11
3506151 11 75
1888964 5 71
12981487 47 76
3290582 16 34
23486 61 1
9592 1 9
126896 12 2
501682 29 12
568940 14 8
3195822 56 57
472674 8 12
2469912 29 25
878806 8 32
3983 4 2
10578 1 5
29004202 48 121
423595 1 85
26462 3 18
59350 2 15
7621835 15 113
817732 20 46
208835 3 16
2931564 11 44
27249 1 10
5599235 69 18
4884673 16 86
338174 61 1
2638072 18 26
14319228 39 83
237166 1 53
2316299 10 66
154401 32 1
955 1 1
77425 2 10
12475700 49 127
94553 5 54
14359047 36 70
2158002 44 50
1126791 9 28
1753697 20 20
86250 1 14
229751 36 2
2086738 36 16
6306417 43 26
22139976 59 86
884218 14 22
3699213 18 41
749768 3 64
307067 1 65
87773 7 35
9668122 20 85
412283 25 20
2900025 21 34
547187 6 20
1214380 15 18
2850049 28 20
1080377 17 19
1749464 8 49
2047847 5 80
84968 2 7
4647323 30 28
69986 11 2
6746654 28 70
155007 1 66
950649 12 23
13896143 68 84
77265 1 26
6575890 16 81
710206 2 88
1823869 36 19
2332849 21 22
1181014 7 73
3980747 10 74
2517041 6 90
952393 16 32
165896 1 47
2720099 9 65
42386 2 4
164706 3 14
6527673 44 32
158662 1 30
273194 2 37
987523 5 38
887690 11 22
1481408 23 19
363804 4 28
5187369 50 17
3048587 55 10
851915 25 6
21588 1 33
6231494 21 59
281072 43 9
62286 1 20
3067856 24 35
1513970 13 36
3917902 18 48
64239 20 1
38402 4 3
5347373 13 108
1046375 7 45
3710018 19 41
655389 24 8
176610 6 9
1879945 11 80
96361 13 15
22888146 53 78
321215 1 86
15538102 42 92
28221 3 5
1668016 40 9
3943861 14 80
173875 10 5
76262 6 3
3675684 18 38
231387 15 14
2479765 59 11
1239533 19 19
2032607 60 10
158032 1 27
914397 9 27
148260 1 49
292752 5 69
2265276 10 60
411583 49 2
32453413 67 79
78589 7 8
196165 3 60
816119 2 111
40954 1 60
4756201 14 81
589439 17 10
474210 86 10
2970707 19 73
1773130 11 66
107699 6 3
4343952 9 104
28277 2 8
557147 13 74
715635 15 20
96430 1 25
15084162 50 91
87769 4 9
83828 4 57
238350 3 49
4362738 61 19
6092558 18 67
3934588 12 80
487246 48 3
2850068 24 24
5716846 15 74
15454716 53 85
6756830 25 61
595755 9 100
2126714 4 106
1424583 10 35
503025 13 33
2920973 27 21
363868 10 50
2310888 13 92
3795654 17 47
631967 9 12
1137607 7 42
442101 8 82
65268 6 32
3557546 26 115
404094 6 42
467007 19 6
35442 3 4
783689 5 37
2168480 5 78
147801 27 11
1009212 27 7
956189 3 76
4354084 38 62
10551 1 18
128058 1 21
94417 2 20
110431 4 5
4800431 21 99
5412009 51 23
4287231 53 65
2220102 4 99
15117860 74 51
66798 2 31
5646315 53 43
1117241 48 8
1160933 6 33
415223 36 2
5364895 18 81
10721047 43 43
28299 7 1
436884 25 8
194982 2 21
609944 1 99
522540 85 4
11701 1 2
30449644 44 112
256609 2 30
3531738 37 68
3530821 12 85
563034 5 26
196385 2 18
1026881 10 17
71964 6 3
2460162 43 10
207196 1 59
986876 61 5
32346 1 11
69331 1 18
876944 65 4
997985 6 40
2573830 24 20
499343 10 22
3367668 7 117
476302 3 33
1314580 5 58
3848452 13 51
28902925 54 92
69689 8 6
5169937 40 57
17698640 104 39
71168 2 6
23621100 95 123
2572679 26 24
703709 2 58
19261 7 4
1048942 18 98
17284 1 3
4269429 29 46
1444627 55 6
254773 5 15
32565 2 12
303027 7 8
2720944 35 20
5687545 14 66
4252906 76 33
3345489 43 14
192286 7 44
112678 6 3
18427626 83 46
17206 1 8
434133 28 4
143449 7 25
632295 91 5
648177 25 5
495541 12 85
100762 5 6
3882885 57 11
5728 7 2
53020 2 35
291605 4 16
8987030 23 68
3299 1 7
372103 5 14
440912 18 6
618858 10 24
191464 45 4
121167 5 9
61027 2 29
128884 9 11
1814215 9 46
7596441 11 125
4384591 22 99
167343 1 38
971233 15 18
664557 11 15
246751 9 30
803807 6 33
584296 6 30
102799 3 57
1253297 14 27
20489 2 2
234077 4 11
8923164 23 78
2914945 10 53
26311 18 4
890532 24 55
154099 1 34
41972 3 4
324416 47 19
241306 16 4
1188023 12 27
5731 1 8
14700366 41 66
3706718 24 33
32638 1 8
541127 48 28
2059807 46 13
106068 2 16
542918 8 20
490977 4 48
6892193 23 85
92946 1 57
956514 7 75
9213 2 7
21580 17 1
664905 2 84
212830 9 4
266989 5 11
9764274 40 94
4257429 15 52
703330 14 12
10206915 30 67
361808 16 11
118514 1 29
212189 1 107
5882648 22 46
33038976 61 104
166506 1 38
4540547 66 16
2324204 22 33
3230725 26 31
455513 5 19
193262 3 28
31602830 73 77
2802799 80 9
743215 7 20
12220 7 4
720832 18 32
37665 18 1
11685550 49 64
16560714 72 46
1009078 13 13
2290779 9 54
1120607 11 29
75990 3 20
729527 4 34
41519 8 6
23311 1 4
819845 21 21
18242 3 7
2147199 14 29
18248 1 5
5056482 31 56
4246117 27 41
2144226 33 17
11839 1 3
11214633 44 102
852827 19 61
10391363 69 35
40407 6 6
18067 2 3
5751996 27 131
748659 14 25
2039101 49 12
2154853 18 27
1304972 3 88
4628854 90 13
285493 1 69
2411631 22 20
1970778 34 30
10093579 91 34
165881 29 1
866507 3 91
73935 1 17
362095 2 34
114611 1 36
8341689 27 73
976087 5 37
6172947 51 38
132241 8 4
650995 5 60
1457249 40 48
13541 1 9
2397392 9 61
707576 4 44
55715 5 2
138031 1 33
51548 5 11
492262 3 44
1039709 4 43
2184398 21 32
1928262 44 18
859347 18 10
7582136 24 61
611047 28 6
17336092 35 79
446887 9 13
46608 4 2
2334417 14 39
2959176 43 16
8974958 62 64
8293193 55 112
5979815 57 31
526855 7 49
1225543 6 41
8104118 39 45
1490471 6 128
3728628 18 89
5181433 52 17
2087680 14 65
1233077 12 72
3217932 36 61
910765 60 11
65677 11 3
257867 6 53
6123140 79 71
222277 9 10
964559 28 28
417595 2 87
6884407 64 27
647771 18 10
733170 3 41
47199 1 12
1510235 5 50
118872 5 23
3551823 79 56
53955 1 23
2764611 37 22
298416 7 17
125450 2 13
1306329 18 16
268667 16 6
820061 5 30
1226631 7 40
2161558 30 16
326451 2 43
5116654 23 43
23665385 69 83
465101 14 6
594770 19 7
46511 2 54
109071 1 64
2680841 13 40
1003671 22 22
2687 1 4
3288986 9 60
1670134 31 11
2957977 24 29
29534 2 9
6759606 23 58
1399064 5 67
1020135 27 6
369138 2 50
34076 1 8
6785 1 19
1163312 52 6
5251 1 1
96934 2 29
70228 2 33
116301 1 103
356626 2 96
47173 30 3
5013329 44 22
624681 4 40
439783 14 27
393932 18 65
5764910 20 84
10504 1 3
383494 16 7
83742 1 16
161034 1 86
4844504 26 47
1255672 4 86
357995 2 48
54750 8 11
4065302 13 68
7467024 56 73
1096192 2 88
361208 8 9
72000 4 48
2812795 71 12
330013 1 61
1113712 19 11
21509 1 4
8684196 50 45
158413 8 5
1187930 14 14
580454 13 73
48107 11 8
631416 6 28
210987 12 4
34355 5 11
1380022 45 6
316794 12 42
606416 18 22
3028662 12 57
10180 2 7
1508451 27 16
2866033 26 24
6007757 36 74
123013 5 7
74193 15 1
123434 2 14
416405 8 30
41566 5 17
406896 19 5
289777 4 24
371668 1 83
20407802 41 93
23211 5 1
3113916 14 59
555727 2 124
2319911 50 8
10158 2 11
7034758 59 28
98724 1 29
109711 2 16
4228702 9 100
18358392 61 50
3259225 9 61
11392942 24 92
33167 3 3
48186 2 7
790967 7 35
36505 21 5
3572665 62 23
1140784 18 15
5280313 42 34
5026 3 1
4833810 18 67
254097 3 56
755327 19 7
570109 27 15
3755976 15 45
826315 36 60
181299 9 4
22787 2 3
3505076 27 35
283724 6 25
616844 3 49
995438 9 30
1584727 17 94
3049205 24 29
3635567 33 25
62036 5 3
352870 11 23
878973 86 30
1068699 4 80
803272 38 21
822944 44 3
1265883 13 22
20878586 30 116
3825376 34 33
280539 12 5
389508 26 17
680256 4 51
524190 1 119
18564 7 8
311193 10 8
1352531 40 73
49691 1 11
544226 3 43
6444816 37 46
361200 2 57
4039 2 2
1198898 17 53
15973360 54 72
4780 6 1
296933 2 102
8817492 68 29
196702 10 38
309386 2 25
152499 4 8
226976 10 29
26633 1 6
558326 40 13
1456028 8 53
12434 1 10
62576 42 3
1906471 14 38
19939427 80 75
323537 37 2
3896372 7 101
10756062 42 67
49595 1 9
31065 1 5
53654 1 38
198030 1 44
2558583 20 92
25528 2 4
14331062 94 40
1345634 6 39
7693228 22 107
661075 15 51
61103 4 4
86230 1 80
311286 5 11
8351 2 6
171304 10 7
1574215 18 43
727017 11 17
249103 3 36
3140941 13 48
448364 6 21
907781 4 61
3339269 63 66
840506 9 26
492895 4 103
272869 7 13
232009 1 60
871819 5 45
356696 16 48
700576 3 48
59644 1 19
434446 13 63
1550251 45 8
5784979 12 81
280706 6 26
1229587 37 8
2116882 53 8
1325545 24 34
1101986 20 14
383979 10 13
5736714 28 63
678025 4 31
30854 1 25
2599807 13 67
48545 1 41
3409079 59 49
2489270 96 5
370475 1 68
1196627 7 30
713115 4 55
3372757 44 43
3676305 16 56
107065 19 1
271547 1 85
2763426 29 40
19404636 37 87
10024741 34 75
71784 2 6
89577 11 18
8883149 17 90
1042844 5 37
15296 2 3
41405 11 1
207200 1 41
593635 14 7
324851 2 27
3646305 36 28
257331 2 58
2518225 14 34
195221 33 1
352440 5 13
532241 6 55
19452585 84 38
91478 1 20
143501 5 9
124031 1 22
191113 8 19
781615 41 50
1914406 21 20
5351619 13 120
835701 5 34
570134 30 4
831973 19 8
1578839 5 83
2038588 8 68
268263 1 43
469612 1 98
61592 1 16
78953 6 3
21177259 63 90
10641079 38 63
2033180 22 70
596441 15 24
4288759 14 58
589664 32 20
1811517 17 54
9440605 58 65
375178 1 113
332703 12 12
11748 3 1
449431 5 26
80643 6 14
337495 3 31
2984599 11 50
19801 1 18
1489774 49 62
2457025 15 27
6325731 12 120
2743895 61 13
6658213 100 18
8118911 39 50
1634016 30 25
1465574 8 64
166755 12 36
953391 18 21
224681 6 33
40603 6 4
562431 5 28
2671474 23 21
65843 14 1
876686 30 7
1711209 11 26
259395 16 6
79818 2 48
6921 17 1
9530989 46 39
364644 3 22
7779283 33 46
45008 1 9
39382 4 9
36906 6 3
3016661 86 39
11654 2 1
7182613 37 37
23091286 32 115
10442427 76 42
154719 1 43
684810 6 19
2467363 8 90
190940 6 72
464976 21 7
1299982 7 77
1898664 29 18
928514 15 17
3805203 22 32
3984024 13 86
1258606 44 37
408257 4 32
165180 17 7
1417438 20 13
16077007 23 112
11965956 28 102
2385928 7 61
10582 3 7
2240680 6 73
199326 8 11
602646 3 32
5290657 54 17
12316 1 26
310766 7 8
1582536 21 49
4994778 21 52
349027 17 6
3421471 37 17
293132 6 20
555247 8 14
124190 18 8
2257817 19 106
29106 1 27
239204 3 22
341859 14 7
2549868 16 28
1126197 4 90
564982 4 33
60149 14 1
164042 3 79
56148 8 2
705349 17 9
248060 4 95
47041 1 8
15027 1 3
10161 2 1
451339 19 5
86912 2 94
1588882 56 35
736533 7 26
5936792 41 45
3823483 15 97
54834 7 12
3236113 20 60
66048 3 34
3880345 29 27
266680 17 12
101710 2 18
521122 2 47
586722 5 19
568509 13 36
1995234 13 34
7854499 39 51
623466 15 66
1298095 5 61
35140 7 1
536872 2 85
13004850 65 41
635303 2 58
1597347 9 39
31150 5 3
275856 3 16
5268485 27 55
25998 1 32
65347 1 63
960349 19 122
4321892 10 113
317145 1 85
3829149 13 53
2752962 17 28
2416997 31 21
907778 30 30
5580683 13 76
1811663 69 31
30480 7 3
122360 12 2
372864 26 4
16485873 33 94
84551 1 60
481593 26 3
22270 1 5
37674 1 46
7109 1 3
1389030 4 62
1949934 4 88
1967985 105 13
61753 10 2
38347 6 7
852811 3 78
86970 3 8
67480 1 17
1894391 4 118
4332723 21 36
775437 20 36
110027 1 23
496039 65 2
666342 5 27
56388 1 35
7805148 33 67
167927 20 2
2719969 6 97
983114 7 42
1447485 8 29
1200199 10 68
684168 9 19
283838 2 23
1772773 24 20
583348 26 5
18266 3 2
203292 1 40
783339 30 45
333374 4 98
317218 15 5
23766044 92 51
34475 45 1
623631 4 42
295293 3 25
3659135 64 12
905304 62 23
136500 2 91
1056295 7 25
13384258 59 97
576908 3 42
2248159 50 59
378887 4 20
7204295 52 43
1311375 23 12
14274149 45 77
14427968 32 73
82758 6 27
663368 45 3
74060 22 8
24554 6 1
56184 9 9
5733233 30 75
2009334 11 30
3080483 9 105
304578 7 8
646017 26 4
217143 3 21
3465396 25 23
261039 26 2
3148399 7 82
130518 6 6
2632776 21 22
452631 8 43
4189066 54 17
2247845 8 68
25204 2 4
27726 5 11
582772 14 8
1487201 18 86
587271 3 49
413563 27 3
596837 16 85
488801 33 43
348 1 1
587115 17 44
4173079 10 74
686859 14 10
53282 1 30
1654020 9 131
74456 2 116
253870 2 38
1846467 7 51
834660 8 28
2809430 20 42
2369609 11 51
445285 21 4
1243 1 1
608499 11 9
434663 13 8
817702 2 72
1890122 12 27
1981171 9 40
304868 17 3
618198 13 11
105795 1 31
1719618 7 42
13991095 20 121
25567 1 6
203033 4 11
3920479 88 8
178835 4 11
867103 40 4
730786 6 25
675672 5 23
475836 18 5
272592 3 17
806994 12 12
9861 3 2
5444 1 1
305393 29 2
315969 9 11
4257450 14 75
1307270 43 16
1738927 12 29
4374 2 1
612517 8 84
1151786 20 40
4787649 12 74
1191336 6 39
41266 1 38
405423 2 49
2946514 9 60
3805408 21 43
559196 11 39
427528 8 28
244593 4 46
12994 1 12
15744 2 19
72819 5 9
258667 2 38
5895431 18 55
22114 1 38
2520671 7 109
625632 2 83
157816 8 5
1371680 14 25
357722 9 10
3481067 39 18
506669 6 62
18572 2 11
839354 2 118
147236 9 12
2894 2 1
33333 4 2
3261555 20 51
95890 1 23
26995 1 6
85560 2 79
67007 3 4
3035402 8 81
56326 8 15
23780495 105 36
457414 9 21
345509 15 4
16400 1 3
851599 10 79
331340 13 47
178672 22 22
252824 43 6
216143 2 29
995958 10 18
6038545 33 42
39699 1 12
818457 18 60
2288880 22 25
10096570 41 75
7203142 18 100
1079627 10 29
359011 2 43
298000 24 22
1560114 76 15
2084019 15 52
174645 10 52
185263 3 18
25789 9 8
2423445 45 58
518930 5 19
919052 15 34
506085 9 10
625128 70 25
443229 14 11
478079 4 44
13118 2 13
1375305 5 68
169392 1 46
726372 9 30
109588 15 11
2840177 50 13
223269 23 3
132477 2 13
312239 8 107
126930 1 25
56351 11 1
2054353 14 39
769567 5 34
132505 1 23
796941 2 93
212335 33 16
284581 10 15
90317 3 9
74942 1 15
11015499 39 49
48075 3 49
29816 2 15
276503 13 48
2725 2 1
65114 4 9
1586471 4 113
891505 32 5
120769 4 6
5769981 19 78
90728 5 5
1078583 11 26
491432 5 34
509204 7 14
1466419 14 72
670087 4 40
378025 1 103
684118 17 33
347983 40 3
156362 1 44
55211 18 4
249844 2 58
13125 1 6
1249469 25 25
2656179 18 39
338267 15 17
1050729 21 26
28600 15 2
376521 10 8
13921768 39 90
223790 7 7
169823 10 7
92617 7 12
21654 16 2
176540 14 6
662935 23 6
7296 6 1
194010 3 15
550638 4 22
176459 7 6
1794892 3 117
1616340 4 80
9366468 14 124
148119 2 14
17727109 61 82
1282823 16 15
24078 1 5
469123 1 111
215455 22 16
4421331 28 40
144602 5 38
749087 9 25
407136 16 16
11105730 34 53
14970194 33 72
244627 6 36
364423 24 14
1468931 26 9
3779111 17 53
5211 1 10
2190081 7 58
9520010 16 128
729402 26 32
212869 4 26
28866 3 10
751367 16 10
3408419 106 19
13421444 64 115
1545537 22 28
502611 6 79
10830557 28 73
912207 11 17
39690 1 7
261972 1 58
23620 9 7
1183811 10 30
148615 27 4
3083996 27 21
15666 1 7
1413312 13 25
32984 1 10
4684508 33 30
1649845 16 22
11038110 105 19
38380821 91 109
2364413 6 66
29097 1 5
144321 3 11
52351 2 5
18633661 54 108
111232 6 10
12984 15 1
458289 5 49
328208 4 25
264000 9 5
9567496 62 42
940172 7 32
5854842 37 51
256103 10 40
4667784 21 65
698861 35 5
5678741 29 34
140468 14 20
16347 5 1
649593 16 17
125996 3 32
256506 4 26
2620471 28 47
17162 1 44
333307 7 9
66827 2 16
8787306 19 127
1517234 14 35
118411 18 13
59567 17 5
13348001 37 96
4481692 12 65
895822 72 12
11760807 26 82
206183 6 9
3606716 63 21
46540 3 17
192524 13 30
161901 12 3
11675 3 1
2893 1 9
527803 4 37
185828 4 17
322995 1 57
319517 4 22
287952 12 70
29629 1 23
79963 2 9
5304847 29 50
25112 5 10
267920 20 14
4632665 21 69
862816 3 90
2407910 8 55
1028696 31 8
4838176 11 114
2262664 10 97
275058 1 59
2333395 24 21
73268 1 16
1811327 6 58
317954 28 17
443553 16 66
774456 17 54
59114 1 42
258887 16 42
618031 16 10
2779775 21 28
1133287 10 39
1847920 3 122
1397057 8 32
266905 18 3
6467846 20 73
185712 1 30
1231995 5 87
4413456 13 56
1383090 25 52
1609865 3 100
504801 62 5
26650 1 5
858509 4 86
16114 27 1
1269164 22 19
12953 14 1
24171 6 1
696980 39 3
438449 17 8
1274333 4 97
271190 45 2
100536 3 37
8030710 28 66
952822 34 10
4610607 46 23
1059046 12 19
1493966 14 51
71358 3 30
939323 22 47
141428 1 28
104349 3 86
441573 21 5
907141 11 14
20411136 30 120
9413202 29 89
245681 2 25
7031146 31 43
559793 9 12
7053251 20 77
475744 3 47
60744 3 16
79472 1 13
157577 30 7
7122641 30 60
5916394 17 81
758700 14 26
28506 6 1
251983 1 60
26962503 68 90
19539 3 2
31546 2 3
1481957 18 15
62576 1 17
67397 1 11
1791408 16 25
121351 1 28
7040 3 2
68280 2 69
2015672 31 77
1860198 12 40
8633895 52 36
7788682 17 98
259876 3 25
73013 1 72
1210306 17 16
41890 5 7
217956 4 12
5992569 52 32
6548 1 17
96864 4 7
6982516 34 74
4876165 61 15
562791 6 15
40779 9 4
582854 80 21
4012120 23 50
376849 29 3
18901 9 2
195668 38 1
20888 1 14
651682 5 51
234872 5 9
12513 8 1
619645 8 17
4474726 9 102
730358 4 39
2240958 14 32
1134666 13 20
8838732 57 44
145994 4 7
10801308 77 31
3192689 13 45
2643 1 8
4301099 21 55
418192 2 38
4533751 15 49
1986043 38 16
488282 4 66
36554 10 7
6082083 16 71
7812 2 4
109851 2 15
110353 11 11
824056 18 12
242935 4 19
26167976 42 121
218778 7 6
12912584 56 66
10766229 42 63
3502748 47 15
564046 12 12
346229 4 18
30585 3 13
2311751 9 51
2500802 30 60
173870 2 22
2174457 7 53
1514713 27 11
585566 24 4
2029704 58 13
4009676 27 56
1054496 5 56
70126 1 20
185462 4 20
7393434 27 47
3180595 14 92
6943667 49 53
709826 9 20
60889 6 9
1758612 8 41
99735 1 21
577014 18 9
257285 2 58
8102798 19 71
30099 2 44
1779981 20 17
29649 2 3
1142028 3 92
116917 4 6
1296373 15 26
527370 7 12
272845 8 79
234788 1 103
92737 1 44
13155893 87 32
591583 36 6
114136 2 29
816980 4 66
1387033 31 53
187401 4 11
8065592 83 64
369880 3 25
1963728 55 10
1502325 119 33
1665968 4 102
49551 3 19
8564239 33 48
3698 3 1
144647 6 17
7527 1 2
12298 11 1
2417235 24 84
1466968 23 17
2945235 17 49
1210173 12 24
41761 1 7
5099855 38 32
15260 2 17
7281703 31 60
289491 42 5
562692 15 6
273609 4 84
29043 3 28
1121508 3 87
1217943 4 73
55871 1 11
6404072 57 98
517622 13 13
229021 1 46
544727 4 44
4088589 13 52
8034917 34 54
266858 25 7
309842 14 7
213020 12 35
209972 3 19
1134129 11 30
149509 1 42
1825862 22 25
30303 1 9
7879 1 2
9751 1 12
1263010 3 106
995 1 1
85492 3 10
1171124 27 11
174219 4 7
2900491 31 15
75575 1 52
965376 13 49
593153 25 10
907933 4 52
46529 1 25
5026263 92 48
191479 47 1
8187143 21 89
238556 4 25
26040 1 14
279800 11 5
221171 2 27
3622284 18 32
3757013 43 19
638396 23 45
805226 6 24
49838 1 19
66445 4 4
1837793 4 118
2250639 11 52
222699 4 31
495743 2 74
3670 1 3
117268 1 34
1324041 29 97
2284809 27 15
12321 1 34
10295218 89 24
56088 11 4
21029 15 2
12650048 54 45
9770639 53 41
1281589 3 73
289471 2 28
7756388 16 124
4648928 13 84
281666 56 3
3257375 15 50
711690 8 53
14518500 49 56
197659 3 20
294219 1 49
827587 5 41
440236 10 8
40899 8 2
1490510 31 8
899095 7 27
77727 23 1
41117 2 6
975736 10 19
455389 1 82
378653 45 2
7642 1 3
546194 15 9
2231125 19 31
19133 2 30
191245 5 51
142099 26 1
486092 23 13
5322307 12 85
39662 3 4
238910 1 47
59804 12 13
74954 6 33
34752 3 2
1261308 8 87
63467 8 2
13548245 83 31
958602 12 25
387913 7 15
908874 8 21
202033 5 7
87824 23 1
5221374 67 18
78305 2 33
3043883 18 34
26351 2 3
1659933 3 88
25098 6 1
513875 13 67
130189 3 11
3347892 17 43
23050 6 1
178506 90 1
129892 3 44
468125 5 34
1677941 10 37
62058 1 15
303506 45 4
1064508 94 4
2993530 19 26
183328 15 20
6450657 29 71
2829170 18 58
1691781 5 84
1904897 4 100
16058059 58 54
1481941 11 32
93976 1 28
301360 2 43
30656636 61 85
117731 1 24
310331 27 7
1035641 3 56
292580 9 9
202676 1 44
18918 2 2
229601 19 4
252854 1 43
873116 15 29
172705 26 2
461773 5 16
68509 1 20
53210 1 25
851182 25 10
206107 31 2
626269 6 17
502214 29 3
414455 4 19
4417970 50 22
417400 11 28
246934 3 21
70065 1 17
122946 11 8
869206 4 43
1199134 4 77
444497 12 9
531559 31 19
199577 7 23
6025932 23 76
46919 10 1
167528 8 37
2194988 32 44
705844 12 15
5788 1 1
816559 30 12
3245797 57 19
535992 2 52
422649 12 10
10645024 46 63
2143649 28 18
193910 9 6
820816 60 17
104367 7 4
69980 2 7
1862404 11 32
46076 15 6
4495936 22 58
117356 1 21
1234 1 2
2995771 7 73
18988668 76 46
690155 5 24
885205 52 34
130396 7 22
104159 2 10
424907 2 56
138899 1 23
6419215 27 87
59086 1 15
278107 20 12
3020534 11 82
347652 8 27
1205877 7 34
961411 16 12
1015470 5 49
1588575 23 11
1414330 4 96
868208 47 3
50152 1 50
165173 23 19
1184838 26 9
10296 9 2
95138 21 1
53077 16 1
3580208 32 43
2323447 10 47
47200 2 14
557526 10 21
224579 1 37
214586 2 28
5629423 39 40
1688131 40 10
708920 31 4
1666107 3 100
66063 2 7
3449991 11 115
309877 3 42
433897 28 4
1049581 21 50
314900 4 15
1591127 65 57
876993 5 45
22168402 47 128
406832 39 8
357240 14 58
314624 4 21
676723 18 66
12723 1 39
1272246 16 25
545034 44 3
5077895 21 54
20372 5 2
1658888 26 20
590470 3 66
1535827 108 4
16170866 35 78
767686 10 22
275476 5 34
50943 3 6
45375 1 82
3047557 31 23
6668320 64 20
709405 6 28
13089334 34 115
22061785 86 51
217002 13 29
990121 10 22
5476100 45 44
1785322 43 24
2978941 10 51
58981 1 16
39139 1 12
125906 1 23
3521342 13 46
2648901 22 35
260457 2 67
84755 28 3
480727 60 2
1250421 34 14
1825979 7 61
627966 14 64
237793 3 13
190382 6 15
293175 18 3
267812 1 63
503206 31 14
1982270 20 27
20199 2 2
272436 5 60
1992524 16 61
592986 17 11
2504608 16 99
19449257 66 47
190529 2 113
8140405 24 102
18168 1 22
355311 4 22
159140 7 13
72798 3 66
2356926 19 27
1029912 11 30
448841 15 53
1573020 6 78
3035079 9 116
62187 3 11
1853959 5 69
159809 63 8
1226069 30 27
2188630 20 19
1005825 63 9
266740 63 10
1081768 6 56
656687 107 15
3662806 29 33
1072748 5 44
200931 28 2
288893 91 1
83162 7 4
109036 1 50
4440302 27 34
545893 17 8
89117 6 7
988308 34 9
65143 5 3
209797 26 19
9033609 33 91
16773 1 5
680772 23 71
208765 5 29
16900 1 3
1054549 5 38
1303189 28 8
302098 13 17
89711 2 15
1190861 5 48
314482 8 10
1448744 25 14
89753 1 47
44646 7 12
865003 13 12
2565636 34 17
44598 3 41
11811943 19 107
1001062 44 14
282573 11 27
74151 7 5
659023 8 24
1665036 25 21
126817 14 2
271986 12 10
346415 33 2
1751892 54 50
492535 14 47
78035 2 8
1736102 18 28
2543283 27 29
1514064 9 42
7654478 20 88
195841 6 96
6324232 14 96
396046 51 5
143144 10 3
93756 1 58
2589005 14 40
259958 53 6
190314 3 112
3088787 36 17
61480 2 14
69877 1 15
3459251 16 41
399645 2 59
61465 2 51
239833 1 48
261210 5 9
325687 8 8
161837 3 10
655408 5 38
706119 27 8
229622 4 63
199886 13 31
633586 15 7
106285 2 64
33914 1 16
160285 5 53
3041555 33 27
1038561 16 12
2491278 15 29
4977938 37 28
716876 2 63
200499 2 23
28490 1 37
875355 19 51
1941298 29 33
423448 11 10
1884688 46 7
626855 21 26
11778837 19 100
238237 1 68
10275666 38 47
1041469 71 4
27249 5 13
306315 5 17
1884317 22 16
2783 1 3
141315 1 62
229960 7 8
52696 12 7
1488726 27 64
1884070 7 73
3750037 32 26
1243737 28 11
255266 4 20
6762087 45 39
239525 21 2
3281181 12 68
1248906 9 36
205734 3 40
2326260 14 36
157562 14 34
596322 6 18
3711187 17 51
33155 21 5
3233400 20 50
314570 3 28
1785685 9 52
3635735 36 25
1650742 25 11
192829 2 17
87123 5 5
3857410 42 33
61671 3 4
228890 5 10
98067 9 8
327008 2 32
12905 2 5
337060 19 38
4230489 37 35
148509 1 28
232872 5 113
142877 8 19
187078 54 2
7452735 45 38
6945096 47 61
604453 5 35
247896 9 25
416006 2 35
4549 1 2
399463 10 15
449609 11 11
328951 4 20
3435834 15 64
3183756 13 76
33190 2 10
1810551 15 23
11279745 31 60
732369 2 60
14120264 65 56
165507 18 3
569461 55 25
1836069 29 37
491457 42 4
2600779 18 28
36806 5 5
36597 1 9
1688941 52 9
5802729 10 111
904721 23 9
820288 22 22
10604410 41 69
285749 2 45
1044801 16 24
9658573 53 58
575809 45 9
477015 3 32
705761 5 31
1414668 5 66
644416 3 41
258693 20 3
610845 2 91
547046 101 1
22292 1 13
2889940 73 13
44689 7 11
2750222 26 47
402861 2 44
52125 1 31
1109958 10 24
192375 1 46
37601 16 2
149060 7 4
164143 3 17
632413 13 15
615257 5 28
16315 16 2
1314299 3 70
3265742 31 23
69891 1 14
8708925 56 49
1185764 17 19
115018 1 28
79896 18 1
615744 4 29
3305392 14 78
168444 34 1
564659 15 11
812065 76 5
217604 17 7
150119 4 32
758561 4 52
4473739 18 60
222474 38 4
32446 2 42
77684 1 18
1367656 4 69
239523 1 97
228818 5 77
753232 4 41
164354 2 25
3529771 31 20
833507 5 39
114266 10 14
2836312 39 22
12296669 50 78
1692236 27 89
514507 15 51
373112 5 23
1589778 23 14
5344 2 3
21293481 41 97
6796506 68 25
499378 7 18
778463 5 60
66524 1 12
2666129 34 15
758462 6 23
244694 10 11
399869 1 76
404463 18 6
2638330 15 117
22047 1 34
771483 19 11
198418 1 54
8939973 46 50
115382 2 27
420802 18 45
364753 2 36
14325 1 10
115605 7 5
79331 5 4
3768 4 2
259499 61 1
2985599 32 23
1748911 25 28
56095 13 1
7743448 18 69
4752830 23 33
445322 11 7
266078 3 18
2789336 14 41
1683770 7 73
879931 18 12
102123 1 20
56266 54 2
181410 2 24
13654001 20 109
11515 3 1
172543 15 3
106502 1 69
453614 2 40
604122 10 19
900908 3 75
26740618 74 74
481116 2 43
5125782 29 61
970244 9 22
5468 1 1
4745648 18 45
462214 31 7
369613 10 20
2087569 29 16
2317592 4 113
342070 12 5
246262 4 18
367375 1 72
325800 25 21
168403 1 43
421700 11 9
283340 6 8
347886 19 13
296416 18 4
902256 65 11
104932 4 15
878412 20 13
845594 5 30
399968 9 66
206930 3 25
6617009 41 44
118027 2 47
27088 33 2
4456365 24 36
66109 1 36
651902 8 30
187243 1 34
6681408 51 34
10704 1 2
154098 1 48
49796 5 2
80387 4 59
79733 15 1
1009832 9 22
1137417 14 14
155873 32 2
235873 6 12
56369 1 57
26860 13 1
574954 35 21
170785 1 46
22452 1 66
1799678 18 109
13386 1 4
1329567 5 52
4429613 29 36
59393 3 5
351814 3 65
5972 4 4
2092 1 1
224115 1 48
57473 9 2
3812646 10 69
186843 14 5
400471 4 29
35584 2 7
276032 15 19
73596 7 2
920492 61 4
30949 4 8
1282047 19 30
2125276 19 23
6263822 36 72
3185 2 1
9903318 33 70
2796983 57 14
26776 2 10
626206 19 8
377937 4 57
1530444 19 35
1070187 11 30
21066 1 15
375582 7 43
38631 7 14
1705585 45 9
928817 10 24
193166 4 11
47582 8 2
2791313 8 62
105228 3 33
116971 4 8
1610741 7 45
394097 4 20
1581847 4 71
2928021 27 31
903026 22 101
3419159 34 30
618058 15 36
9815664 24 70
413131 1 95
1061072 50 10
1357462 10 24
124197 19 2
284046 14 16
2773781 38 52
764457 3 64
2668724 14 33
231668 23 2
5346615 71 23
1485334 11 26
141640 1 32
392035 2 97
50503 2 38
1113983 5 42
36469 1 27
1349363 33 64
492504 18 27
3318329 19 45
27181 1 24
259308 8 56
14667233 95 40
1530208 7 40
477123 10 41
2765454 40 66
25373 2 3
6396381 35 42
5076 1 9
3064409 8 66
429537 4 37
10358997 23 136
117799 6 45
1542317 27 11
2133851 6 67
158083 29 2
77777 6 3
37924 4 17
514565 14 12
171188 2 26
199647 10 18
264043 19 4
2416056 20 35
477883 7 12
137451 3 8
1624363 14 36
65150 13 7
1516723 9 55
495315 9 22
1053241 23 15
2570 1 2
151598 4 87
487075 2 53
100533 1 27
129350 13 16
43454 2 10
5396956 67 20
20133435 39 83
14125513 47 74
115338 1 28
50913 2 6
3734252 21 34
911191 16 17
145851 2 14
922393 3 95
897663 6 36
51221 1 118
16345693 39 75
1728100 18 31
1191054 10 25
13154 1 3
2252195 26 23
1010502 26 22
290134 3 59
292274 4 27
66629 5 5
35332 3 3
70556 4 3
1004359 24 9
2171321 5 118
2909976 45 39
3318693 10 62
244284 26 2
132604 2 13
808264 9 17
80319 5 4
494466 21 6
25997 3 23
3647590 26 68
1862837 46 59
181301 33 8
371974 4 21
85455 16 2
322978 9 25
1101868 23 26
753233 20 8
5321684 22 125
163993 24 2
378102 10 13
638112 11 12
55856 2 14
881221 4 52
952206 22 13
21670 6 1
2132481 22 28
21879 1 4
470095 21 6
67196 2 35
181999 2 21
79340 4 15
618511 11 11
6647222 31 46
139050 4 17
1713727 57 23
3401462 28 38
8012338 44 57
1012979 2 106
30704 1 5
153720 6 5
7730902 82 83
389717 5 18
151152 13 2
27476 13 6
228322 18 4
23717 1 11
1587564 108 4
4922762 32 37
18591954 50 108
24503 1 28
87658 16 9
284663 4 15
9237090 58 27
1366255 11 29
115694 8 5
7020369 46 29
650826 74 7
10831207 54 119
31992385 60 116
497585 4 35
7648 1 2
607273 6 24
1286219 46 5
97513 2 15
70201 5 7
2241762 19 26
1726453 6 92
1260853 8 27
301838 8 16
4697428 30 38
1637345 17 77
168988 1 98
5558 1 1
262198 46 1
1109422 24 43
19915954 55 67
837389 9 17
934449 42 16
37058 21 2
505382 9 13
3862666 19 38
422484 4 22
89484 6 35
1902129 28 59
16020796 43 104
54076 2 9
59223 1 29
3831275 34 25
1586488 13 27
504769 8 16
1185218 8 31
207287 2 22
1447127 21 18
19916211 65 69
348141 10 51
910726 3 59
2506748 55 14
663997 2 74
427471 30 4
106796 3 33
11198 1 26
797907 9 38
595274 6 21
54258 1 42
963204 16 81
665442 6 31
430379 21 20
2090173 4 94
1539608 3 118
10012082 28 71
155988 1 89
242699 8 7
6161 1 1
5155 1 1
5955304 22 66
5773981 8 123
2277584 43 12
17034 1 11
1710828 10 30
439064 12 15
16229 1 25
2809820 32 20
51392 1 14
181319 1 37
614241 55 2
1117125 7 27
659942 6 22
2341827 64 7
6451157 75 76
9030285 41 43
158063 6 25
374886 2 38
7806399 31 44
412067 9 12
466007 9 9
1186964 32 25
386827 1 62
59357 1 44
437697 29 6
36000 12 2
33794 17 1
71940 3 4
4130503 29 40
1370241 8 53
1249471 9 37
2543258 7 62
24234394 55 114
1240935 22 15
4375 1 1
288044 1 59
858664 5 44
766631 5 39
2730159 18 35
650883 7 20
6946 1 18
22752 2 7
15228077 45 70
4344 1 11
5805038 28 44
1263013 9 94
31283 1 12
170794 3 11
1405420 12 20
19862 2 6
644131 10 17
394133 39 10
28628 1 10
102393 12 7
258276 27 20
1860074 65 61
254198 32 18
3345756 11 67
260633 28 25
1611113 10 28
267666 7 7
556044 27 5
110532 6 5
123766 37 2
55855 7 4
43168 2 5
5190 2 1
29678 3 2
211366 4 13
1332810 7 51
13879234 108 27
469776 1 102
9397784 30 51
736555 9 71
11356179 59 35
129755 1 25
3387381 67 63
412854 1 68
1320522 20 12
1037440 19 10
737795 20 16
305838 3 18
206545 2 22
210371 2 31
88321 3 63
472869 4 62
47666 1 70
24887242 73 63
240864 9 84
4555099 29 36
86972 3 6
4342243 11 98
7017 6 3
1563203 6 71
697780 14 40
48954 1 12
308444 3 43
360327 1 63
6342561 35 69
4147 1 2
147174 6 49
2404048 26 24
2016 2 3
11536 1 19
39729 3 10
1174907 9 68
967255 40 4
1374188 36 9
2985252 8 82
36945 2 4
1264041 5 49
501911 6 22
6495 2 2
616018 28 69
3185108 26 22
49193 5 11
17112788 105 132
795265 3 45
47749 17 1
5657 11 1
2200758 22 24
8150 15 1
557067 11 12
2118224 36 19
12541217 58 40
92366 10 2
692523 5 71
403311 3 26
142626 21 2
645539 2 60
3130972 12 87
4539908 16 91
3545255 27 38
117379 12 11
4986784 43 70
854273 14 62
38096 1 8
1091968 8 26
3909385 67 46
52250 3 39
2939 1 1
533016 7 16
365197 5 14
83448 5 4
117752 1 24
1776051 66 33
36614 1 13
3255930 12 85
4930825 39 57
734991 5 46
1225745 38 8
68970 17 1
1211435 7 104
882911 23 7
893641 3 71
1197421 5 47
123551 16 2
3664533 8 73
4588179 15 64
1453336 27 68
2350824 19 31
3100272 62 29
8602 1 2
587809 11 13
5225799 17 53
2956479 14 94
2105716 7 81
1601452 22 43
75588 15 1
15471460 28 109
1390905 10 35
6565778 27 60
27189237 75 68
1136923 56 4
1464029 16 68
52672 1 16
237815 5 14
770653 17 66
10304411 21 99
1589720 7 46
925166 18 14
488334 4 31
5821 2 3
406289 3 33
3109375 13 90
23434 2 20
6235224 27 57
150725 42 1
663474 9 56
1086 1 2
1482666 8 36
50506 9 5
185104 8 9
1034442 3 92
508532 9 45
91471 3 5
5719 1 3
99933 3 58
451056 3 29
516850 8 12
129827 3 41
158717 4 10
474381 12 10
286028 1 59
4298225 66 80
74032 2 11
659636 35 5
12871885 45 74
649339 7 25
11783850 46 69
11803019 91 37
2382976 34 17
669005 4 51
85171 1 36
1029756 7 62
53091 1 9
1920539 22 16
864681 10 18
55829 12 9
268412 29 2
10814114 22 95
3192697 15 82
269927 40 4
125234 4 31
2107189 74 19
10955700 36 77
25004594 49 112
1308614 5 76
4743430 22 55
5803819 17 78
178140 22 2
7037346 14 95
215174 2 23
2362092 8 91
88715 3 27
82622 3 5
5485845 12 111
2559456 29 14
1576272 11 53
1924650 6 87
35301 1 6
5589102 31 31
447570 37 19
230946 46 1
35495 4 2
416072 1 87
1560489 12 28
2696 8 1
442517 2 41
580866 25 4
117613 3 79
317602 35 27
445265 11 7
113791 1 31
1065961 2 88
4081 1 1
321643 15 5
1199547 19 16
1125025 10 18
1947827 28 21
1952610 12 40
1749875 22 14
2853837 79 13
792008 23 41
793911 9 41
2215948 11 52
137046 4 9
159937 3 13
107051 5 45
2859337 17 53
5083149 28 30
849602 59 33
7016448 60 26
261802 1 60
2727 1 6
24779 1 6
1324762 12 19
374989 1 98
1031619 4 55
114122 2 18
63015 15 6
207981 1 43
539907 2 58
181341 10 14
2381152 24 26
1711108 8 49
335754 6 18
303343 2 44
5137 1 7
3033016 9 70
1011878 17 14
47130 9 3
14804755 32 96
2906721 34 16
6342568 18 65
3288342 46 40
11743216 46 66
58681 7 4
7287436 43 27
2430646 11 61
751196 20 11
759343 8 19
1086762 5 59
216501 1 52
2877015 9 61
108578 1 59
15839862 67 63
969526 8 34
538051 15 55
646084 12 15
503228 9 19
121734 1 23
118695 2 12
1193302 17 14
2163071 15 42
163384 16 3
574908 15 32
185308 5 15
144425 1 43
4250956 13 76
1448887 9 48
477825 10 10
69233 3 7
647726 8 13
95271 2 20
955682 12 18
40477 2 11
1714271 6 46
3290 1 1
463212 33 10
991879 10 16
140542 4 32
25199 1 22
53787 3 3
43218 1 13
71935 15 1
16774 2 11
24992 1 5
589967 6 17
78784 1 61
122481 2 10
101340 27 7
6713 2 1
204909 3 52
6711933 25 77
964777 58 19
29810 7 2
886777 22 11
7443672 40 31
178499 1 40
1530907 26 10
276109 3 28
690643 11 18
1350719 85 34
4943505 17 54
872281 15 12
163571 10 3
167980 4 69
30668 1 26
473392 2 58
5713171 20 112
2467308 59 12
43830 2 27
2264535 13 62
1394352 24 11
44806 2 5
498829 71 2
107424 1 36
159266 4 10
1428908 11 38
1078498 24 12
3090988 57 22
5575 1 7
16215930 34 98
496832 14 9
2386998 6 66
2741298 60 8
1440566 26 38
20360 5 1
783268 13 18
179530 1 58
745911 7 30
3235657 13 54
49330 2 20
1738084 16 42
10188641 81 35
6942389 30 47
18001 42 1
7439583 20 67
553967 1 112
77965 7 3
412553 4 25
23756 2 3
74192 27 3
3340206 42 113
2787647 8 79
16573 1 49
6166721 89 18
37773 1 9
256112 2 67
804266 35 5
2378850 26 25
16845 3 6
268478 68 2
69285 1 50
869346 2 77
104525 9 3
1041698 10 17
20791 2 3
56916 2 5
167985 8 31
4412430 7 121
1018148 35 24
539899 7 20
60404 5 24
1432211 9 48
14546148 62 79
893353 23 28
353133 18 30
197974 24 2
343637 14 47
1112723 13 60
119399 13 8
18008151 103 38
18120333 33 94
6159709 33 30
1374194 30 22
4031522 23 111
61008 1 15
81047 1 76
15620684 64 92
163034 74 5
69058 4 14
259693 26 3
75048 3 5
297961 1 58
2540327 40 65
517933 2 65
9694492 24 90
2674110 34 14
328818 1 56
834557 27 5
1415049 8 50
1045030 4 52
3783071 9 91
41520 4 5
2495 1 2
690121 8 28
271908 3 48
1039736 11 34
220730 11 4
1486070 3 82
637065 65 27
3205537 20 29
5623879 20 48
15604471 35 77
15924 1 5
1351279 29 23
13203 5 1
70632 1 22
1308601 15 26
1007866 13 32
797339 23 12
319543 3 32
39264 3 3
2791308 46 34
219871 35 4
121851 1 27
1512573 31 10
443203 5 29
17037 1 4
295831 9 8
19102 5 8
371786 1 72
58020 1 52
76530 12 7
546023 6 16
108106 2 9
334209 29 2
162329 35 1
2106600 85 18
7715020 56 25
549095 3 32
2313197 6 82
2579998 27 17
489527 1 97
384474 3 34
7436 1 2
7606477 24 54
350270 23 4
3183286 15 61
421958 5 127
412351 3 27
33884 21 3
6170333 57 23
42984 3 11
1897170 97 20
84983 1 16
154621 1 28
661362 2 74
245859 23 16
23748 66 1
195983 2 24
36281 7 8
3801 1 1
883726 4 38
334746 12 28
61046 1 30
1287228 7 38
1815352 5 63
41363 1 94
594701 6 26
14240 7 3
5870392 38 27
21172032 67 61
18514344 43 96
12887 2 3
621916 16 66
1508531 10 80
106204 6 29
3501607 24 27
291895 27 3
60837 1 80
501389 2 53
3536017 49 40
1512143 14 28
2113961 4 95
918059 8 25
88476 2 8
730121 2 64
76695 17 1
945098 25 60
11681678 40 59
1745402 68 12
74587 4 10
127684 1 60
1520809 32 45
99322 1 18
273742 13 5
786175 8 29
267838 19 3
3170390 14 69
1158346 9 43
2032242 5 75
80706 2 19
7392533 25 54
3133533 63 38
216321 2 32
3693522 25 40
2094162 26 21
217365 2 21
212332 7 8
4086362 19 42
7411556 22 56
83943 4 6
132674 4 8
28020 1 50
107902 3 6
342849 2 30
3413526 37 17
1073276 25 123
102706 5 5
16380 2 2
24403 18 1
8957183 56 45
115473 5 5
3137384 57 127
341692 4 73
421506 5 36
677496 5 89
3483 1 1
1191102 20 48
488000 1 92
1554108 31 39
88904 1 46
2227887 12 55
35210 1 36
909703 8 28
191212 14 28
2547224 34 49
446373 4 18
297167 1 119
231213 5 16
92622 6 7
6831637 26 71
107036 25 7
3166163 23 36
247381 12 5
54538 6 2
892336 9 22
221444 40 16
1079888 17 64
9715229 31 87
1605101 27 107
82647 2 10
66361 1 48
728316 32 24
20536 12 1
341435 14 8
156643 4 10
2717268 19 24
1010978 37 8
469512 10 12
1173213 12 24
5412989 52 22
11568 1 14
272291 1 54
72600 4 3
1277973 16 16
539147 9 12
1191096 21 13
5886 1 7
70672 5 3
26776 6 1
5423911 25 87
3033182 25 21
9059995 18 117
2789428 26 19
8394325 39 50
