143 5656 5361
127 41 4 27 72 93 14 133 73 59 90 35 45 55 28 80 36 19 66 78 136 69 29 98 43 125 18 128 69 127 106 39 120 117 95 48 55 48 95 15 49 45 58 116 116 110 134 43 29 73 136 107 47 128 95 48 79 4 14 62 124 131 120 74 101 122 36 48 78 81 90 125 28 135 13 2 55 118 117 90 17 25 25 116 103 55 7 83 66 35 48 35 58 65 23 14 13 143 99 5 70 39 29 116 41 55 14 144 97 16 128 37 130 54 73 97 24 76 125 32 95 6 41 140 47 101 34 117 26 129 51 112 22 115 89 70 117 26 127 88 96 58 72
6848993 45 51
481286 4 26
147678 2 19
448759 7 15
621123 3 64
341591 16 7
148956 4 40
994513 29 9
12536945 35 77
65892 1 27
11858239 101 27
134158 4 39
407704 19 41
6637914 41 68
2062040 73 8
100599 3 33
461315 12 14
78739 4 61
649101 27 16
143321 1 53
7389315 40 61
504319 3 38
597896 8 16
1263485 5 73
366427 9 15
450511 19 15
2126600 37 11
1965344 9 63
796107 11 25
334727 3 82
287349 16 8
237398 5 9
56674 1 23
977059 10 56
33343 7 3
3301306 20 106
810864 12 16
2150550 5 96
4458132 18 75
125901 3 70
274957 7 14
192384 9 7
873621 42 4
303579 23 49
27803 14 2
23885 4 8
2409656 17 57
3902652 19 43
4225203 15 104
13653047 63 80
791356 19 11
3138167 63 13
2653446 23 64
2019540 65 7
225490 2 56
219086 11 20
664839 42 4
6149 2 1
5258108 14 107
93410 3 8
398303 24 5
22892 1 47
1148233 5 93
113854 2 39
35183 2 16
714546 10 43
159398 11 27
7804 10 1
141401 9 11
1155187 20 19
347237 24 5
829152 7 37
266361 14 19
2171607 68 16
74882 2 57
861890 46 9
28419456 69 88
1874129 21 49
1348580 53 5
25209 4 18
7540 2 3
454148 5 19
239563 69 6
1017734 5 73
1260274 9 39
49316 13 4
229059 10 7
182536 7 9
18540964 97 43
41591 3 11
7373860 35 129
10574453 42 62
684901 11 36
159442 29 3
12407676 54 58
562090 5 24
4604651 49 59
50660 3 28
29315 5 16
1367839 20 17
47700 5 19
765225 14 35
225772 7 7
1057341 11 33
90457 7 45
273630 2 46
21384 1 10
2165964 35 21
695949 2 126
361485 7 17
498353 12 47
166858 12 30
550194 5 37
24135 1 5
4371051 59 27
280284 1 63
1588423 12 85
755418 6 48
1032371 10 39
6440012 80 21
3412272 11 74
529133 4 26
1138504 5 98
987802 43 8
7221209 50 53
1071331 17 12
142501 6 19
42494 2 6
610352 2 61
6217963 37 52
521034 23 6
114506 3 78
293001 10 86
55170 4 3
86545 28 1
310942 4 88
775887 41 4
6118287 25 56
1280735 11 65
624366 23 10
48582 2 8
507664 4 27
11782 3 5
356441 15 8
1727828 24 16
8645 8 4
2495567 23 34
13904 1 4
90213 1 77
1730755 23 28
1188731 41 41
312804 7 52
88233 41 2
353533 6 12
6928406 25 63
2885593 22 117
6170426 28 50
380254 5 31
2905080 16 49
209882 47 3
3874922 48 24
20765 1 6
152983 7 38
1032804 17 13
72171 1 24
459998 20 9
18467 3 2
69824 1 68
4266101 28 39
372908 44 13
4087951 9 109
240767 13 6
3922246 31 27
816908 4 67
2454544 55 11
36156 2 36
935261 46 4
246489 5 30
1853312 16 79
218764 25 10
12260 10 1
2855703 17 33
1160904 90 10
2941720 13 98
247380 5 55
129128 4 9
1440111 50 9
3270 1 1
242582 10 5
1746964 43 14
389333 25 44
1310609 4 80
58136 1 13
14095022 42 73
288565 39 9
5313109 26 69
811968 7 39
26858 10 2
1429582 3 93
1011081 2 97
1811549 7 54
50390 1 23
274227 13 16
75006 12 2
40299 4 31
667569 2 133
73865 5 5
533252 36 21
714253 6 36
1779560 32 25
181982 15 12
2142726 9 77
28273 8 1
736357 4 67
1921439 20 63
479817 5 34
16533 3 5
1085135 5 68
406844 1 83
1523504 12 39
6234496 32 109
61672 23 1
6597720 41 72
461078 19 13
166530 1 41
62826 1 14
252781 4 16
8297 1 3
181393 1 85
210063 17 5
922412 4 67
407067 17 29
382028 2 47
604146 10 15
597081 24 7
558777 4 68
175863 1 50
198755 8 14
92917 1 29
119256 1 28
4369541 33 26
14886899 117 25
853933 5 46
1860581 93 7
48067 5 2
471774 33 3
17688 2 4
2349369 24 30
558407 11 35
154147 7 44
2166650 20 56
5676616 18 90
294473 3 28
1990926 6 127
12881 3 2
139050 12 25
276550 11 10
599656 5 45
1317972 28 13
22802157 54 122
1742402 8 57
359101 14 35
4932177 7 133
582887 23 58
292022 16 26
1141658 15 24
14023 2 2
73999 4 60
31973 25 3
570371 28 4
499799 1 102
737517 10 119
704569 2 75
3278968 36 33
270015 3 33
352617 3 31
734654 6 27
112394 7 13
4044 3 1
348378 28 8
90159 2 10
1522244 10 34
2877462 7 84
2324339 38 14
197490 3 16
1549796 30 12
77052 2 20
88061 15 4
883619 13 101
1312865 10 58
671744 7 18
46675 1 11
7188 1 2
10775578 83 56
33374755 55 114
1280020 56 6
70149 5 28
474124 16 51
1491423 23 16
923747 13 90
1876433 18 47
1473170 55 14
6580129 31 76
140500 3 10
509822 20 9
355669 4 48
223811 1 65
54296 19 5
76092 2 13
83301 2 17
155642 2 28
69739 45 1
79071 17 4
1444350 48 10
615958 4 34
21849 4 3
117730 3 13
4140736 53 23
3602569 12 96
113141 8 28
13511 1 19
3904767 17 47
2058455 14 60
1721221 12 28
6491 1 7
3570321 12 65
1990910 56 32
666279 12 11
446053 13 10
15608 1 3
383325 99 1
835075 41 7
52995 4 41
1115220 45 9
363221 2 77
64614 4 20
4506156 21 43
224687 3 24
1379874 34 8
2013292 46 15
83435 5 34
2247244 21 37
132115 4 9
925386 3 93
1579449 48 13
11323 1 21
13104 1 3
521508 17 11
93440 11 7
437433 1 90
17730466 60 63
6474000 98 15
4474889 43 57
956926 9 31
25681 3 5
30092 2 5
1231497 58 7
89510 1 104
6387403 36 45
305539 3 44
915512 3 84
3032966 11 62
16531243 36 91
2086381 14 33
277902 5 13
92254 8 26
621536 2 76
6080700 17 116
29526 4 8
4403495 24 68
628480 47 4
1270376 4 80
4558032 10 102
251220 31 9
4524247 24 121
186759 8 11
160145 9 5
1222158 5 51
184921 12 3
447351 9 13
1892008 26 20
52721 1 25
716652 27 42
4220275 23 45
145269 4 10
35373 2 12
85249 3 9
1356953 10 31
147816 3 31
159504 1 54
318807 12 6
150866 3 37
597758 4 30
138031 6 17
16367318 54 139
456347 10 13
815847 21 8
115715 9 39
285119 74 6
563548 34 14
521946 16 84
9202 1 17
216576 8 11
39795 2 6
2897 2 1
9180623 45 99
46403 1 15
413092 4 24
2736398 25 59
118948 1 43
921082 54 5
557540 10 55
1936330 40 12
3838985 30 34
124470 6 55
11131216 33 68
181415 5 57
545447 2 82
643998 11 77
189028 8 18
129688 3 22
1205539 19 16
596082 19 6
40793969 104 95
14993 2 6
60611 1 18
5286672 31 62
226786 3 18
17835 7 2
319682 49 3
668442 7 23
627508 16 12
23630 1 54
269553 3 49
6349153 35 56
86301 8 20
1931891 8 54
2813350 61 16
2007411 8 76
121277 10 4
3507 1 3
1222260 14 23
146063 6 22
56586 1 13
447359 5 21
1467753 47 17
3443106 21 44
9069603 42 71
5105161 41 75
1384474 12 37
54165 1 14
2835882 13 63
2544372 13 71
905592 40 6
498460 6 21
4549939 15 95
745291 26 72
2415841 10 101
1561619 17 27
127654 1 24
140486 17 3
286060 3 20
540970 15 38
43536 1 10
27339 5 4
923196 16 25
89146 1 20
2175938 8 52
3598912 11 84
2065287 15 35
174706 21 2
614151 2 106
8182371 24 82
125767 8 10
6635569 43 37
533754 25 20
225985 2 74
117558 6 4
70869 2 72
120719 3 17
2796484 9 63
45232 1 23
111388 3 62
205207 13 25
21041 5 1
148061 2 24
11949 2 2
7826710 19 88
113499 3 17
135626 1 107
193082 10 10
1395814 14 25
3224224 80 48
899146 9 21
1892112 26 23
74829 3 9
12876846 54 68
26259 1 12
3356259 25 26
6135 7 1
43840 1 21
209029 6 12
103808 3 10
27488 4 2
1346815 8 38
434422 2 51
600420 18 43
2611392 17 57
4491880 37 37
1301869 4 61
908276 38 7
365145 46 9
427034 7 15
75192 114 1
259532 29 3
6010420 69 85
824201 8 38
7472314 19 97
381486 4 41
15063 3 18
771193 32 13
208098 42 1
108213 1 38
3081395 67 13
2189816 49 11
416007 12 17
6063598 80 16
1070053 6 60
478709 21 8
4532986 18 61
71228 1 23
52502 2 11
284206 2 40
8233816 23 106
52378 1 15
7145419 24 109
3302826 28 90
2135479 14 56
148736 21 2
353101 17 18
67904 2 124
2251534 17 43
1365772 33 51
16170483 78 70
477547 17 6
2345668 8 119
2940016 42 23
4067289 33 36
910897 22 12
2810951 31 20
1775988 13 39
138533 1 26
484418 5 29
193268 3 15
198005 1 39
10804739 43 50
16833 5 2
526544 10 62
12632 1 19
137171 1 36
704250 36 40
63562 1 25
131639 8 4
618370 5 97
783462 3 66
440986 8 23
33929 1 122
576197 4 50
1187844 13 23
3106476 56 15
229855 1 82
132052 14 5
917861 35 25
520644 40 12
48847 10 1
226854 3 18
1308844 7 55
12443 3 1
2364721 103 41
2081755 17 26
1049158 21 32
3353424 12 104
1524591 6 85
7376063 56 59
316082 1 59
118783 24 3
34873 2 4
1527134 15 35
1120734 73 8
28315731 104 54
738647 7 25
1131199 10 32
295839 1 104
127649 3 8
461812 1 87
62812 1 55
446740 5 32
205657 22 5
1502011 5 65
27383 5 2
71114 18 1
2707815 105 20
3027875 22 33
1281126 33 8
7703342 41 42
141225 1 99
75758 6 13
6488724 28 75
1341732 9 33
814238 9 35
9402783 41 65
371348 7 12
1197927 21 33
380087 30 4
54429 9 2
7080151 54 25
999368 7 50
803632 9 26
200901 15 3
554021 6 38
1056882 2 113
28799729 75 127
13680 1 5
5255086 27 57
1194324 14 16
1209062 41 27
865360 8 77
33332 2 14
211779 4 19
389174 3 48
4909627 18 95
6516 1 2
424501 14 6
411987 7 12
169483 55 2
71501 5 53
765229 64 27
6990144 19 69
88657 2 10
5287932 31 39
451812 26 6
679700 17 18
712686 3 53
12892286 32 87
1404180 22 83
26552 1 11
55269 4 3
15544462 76 72
698940 11 23
1881200 7 64
4998088 61 19
1807743 39 17
934724 24 11
1549223 11 66
119081 28 6
254521 8 12
1951130 14 84
469068 10 28
322111 4 23
6185664 53 44
85977 2 9
2917666 44 22
2951088 21 31
810447 10 22
733037 8 32
323921 23 5
273963 2 27
21542 1 28
15607 8 2
1261327 23 16
29193 3 2
150338 2 22
127875 13 2
1815378 48 12
166036 1 60
2685564 8 71
144190 5 10
151619 3 14
1051151 17 97
1453014 11 41
2778201 10 62
1987630 21 30
1576130 59 8
524824 5 28
7030568 28 47
676157 6 33
2657605 13 79
215644 27 19
2899 2 1
161678 3 57
2450750 32 28
2570606 12 47
918670 11 21
5336958 55 27
286141 19 13
283624 25 31
1447653 6 50
46410 2 5
107590 3 9
1420859 17 19
7860453 15 110
211113 4 56
4065927 19 63
448237 7 39
339193 45 2
414081 26 5
43693715 75 123
131166 2 16
829812 19 10
578021 15 44
120463 4 55
530138 6 27
4028374 16 53
2218167 7 80
298898 7 13
479430 4 42
2383557 16 54
23505 1 8
5548522 10 116
9016038 46 37
796470 38 6
1152936 6 48
163509 1 59
601297 3 44
160140 1 98
1134388 8 53
41410 1 60
5048798 75 19
2769599 34 35
726737 26 101
612261 49 6
225785 28 16
1808 1 2
1385664 4 106
208879 2 29
6613059 41 59
23904 4 21
437176 23 46
16720107 57 71
557037 8 25
474138 1 102
334642 17 19
117695 1 26
5063994 31 63
7107756 44 60
2643298 12 80
89475 1 23
194617 1 57
9584611 55 106
80869 5 17
122757 3 12
4220283 29 29
124421 5 18
4202802 30 48
126587 2 16
5776131 21 87
25481967 54 94
127793 2 25
13978731 47 90
114922 5 34
131727 27 3
117619 1 31
49087 2 88
1947739 14 27
142363 26 2
5126321 28 62
3751862 15 67
56202 2 12
4526232 25 34
31747 1 24
434718 12 11
323475 3 88
162682 18 3
698996 3 65
814553 5 48
243827 1 97
3996133 9 121
313955 8 20
678704 5 26
2029400 27 39
5106 1 5
251486 2 36
13545 8 6
4134336 51 28
869176 32 10
2879000 49 13
856548 2 112
4651955 34 80
31732 10 1
166417 10 57
25609 1 5
362761 12 8
1844104 16 39
1991174 21 44
1441789 49 10
562712 7 42
15464247 97 30
3228572 61 75
1310886 37 13
147901 10 4
645574 5 48
46072 6 4
2830 1 1
2318183 58 14
288545 3 20
1036500 37 47
14491906 31 103
10259 2 12
351032 9 14
1575002 14 40
448669 4 32
45695 1 14
256194 23 3
6500813 37 49
1560939 61 94
23785247 53 122
982094 6 31
5967498 80 22
64336 19 10
97596 4 5
13176 1 10
154330 34 2
486176 72 3
17061080 43 77
14878 2 5
1275585 16 21
317693 56 2
6655667 23 75
17641 1 8
2015795 80 30
62974 7 32
65354 21 9
825643 2 111
5807732 18 125
360909 2 56
1947793 16 95
15360 4 1
8939935 43 39
41283 13 4
145915 1 29
799167 2 78
509931 3 47
2502133 11 52
2469109 7 93
6611315 34 48
72563 1 22
2396453 27 33
144159 1 34
5205078 24 50
461839 8 18
737183 3 75
207901 34 4
394397 20 7
3671062 9 82
75614 2 10
137011 2 64
6149023 38 51
133446 23 2
66587 9 19
8725714 25 98
1786586 57 67
151172 24 3
90045 20 1
74800 6 4
63834 18 7
1097015 5 48
2886322 15 63
12293 3 14
1844463 66 7
9103690 83 55
829506 6 31
106699 2 21
46687 3 3
233346 2 40
446433 72 10
47663 2 73
405251 5 83
2234236 19 28
1086669 3 80
250773 13 31
584745 1 114
51987 12 1
299633 111 5
478499 7 14
136966 7 66
287850 3 64
1160393 54 6
10789 2 2
12653 1 3
98820 4 11
25833 1 68
442744 43 3
9496191 45 45
131166 9 12
2333561 12 37
166057 1 35
10387151 26 96
629750 4 52
1759340 35 17
205862 18 3
41851 2 50
1916355 12 59
684492 18 16
74014 1 81
2552180 15 60
592443 11 13
3987561 23 47
1948177 15 48
32278 1 49
1166271 13 69
3521795 22 44
4096 4 1
503299 5 36
2475445 8 83
693337 26 6
48333 1 15
1208030 42 9
148807 3 16
102702 13 5
815206 27 8
315562 55 6
1397567 12 28
250912 6 30
278338 16 54
1196809 19 13
13071 1 9
29228 1 7
685783 33 11
235415 38 2
399298 18 27
63786 1 75
4132999 12 70
1155108 23 12
796101 34 6
281177 4 34
38582 8 6
2557 1 7
622545 3 50
1963144 15 34
285467 8 13
762297 4 40
1183085 5 93
224513 4 17
101949 6 5
198041 1 54
13339930 41 68
256998 1 84
7903283 62 43
4042124 59 21
4534860 29 56
1905099 25 18
135732 69 6
6710925 51 25
14385888 67 50
66133 9 8
1071756 12 28
68943 2 37
95186 43 1
14489333 47 74
10252827 52 68
755895 9 22
6273037 26 49
463453 11 27
1790637 44 13
653411 2 66
1772252 8 44
4746200 13 82
16994601 105 51
3853834 24 49
4383818 27 47
636442 17 11
5154771 79 13
1936646 60 7
75412 12 9
1321034 6 43
43336391 76 116
547335 37 4
495100 3 61
674091 3 42
84111 41 1
172161 8 12
6732307 31 47
4087362 31 37
3715196 37 30
541388 45 3
1019316 6 56
33930537 96 117
921109 62 8
350266 3 33
566021 3 61
6063451 13 92
367600 15 23
2256 1 1
17196738 63 106
26209 10 9
50516 1 16
2234782 32 18
3036723 16 56
44744 3 3
683592 2 105
174814 2 18
13553 1 5
1349401 5 67
401698 18 5
99927 1 28
77608 9 2
1772324 19 28
895337 6 30
791712 25 18
33982 9 5
11754011 81 43
585096 8 55
2338016 57 12
738464 10 62
3140294 11 54
113207 4 28
320697 3 26
482846 1 111
140522 6 8
402517 14 36
634435 14 43
4632221 21 77
4056198 13 70
117270 2 75
1349612 27 62
15043 1 11
2708932 17 46
284702 2 28
6846642 21 70
3223744 25 47
173277 1 62
2724562 24 31
1176054 4 77
1536629 62 6
5536291 53 27
48676 2 21
670 2 1
53873 9 10
2311790 22 60
170528 10 7
1562916 21 30
624346 27 36
7040488 66 22
37517 5 26
1074138 4 53
314175 14 5
245241 1 46
2342399 8 60
22667 23 2
71583 1 36
3201726 27 30
2170397 9 87
2157867 12 46
35733 3 11
110383 11 12
19343 1 10
3804295 80 29
52650 1 16
1670653 12 41
2102835 32 63
524073 6 22
8191519 29 69
2703291 29 30
7236711 73 19
16072 1 10
6695545 80 25
3861643 61 80
6870765 17 95
2387070 42 22
1575722 29 12
304714 3 31
519713 26 52
1616705 43 11
211237 1 44
585810 4 47
5454059 26 53
1475554 34 26
149590 1 38
240910 1 94
5092580 40 56
969404 61 5
266394 54 1
26394 6 1
32285 2 4
846762 17 13
4976043 32 41
400687 2 41
14458119 108 39
6338493 20 69
506657 35 4
1046305 22 24
939565 53 4
4917863 10 141
797697 21 19
17487467 57 66
393818 6 65
679354 25 31
1662972 29 13
7390800 15 106
384779 14 6
1122571 5 115
276454 2 80
1367587 13 21
1327886 13 37
107494 9 3
914124 4 49
1374537 11 30
1051982 33 9
7898 1 2
12433 1 26
12285624 30 91
1073134 2 107
188531 23 4
2862228 16 46
695904 5 40
39553 17 1
40462 2 36
27085654 63 105
1278060 9 43
3123337 35 20
1132058 25 22
730591 6 35
351605 4 21
380988 4 31
2032225 11 64
36325896 83 101
685989 14 19
1751192 69 93
14837 1 4
2484220 16 64
81407 1 27
648988 6 26
637959 5 45
6883 2 4
2047146 41 16
262049 4 82
2879923 11 121
23582103 58 79
7343 2 13
297901 44 3
11294147 39 89
830363 7 29
408858 17 34
686805 25 9
250988 1 53
412645 2 48
352300 4 29
813877 10 19
33753 1 12
854316 10 16
1827951 42 84
532889 15 11
13735033 38 77
30428 27 1
568 1 2
395997 46 4
2944553 12 48
236508 3 23
771348 2 77
1395820 16 42
303094 5 44
7128 3 7
2017920 66 72
111982 49 2
30753 1 10
242278 9 10
321547 22 13
13661661 63 62
47571 4 8
921728 14 16
299347 6 16
171782 8 5
300549 6 54
8984141 48 37
865967 20 37
726694 6 31
9261 3 1
226127 31 18
2774737 52 16
2596304 7 94
17162364 36 104
14094 1 3
5808686 17 113
57352 15 4
2002422 27 62
607739 5 28
1087078 36 6
1234310 7 57
48094 3 28
823965 41 25
2619993 76 16
1387906 8 52
814370 4 41
19321 6 1
13022632 43 66
4449772 23 40
1738429 10 37
29761 1 20
206227 26 6
9148554 43 74
3783923 41 32
10535593 57 46
228378 24 2
156437 5 6
790274 55 4
3341592 41 28
2135346 12 49
40582 2 7
1651677 9 46
79814 1 23
151940 10 12
511264 8 13
334889 13 9
726708 7 38
12576 9 1
9428239 22 113
279800 20 6
77361 3 19
5429853 33 51
3669 1 4
76550 7 10
1131173 9 35
73361 6 5
601854 15 19
345278 1 72
144732 1 79
8565177 58 28
911126 109 2
1349495 14 18
2210340 14 53
366868 4 33
2276367 17 41
206808 10 5
1398575 26 12
905488 14 13
761811 14 19
1626632 3 108
615702 70 3
2978481 45 20
643202 51 39
1969245 7 68
106318 15 8
4940846 61 120
673738 21 28
219322 27 9
389280 3 34
2093339 13 57
301057 14 6
10562348 118 19
5393199 21 72
90828 3 83
1925922 5 73
17972 5 1
2869790 76 10
4252 1 1
1727486 15 49
17000537 37 107
6009879 35 60
676009 110 13
319575 43 2
142139 29 12
216387 6 14
1303524 5 62
4336859 9 97
160106 11 13
283008 1 75
3382419 10 85
115951 3 51
160319 1 35
121352 2 22
3048659 18 56
1689246 18 28
2301266 66 65
80221 1 29
534481 1 126
110194 4 8
299861 3 104
3096853 9 87
3350781 16 62
115599 7 7
485777 2 71
142977 15 3
844673 5 47
292539 9 19
238096 7 9
1096150 23 11
1166842 8 40
62291 2 29
1219289 7 40
5266484 37 56
39621 1 9
2903622 17 68
59960 1 22
160499 2 55
392802 18 6
466579 5 34
1307887 4 75
3223790 29 36
590715 35 25
6974181 26 94
6076272 44 28
90088 6 7
58031 7 3
417691 48 16
2406369 88 7
2798733 71 10
62391 7 2
449790 11 53
362820 1 105
30898 5 2
3638274 23 58
74285 7 5
1618042 3 122
24385 1 10
816431 15 32
188553 7 9
5455679 60 30
2912684 52 11
3583059 21 35
3649810 21 48
2902298 45 16
115736 2 14
41403 5 3
266161 2 25
1576620 30 10
67831 1 16
1214715 18 17
87620 2 107
139682 21 2
7068179 57 28
768142 7 37
21600 1 6
3370986 12 74
1831110 48 67
914135 20 17
37265 42 2
443147 50 5
11527310 51 78
554913 3 70
31568 1 18
6128165 14 96
26977 8 3
63491 6 8
137548 2 22
5743509 11 105
1948870 24 28
58406 51 2
80591 1 22
211026 3 62
2908745 49 14
8004305 34 70
69145 3 5
2142342 49 22
276548 29 2
4141746 20 41
2838007 22 30
20823035 39 124
599765 3 84
740072 27 11
63594 3 18
140741 6 16
1281676 5 113
140214 18 5
605038 21 7
12792758 97 32
1340447 7 63
632007 8 89
223822 2 25
4186948 20 45
2862964 27 91
14186195 29 105
2910110 8 130
50694 2 6
813389 59 4
11472 3 1
21391256 67 83
2106415 10 58
2323753 24 22
92915 2 121
6004409 69 104
59807 1 44
209752 11 6
8642937 41 59
2300420 7 62
1432212 3 92
657098 11 13
39983998 105 114
138966 9 4
1166159 12 35
969024 37 41
372656 19 5
3454781 15 50
15567196 63 57
187603 2 25
121149 1 27
563966 1 140
32184 1 9
161576 3 12
62675 1 24
93310 16 12
905969 42 12
5545243 46 107
291299 12 8
754688 32 9
472751 10 12
1064809 79 4
2975112 7 105
458909 9 15
97231 6 8
8136215 54 41
175726 1 34
1116502 45 24
3142995 18 40
555539 54 7
326894 2 51
11821052 62 59
114336 3 8
40756 40 3
132680 21 6
217571 6 28
107686 3 10
1229968 4 64
654586 2 85
15046 2 2
95380 16 2
385734 5 21
328752 36 11
536758 4 78
550150 4 36
60089 1 41
6082487 18 74
5245484 28 107
148859 4 9
737557 4 46
33662 1 22
188441 1 37
2218020 8 76
1012002 128 7
53805 1 67
4221232 8 140
992908 4 56
979897 8 58
13875863 58 83
64080 1 13
5949 2 4
453457 8 21
1087873 42 7
203269 27 18
727228 6 29
870567 44 55
1157536 19 21
2410491 71 12
144729 26 2
3914539 15 76
2987983 11 91
4562153 31 48
19925021 48 93
438449 6 59
1511907 6 104
11926023 33 100
508285 3 45
66917 3 7
206285 10 53
495458 1 100
618958 9 17
1254298 29 97
52302 5 3
327272 9 30
237588 23 14
3393441 29 26
227618 17 44
18262 1 10
11032 1 9
201698 12 12
74192 14 1
5452671 30 62
255592 1 60
165223 1 50
1873778 30 16
23100 1 23
5432878 61 77
4818275 45 58
321913 3 23
17017 1 4
98167 1 20
541638 38 3
7042125 57 44
1255372 6 51
65442 1 15
1064164 40 85
3551471 10 87
24580 1 39
1827826 8 70
340383 26 4
465138 1 107
421069 6 66
1159149 23 38
4112 1 1
355276 5 16
2771196 30 89
644522 6 31
2740801 29 62
336959 18 35
1960361 33 13
1484478 35 79
321353 14 14
3139318 14 69
435952 46 25
65727 10 2
149453 20 2
2316 2 1
1815760 38 13
10846013 29 116
14682 3 1
59955 15 10
43618 30 5
2325247 31 27
536187 3 49
980148 4 97
9333011 60 32
8967065 42 51
1019246 7 46
3208 6 1
100611 7 6
3351651 59 11
2890128 24 46
1649750 31 30
45455 16 1
7855629 22 128
1180901 52 6
1284396 14 46
162939 17 2
1331091 3 131
292978 23 35
58997 18 1
3980803 31 28
708764 2 77
107389 5 56
200510 8 27
479275 4 66
3197769 28 45
5320736 17 86
63586 2 26
2109223 72 6
825554 20 14
13666 5 1
1697676 34 13
156370 21 20
401174 5 19
1463604 10 33
189364 2 30
46295 2 69
2485925 9 72
2387922 41 26
87400 1 44
303561 2 31
10938725 32 66
536409 3 44
40235 4 4
1166763 5 83
8429415 59 44
1593046 6 69
72731 2 7
619807 29 5
8930038 46 39
371484 21 6
547352 21 78
119244 3 8
3805711 69 30
3005814 24 36
268191 6 11
1658792 6 97
107402 7 14
288627 11 37
2013481 6 90
2088470 49 11
1565269 19 120
101378 15 20
14050716 39 68
33328 2 59
2310830 51 11
4375458 15 58
498277 4 34
1581533 5 90
1547386 18 19
4174983 20 48
19749884 52 96
147322 5 10
2565534 4 122
13894348 89 47
69192 18 1
18736846 73 109
5252 1 9
120217 2 61
81203 10 4
590045 2 73
269277 3 28
428194 2 51
318614 2 43
9332254 31 105
1613509 31 27
1891707 21 31
59488 5 20
2493356 50 16
1048919 39 7
1161848 28 8
2408288 13 66
100731 4 8
50045 7 6
393153 6 94
5391838 10 137
16773737 61 94
810020 10 26
1928979 39 31
3552466 16 107
134324 38 9
83586 2 11
43923 4 12
6890686 50 42
6900393 41 51
714179 18 89
44096 5 3
13696 1 3
53678 1 20
915170 25 86
60627 1 25
657752 4 55
238037 3 16
610999 6 34
57963 1 13
10834273 126 21
357093 2 103
2718342 19 37
330088 3 24
109951 3 12
20336036 44 100
375127 6 57
5975 4 1
1250273 22 27
570265 16 9
5574882 21 58
2728121 18 37
9824402 53 37
17029 1 9
195761 1 70
4079 1 10
44371 9 1
5429 1 2
8332105 39 100
20596 3 2
129168 10 5
52848 1 16
82460 2 22
252065 6 10
90703 1 25
1829558 34 19
2089102 19 33
13795 1 5
87890 7 18
12003 10 2
28302 2 35
346311 4 26
7152 1 2
210925 52 2
2990189 19 38
2167053 57 14
118360 2 19
36191 1 81
65574 7 16
58345 14 1
1683840 25 15
301088 7 13
71266 6 3
6331321 32 102
53787 5 25
80768 13 22
271457 2 29
770584 9 19
188998 3 14
903391 6 41
1191952 11 32
457987 4 34
3122250 23 54
17118 1 25
41292 4 3
153398 4 97
834071 5 53
134347 5 8
3370843 10 74
2825639 14 104
19935 1 4
795026 4 43
136700 3 50
347709 24 12
4791145 64 19
680584 9 27
5393892 54 21
2930873 84 10
7388871 31 67
48676 3 16
121925 1 29
153993 3 18
1262581 17 21
193523 20 2
1154826 3 89
2801 1 1
12898 1 3
952965 34 46
2478674 13 37
11045 3 11
1915545 34 19
7858260 47 43
322273 1 94
501713 25 7
421801 30 4
3810391 19 41
137398 36 7
28693660 55 123
3659060 25 65
8297512 45 50
364552 13 48
738802 8 47
21698 10 4
1374947 52 6
622443 7 24
54832 1 18
8212838 21 85
437177 28 23
3661784 77 14
8058163 67 30
293529 6 18
58409 6 3
265405 21 3
444006 16 9
3595963 37 26
35091 9 1
760361 12 18
4569104 67 27
8084237 65 42
311637 3 32
59937 1 28
243113 1 74
465426 33 3
5438816 39 33
2242553 89 7
2784592 13 72
466575 11 13
31227 26 1
18094 4 15
2642802 53 32
64748 2 15
2754314 10 81
168709 1 54
17849 2 24
3390751 9 81
30747 1 11
87309 3 17
12309 2 3
560628 10 12
149503 75 7
1527533 49 9
727044 16 13
2321509 9 64
127424 2 18
21337 1 4
9408014 68 31
78235 1 25
243655 1 47
2963415 7 79
1761748 11 52
544046 34 3
31586 2 7
49652 53 2
7047772 31 92
22175 11 2
6374782 21 82
14336362 74 53
36426 2 5
177912 29 3
733079 11 24
216076 1 49
2392020 8 88
394866 6 16
1901784 10 36
202467 2 37
125783 7 4
3444706 33 32
2167200 31 15
195100 10 12
254187 2 40
3556789 30 39
140548 8 23
102162 2 11
144594 14 6
856223 5 34
9193827 37 74
1688828 24 22
458356 5 29
269474 1 64
18973 1 4
833498 91 3
1191016 51 50
642821 15 58
524554 7 27
17156 2 3
534276 3 82
140836 8 5
67423 1 77
678447 18 14
328556 13 22
999825 18 12
506014 16 8
240051 1 49
17910405 78 50
568568 8 87
7864455 26 59
1515149 6 51
257652 8 7
85097 2 14
81275 3 41
14463 3 1
7386 1 15
1184262 6 43
29063 1 6
2996624 31 51
5181313 78 24
6936970 14 109
5913292 50 38
17153 1 13
1158995 7 40
1083531 54 12
5558692 22 96
9622 11 1
204930 6 22
7237 9 3
1290943 4 101
2693972 13 73
8274 1 5
4231368 27 31
5763514 18 68
1218373 40 14
1501374 5 58
1008307 7 55
119362 9 4
50871 1 49
135476 6 56
778871 8 21
5527791 86 15
21017401 65 112
2014629 15 42
16041 1 50
2429295 7 90
2964500 38 26
4777505 70 26
829473 7 34
313004 20 24
3184282 5 120
9907 3 1
379096 115 1
209238 2 30
2258585 59 14
1148752 57 13
2800752 21 33
80348 10 26
793345 7 40
795518 8 56
4577242 10 102
110173 8 8
2324501 23 28
1207816 3 96
47697 27 2
3391 6 2
20245803 88 65
337819 10 31
2263118 26 20
161628 4 22
42928856 82 105
4413924 29 41
4176030 34 26
1046696 8 28
1000081 3 75
595025 1 111
692314 24 9
48360 1 13
1415177 5 68
51669 11 1
302217 18 9
218112 8 20
1497905 10 76
77483 1 15
545776 30 5
2841302 14 76
17721 1 7
173551 4 21
386249 85 4
1700990 22 26
2786110 9 81
760326 13 14
817966 3 53
245605 1 49
330011 29 3
242972 4 27
8583 3 1
33219 9 1
835758 13 14
1775300 66 24
426762 4 22
9526324 68 50
16318 18 1
864815 66 3
13169436 83 38
525936 13 12
2405316 11 62
5791128 69 24
9965 1 8
422057 8 42
95164 3 50
2624951 72 44
219672 1 66
11247 1 5
2188889 25 18
2085530 14 35
1393727 13 38
1728186 13 33
656647 5 43
1614253 24 21
10551702 50 68
31254449 57 111
146235 1 54
6275579 35 80
60011 2 31
5181985 34 44
264959 20 24
1333746 12 62
450560 13 36
359921 12 33
10224 1 27
1770652 31 16
257475 12 14
1865237 4 127
67589 6 4
1738754 29 16
10312458 21 102
301653 6 53
1619194 4 86
10770926 61 44
2766952 35 47
387503 21 32
1237115 9 36
4189540 82 12
1232322 31 10
63425 4 55
38994 1 11
132767 7 5
63995 6 3
7798871 76 103
180818 5 19
53063 1 37
1429950 24 14
7900 6 1
902900 4 79
1466045 25 20
740668 7 69
3111874 23 28
120147 10 23
1340635 17 15
1004840 13 22
2333244 25 29
18068931 47 82
979285 8 28
7093 6 3
252957 2 125
884337 3 61
5096095 35 72
7754453 14 132
161252 2 30
1031973 70 3
577506 10 14
72214 16 1
2754451 59 29
2340039 21 74
3363 1 1
660691 2 99
94585 2 51
93236 1 33
234224 2 98
112136 25 1
47789 4 3
4865547 88 11
269482 14 44
463353 8 14
123606 2 58
823491 6 71
1991074 15 75
1381915 14 23
572331 5 61
400969 22 19
4284398 13 68
935751 8 40
617940 2 91
137004 2 99
2033398 15 38
77121 1 23
1558569 16 27
1531055 9 49
69757 1 57
36918 18 3
141180 87 3
13684 1 9
1086584 31 10
3301434 11 99
1239973 7 37
1088618 59 20
293017 1 58
1052849 11 45
2298618 21 40
4023077 32 32
120516 6 9
199472 18 3
4553730 80 21
43867158 82 117
71779 1 106
933863 42 23
1126237 34 16
4026799 9 110
817277 6 41
773181 18 13
894575 36 6
267248 31 2
825922 4 76
217727 11 12
156660 2 27
146490 1 31
19865 11 5
32556 3 3
570282 13 16
3520057 22 33
44249 40 1
68857 6 4
7578141 21 83
476123 12 25
587275 1 111
2152109 5 82
538895 8 68
632668 9 17
1319079 11 117
864126 3 61
324507 16 4
526665 15 19
703716 11 13
219090 2 35
17492 3 10
779712 13 44
14915 1 18
969821 5 61
1249431 7 47
7886326 73 25
3443669 22 49
1342433 8 77
390293 21 6
1692025 6 71
282896 5 16
406321 8 54
10114921 27 105
486441 8 14
4034367 29 35
1229963 27 13
232300 5 104
999678 19 19
2538815 35 19
1564098 9 34
112616 3 16
11057027 39 55
219875 5 11
2438585 24 32
141249 8 10
16568081 40 103
1648564 4 98
545284 4 96
267940 6 52
1093401 9 23
526547 2 77
138131 27 1
1816166 23 20
559818 66 20
19644 1 12
3921305 34 87
8340481 21 102
654799 2 113
2348138 6 75
4570442 38 40
6528401 27 65
204379 3 14
213928 7 10
96470 1 25
16884 1 4
478935 21 16
492779 33 8
113115 1 34
6892976 30 47
1001527 9 39
188240 17 37
15768291 67 75
29066 1 8
33067 1 7
66404 1 20
274501 7 11
612929 9 102
84317 46 3
844930 3 95
3362543 21 53
851589 8 65
1931352 47 17
5349627 108 112
652844 5 68
210850 6 81
1428074 11 42
1655463 32 89
72238 2 14
415880 5 20
3289901 70 10
591431 9 16
2068 1 5
419599 3 39
478026 3 70
2028 1 2
2346157 22 26
40489 3 35
794478 17 90
136302 6 5
4424 3 3
210280 2 36
3420862 71 12
1089086 23 29
5661187 44 31
555237 7 17
2676284 16 48
455523 61 8
580310 7 41
51257 2 7
407998 5 51
5429 1 2
57636 1 34
4988 6 1
754053 6 30
943696 96 6
1745786 12 52
799 2 1
397486 5 28
2618402 17 44
6025290 56 87
4505181 18 49
1423908 12 33
2440296 40 12
532766 7 21
453348 3 34
634789 12 16
8959432 81 99
2804285 9 90
179700 5 11
9028106 35 60
42965 1 10
6335505 44 51
22070364 59 71
92390 6 21
215333 1 74
3024815 11 79
4710791 17 57
3589384 78 20
1151016 6 53
114816 1 36
42027 20 2
40985 8 3
539975 2 102
657002 2 102
100076 1 40
2057691 59 9
1436674 18 15
171058 9 7
28718 2 19
591169 7 21
2029517 61 82
616203 17 10
48934 3 11
220431 2 40
645758 16 10
974418 11 26
739747 5 46
279265 14 16
229913 58 1
22202 5 3
291602 22 17
3809412 16 82
586611 10 16
1193564 13 39
1096613 9 92
656956 19 12
7146350 53 27
1072784 13 17
147153 4 7
421912 2 71
753617 8 118
357194 12 63
105058 14 2
6616459 19 81
12867726 84 31
516230 2 54
1325689 38 9
6840648 33 46
32362 2 15
441009 1 113
220729 6 26
2348252 17 37
1275928 7 54
23104 11 4
6500412 43 50
107371 10 3
1821093 20 55
3589343 27 44
477840 7 28
107687 3 19
215553 5 22
56479 9 20
2103827 16 40
926924 10 30
107186 1 21
256137 5 13
39555 3 3
71781 11 11
182345 17 21
2989393 23 45
241491 14 30
4631739 42 31
589971 8 57
58925 1 18
2322212 30 24
656388 13 13
1085302 19 18
86021 18 11
354145 2 62
1399636 24 14
509507 2 88
1931305 12 56
5523 1 2
290725 22 3
76311 2 9
553565 3 50
133719 31 11
108723 20 11
944670 6 38
782347 16 11
104033 2 16
5915 1 12
47311 1 15
811727 4 90
1661446 35 12
156123 2 28
33128 1 9
845823 11 23
4909778 11 106
71295 9 2
5797313 27 65
1145551 7 37
555954 34 6
7215 5 1
10194 1 10
142253 10 3
61784 12 16
9662880 24 89
372003 13 40
133503 2 15
2777623 14 57
1594316 25 27
14010 2 2
2454186 15 31
179676 34 15
2227754 25 19
10587103 34 93
408791 31 3
1442376 15 42
658676 6 115
8026185 24 100
137003 5 43
333209 1 93
7811 1 27
2324656 13 49
17512 1 23
924760 27 86
2768036 18 34
6467217 60 69
688952 5 78
2000691 29 21
5119842 13 79
126220 1 54
1539090 41 61
3696635 14 82
425075 6 74
365344 15 6
239720 1 54
3707910 39 33
139509 1 90
2476158 47 33
709618 11 70
103553 6 4
325328 15 60
14752632 46 64
809223 42 43
24177 1 6
5751496 35 39
3734994 20 55
741561 66 12
26191 5 2
6554705 24 54
267826 8 9
2082584 6 97
30497 1 8
3691185 11 93
304252 5 64
3813532 21 49
7078628 103 80
179823 7 31
551567 6 18
174463 5 10
12595 4 1
12116124 80 40
18228 1 14
37695 12 7
54103 3 26
17685257 44 128
8265099 49 68
4318401 16 61
59111 2 6
8405 4 3
22837 3 5
6045536 72 40
136117 3 36
5600305 38 28
7509533 53 62
46187 3 3
514830 4 68
291811 3 26
384503 9 95
92515 4 8
385363 33 10
267707 10 9
15313531 73 43
73454 2 70
101235 1 40
10941032 36 89
414670 3 42
179761 2 121
398021 16 82
44602 47 2
2027724 20 23
983973 67 23
1913329 8 48
107469 17 2
4513535 13 85
7119206 37 63
642684 3 57
404667 8 31
1342389 35 13
8638756 100 22
18014368 43 91
1939553 15 44
1818758 5 92
2346 1 1
552022 3 36
10484 1 7
658307 13 60
38409 4 20
657044 12 14
149237 18 21
55076 3 4
18305502 115 42
86229 32 9
9458356 42 73
249243 3 30
435070 14 72
1514643 13 35
469214 3 40
1721895 22 46
6256622 37 126
372753 2 37
66603 10 20
28714033 92 59
527257 5 31
3210305 18 54
177281 8 19
291910 21 4
3831772 6 127
2072772 48 31
95791 2 14
1216356 84 17
358760 10 8
74038 1 25
191039 7 9
222397 1 87
77899 4 8
1147162 40 7
440109 7 21
497631 5 32
1048894 11 26
70548 2 46
2373 2 1
262311 10 6
1149063 26 10
275765 4 55
3522547 88 64
2386177 20 106
466622 22 33
75961 3 7
454056 5 44
3090684 37 46
874623 9 20
62936 2 6
2460378 27 35
2956829 14 41
131971 5 7
3019639 68 9
1127089 13 20
511303 24 9
24337 6 1
8492233 62 48
396791 18 12
580507 4 30
690711 3 59
2146371 18 41
310964 38 8
283059 20 44
613209 11 24
27336 1 25
220177 34 2
675173 17 48
105921 5 6
98638 18 10
403302 14 15
125283 6 4
514071 7 25
2115527 12 34
7108683 35 59
41099 5 3
481345 2 73
699553 11 23
1026916 27 8
1876545 57 42
41206 35 4
5583076 36 71
13071669 92 74
246354 2 31
14703863 29 109
4294869 31 31
518552 7 35
422293 42 2
2237233 20 66
1372870 19 40
5612790 49 93
15713 3 11
8382238 23 91
2037682 13 69
300065 28 2
228354 1 46
1787229 46 11
266506 3 20
80193 4 35
7555855 43 63
341213 3 31
4524674 19 57
686649 4 54
53132 106 1
1319056 13 95
296453 13 33
353365 3 36
2189939 35 41
151705 1 37
44493 24 1
228511 85 1
165899 7 84
1064245 5 67
10689 1 28
1983089 8 51
286622 4 100
75659 4 5
169325 1 86
1327705 7 65
2171251 5 107
701660 3 84
3314356 37 32
21948 8 2
4747435 13 108
3781155 18 58
513253 13 48
619928 7 28
4691256 50 22
195977 42 2
368900 1 74
4215519 9 143
49756 9 2
10275 3 9
918790 13 33
458775 4 25
456278 4 28
914116 3 83
1803507 6 72
53942 6 4
1547134 15 31
1156239 23 24
200080 16 27
21605 1 68
85358 1 113
415517 4 30
333760 2 33
596743 3 70
12349 2 21
4319912 13 86
22237 5 1
44309 6 15
1204650 7 38
1379205 15 46
4185323 16 84
1283366 45 17
51900 1 10
94237 3 10
1648127 6 59
690460 7 32
1848219 93 4
524227 7 25
219744 65 10
2085510 113 11
288528 18 13
505469 1 99
3375381 36 24
33159 13 2
130905 2 16
5615122 29 38
336279 2 46
466393 66 10
264503 24 3
163125 2 30
649838 46 12
647150 47 11
418691 23 27
2714623 63 24
736367 25 9
3139108 31 50
505018 9 19
31668 1 31
974080 11 24
437997 33 8
3727373 33 23
1657773 22 20
20456 3 13
90281 1 17
1395180 11 32
39432 1 47
2053549 28 22
2587991 12 53
8926 2 1
910173 9 21
22441 1 13
158756 3 10
201619 1 67
3403720 22 37
3415058 36 36
190879 13 53
508302 93 11
953665 11 24
1419805 9 59
360732 4 24
266825 2 27
11488916 63 39
19078 21 1
9513800 33 72
10454722 34 75
525550 3 35
4954 4 1
1324411 7 106
42166 3 3
558887 6 58
51512 2 5
558389 8 70
361777 14 8
19938812 77 91
190104 5 91
69578 10 22
62240 1 16
2516841 30 103
1043915 5 64
17010 1 14
7349 3 3
56213 1 12
948568 6 93
76558 6 30
50876 20 1
1999394 7 89
78209 1 19
864442 8 31
1065400 8 25
3282727 54 51
26574079 90 74
48515 2 33
138942 2 61
4141604 11 71
337972 4 20
340136 4 29
21985 1 37
205217 7 80
13140914 31 117
2000823 6 91
76040 3 9
292721 13 5
4819473 20 82
5114645 81 13
2631158 10 92
403169 2 56
2312204 10 47
540988 8 27
349510 29 8
146550 22 6
11969 1 22
94107 2 10
1802 6 1
41918 7 6
389452 23 4
131976 11 3
4120281 21 45
924010 11 29
811702 18 9
1096604 10 27
15956 1 45
144801 4 53
9633612 32 106
6804593 31 41
389226 5 77
1932780 31 13
1928078 19 35
4075690 20 63
12192059 32 77
125338 11 25
1686053 24 18
15750 5 1
222726 2 38
102250 1 24
278080 6 40
3954199 12 81
3355080 44 17
34135 3 3
1099009 11 47
1146684 14 30
67930 4 12
6001786 25 55
6325123 49 45
12568954 71 84
315993 5 21
2212608 29 27
8367 2 1
155209 23 18
9390329 23 80
529702 2 80
2481591 39 60
1668660 10 37
28090 1 39
4747583 24 51
51536 1 85
89075 1 20
1450785 57 36
1259377 6 50
38993 17 1
611242 9 48
536501 37 4
254995 4 28
568084 5 24
258246 1 66
8313 2 3
756057 20 80
3548235 14 73
3124452 21 35
546579 10 18
460537 6 23
87982 1 97
79144 5 11
214544 9 32
47259 19 4
3111546 27 29
57909 13 3
3014347 24 24
1061508 9 25
1034137 7 31
657115 9 17
98704 1 24
12295048 47 50
5906 1 2
2234748 17 26
7336 2 1
530452 4 70
110311 8 15
3776028 43 17
24305 3 3
161768 2 74
14784827 28 111
1004426 35 8
1106654 63 7
150703 1 39
878255 8 31
763625 8 68
905406 6 73
1467313 16 26
1542644 9 44
1873766 69 7
27204352 51 123
448114 4 107
13232 24 1
913608 10 33
247667 3 28
37577 1 13
265060 6 10
338861 7 15
1043981 9 25
47976 16 9
2404516 27 29
1660655 4 125
402872 29 16
1168858 5 44
9536 5 1
86040 1 36
353693 26 4
77898 5 10
17595 1 4
17040081 46 88
1757466 56 8
10961 1 26
3654682 18 43
2262577 20 34
35758 1 70
117642 7 5
207339 1 54
298999 1 88
415847 18 13
90134 7 13
1790120 37 52
4965557 42 112
4138 1 1
860784 66 9
38421 1 9
209836 3 25
274192 5 31
607824 3 47
462778 35 4
200226 5 14
4054045 61 60
62933 1 22
512168 5 21
6538525 21 77
10649600 31 104
1350024 6 53
798442 22 66
774585 52 3
134756 4 20
3899 5 2
1182175 77 21
142523 11 6
5783110 24 46
5519984 40 82
11516 5 3
907147 75 20
56749 7 2
51076 22 7
1321633 7 54
15860 11 5
1465821 31 11
31997 2 5
942842 13 24
23224 6 1
21425 6 13
3265242 10 74
648903 6 79
287626 4 16
44216 3 10
98920 4 5
97717 4 8
3055850 31 22
2138 1 1
7968517 36 44
21657 1 11
8802 1 8
289618 11 14
280322 27 2
22777576 98 93
312908 12 7
1293054 14 20
202881 1 58
493101 3 33
1244260 29 16
6086034 28 72
88546 10 19
1011959 5 49
81583 1 30
770528 7 39
1245526 13 23
5301985 95 11
492321 5 48
2205139 18 46
671542 9 25
1104774 3 75
713480 25 21
1236403 15 22
311777 71 1
330281 13 6
137253 4 32
850654 9 24
8811730 21 90
27809 6 2
38262 2 23
51413 2 88
504134 1 109
9459677 39 73
1483932 21 15
177454 8 7
95684 27 3
991003 32 37
39633 12 1
481867 21 10
153889 3 66
2350845 7 80
893827 16 40
48878 1 19
9925003 46 45
528361 77 5
241561 2 35
301330 4 52
94626 3 98
663354 7 31
3449161 41 40
10868900 74 39
1006024 43 9
312637 4 21
9432828 60 44
2128261 37 78
2173029 30 25
1314031 26 19
19365380 76 87
52918 1 16
9965099 87 24
223161 3 16
434089 2 137
49976 4 3
8963698 23 85
10834 1 34
102453 19 5
263382 37 4
659714 7 24
631384 3 49
159451 23 7
159324 44 7
2014776 48 11
1922621 6 90
2122462 20 46
312735 30 3
22401 4 3
567479 8 16
229729 2 28
410862 4 39
8000 1 29
2317082 25 52
298 1 1
100501 6 25
337895 27 3
899148 30 73
927873 28 8
9737961 116 23
8022622 42 90
473386 3 31
8311 1 5
3523508 26 46
73478 24 9
2358914 35 13
962848 29 10
1598068 4 105
1272667 10 42
1941755 29 13
3121225 20 108
206548 2 24
2723359 26 32
396085 1 131
92195 2 78
60815 19 3
669629 5 31
941431 17 18
160303 1 54
1157216 43 8
2875479 6 111
87099 1 18
511001 37 5
32751 10 1
6611044 49 93
123672 8 5
503294 11 85
46784 1 13
697316 70 27
121977 4 6
452182 23 28
24717 1 22
4265438 7 118
54548 1 16
6673347 29 46
676804 3 82
17271 1 21
6845 17 1
148575 9 4
3570113 24 56
662 1 1
9548228 31 134
10166 22 1
3118043 12 52
7538926 40 45
2019630 31 31
28607 4 3
15539 1 33
7316949 25 80
3122866 15 58
1134067 5 50
401461 4 53
977416 3 63
715981 11 28
153379 2 39
171005 17 18
1133218 4 59
1840422 13 50
792690 5 36
18797 1 7
45242 3 8
81472 36 5
432128 7 18
7269 1 13
7304264 58 38
659776 14 13
17277992 119 99
103976 2 27
169288 2 27
1393115 37 14
4762203 24 60
2184991 24 42
1928960 7 88
8462 3 1
31053 1 20
586642 77 2
292957 2 38
1306597 6 49
23631 5 10
674517 23 28
2799069 29 48
75545 2 18
168696 4 11
693019 3 86
484476 68 8
11664 4 1
39509 8 7
539475 7 15
534653 18 14
31860 1 7
35464 3 35
3248814 58 13
813319 101 17
248139 21 19
2043386 45 10
265532 36 2
210104 2 82
9977 2 1
1781009 6 62
278205 24 6
14774503 55 91
1333943 30 40
867245 2 111
29602331 58 120
265011 16 16
363570 25 3
310493 4 45
285772 7 39
194133 10 9
243464 21 7
689214 4 36
3122 1 1
238768 9 78
135334 2 16
5357286 108 14
998619 43 5
129130 5 66
287325 4 17
25500619 78 99
21078 12 2
34949 2 10
32744 2 8
14934828 37 112
8665 1 7
176916 53 1
2577773 27 53
1581350 11 35
1989620 14 63
270063 3 26
1494012 38 94
9227 1 6
1634064 13 27
38172 7 6
832847 6 47
13421285 32 79
6996 1 12
829296 3 56
7238 3 2
36468 40 1
1757041 24 26
27390 4 15
354805 8 16
1432115 35 8
464097 5 92
682836 9 32
52379 11 2
4680364 19 48
305532 1 71
2269404 36 90
1132654 9 29
215079 10 26
467609 58 3
594818 14 8
103402 2 21
1186546 4 64
1757090 62 13
671287 5 41
877476 29 7
420226 18 5
458997 12 89
96102 1 30
49084 8 16
11658457 24 95
3101231 30 31
155730 1 31
187659 5 8
19128 2 2
1627548 5 95
30973 2 10
187200 3 12
590109 51 13
871120 6 63
1953507 8 66
268348 18 48
46067 11 1
44641 2 74
1894625 20 24
3517477 44 21
383233 21 25
225196 13 42
296410 2 36
129328 2 19
94599 1 27
1215961 20 26
821731 4 50
14673131 80 40
229879 17 3
4969145 74 90
508892 5 60
213559 4 10
54111 9 3
2752419 37 22
745785 12 39
398481 1 110
73531 22 8
278929 3 128
3962997 24 56
57724 10 2
122104 2 19
438703 10 37
33021 1 16
324418 2 34
213231 50 2
9547620 25 118
6686880 16 108
303774 2 29
6401921 61 103
189946 2 23
274003 48 19
410329 4 36
3006858 65 94
274039 8 8
481755 24 5
343959 2 58
1895588 27 14
3313530 20 50
412485 52 2
223293 22 19
825251 5 81
1608445 29 55
95035 3 19
453794 9 18
6966836 23 84
6415971 20 107
19765 1 14
34104 18 2
60225 3 22
2377007 16 41
438883 8 12
25541 1 85
209305 1 43
167433 3 17
118073 2 76
1096930 34 21
3126 3 2
499051 9 12
814825 18 9
101306 12 3
415801 4 30
567323 15 18
2669841 42 43
17196 1 50
21785 2 4
71028 1 61
1762028 10 57
3045954 43 20
350321 21 17
291940 29 17
34016 13 7
21333 9 3
404856 11 46
239583 14 6
190537 11 39
630926 12 11
1657890 30 23
7146834 47 50
566982 11 90
67169 2 12
5816398 44 57
394449 7 20
128393 1 44
330021 1 109
691305 22 7
46938 1 17
4256146 41 28
252702 6 17
3192312 74 9
513707 10 19
1282510 13 19
69679 4 6
18244 5 1
720544 5 75
11023786 37 93
4438060 10 96
1993165 27 46
329239 22 13
1698902 12 79
16781 1 4
10451540 34 98
5436254 23 56
4751067 20 58
347368 1 82
4717262 82 18
1189285 2 129
40590 1 37
9959140 127 15
1030022 8 38
145597 1 29
2570572 7 91
2269273 12 48
290929 27 3
43446 17 1
25324 13 1
719179 30 8
58156 3 9
3475806 10 121
63925 1 23
6516174 30 42
1190987 5 49
370441 15 6
331890 28 28
296712 32 2
319484 1 111
70069 12 10
2033182 7 126
61799 18 1
99277 1 32
527779 9 33
3175557 27 68
655227 7 21
100732 1 48
656178 13 14
4388012 82 61
9443 1 3
7588748 36 58
400905 2 42
157312 7 56
63210 7 15
128943 27 5
2847506 10 86
262745 7 9
6462865 84 23
2603758 16 37
478729 1 99
574596 44 8
1921200 7 75
177189 4 58
1204 1 1
919304 2 104
2344822 17 27
8340554 36 50
401665 6 15
4597718 79 12
5839130 22 63
1879251 4 95
4421037 51 22
728484 8 30
6503892 31 63
492172 60 3
823145 17 41
109299 1 31
1470294 21 20
18157 1 14
6168017 18 93
9783646 51 81
1284716 9 48
2128024 74 8
295981 1 87
2389360 18 33
7266241 27 56
7139489 22 71
578594 13 118
718514 37 44
430733 3 105
488683 2 52
1033541 8 32
315036 16 5
391886 11 73
323703 27 24
389633 27 30
88672 3 8
2047301 10 50
125837 3 12
371855 52 2
65558 2 27
1557610 23 20
11665242 44 87
149284 1 33
1019232 24 11
29034 4 2
242042 8 87
700020 10 20
141936 1 35
23251685 68 105
158842 2 18
180495 1 34
23292 15 1
493198 26 19
508743 5 26
814653 11 80
3342630 17 67
12320576 26 136
885126 10 25
412130 2 59
236587 5 16
77598 11 8
8946217 20 107
8964 2 7
246778 1 47
189353 4 37
7791078 65 30
3464332 49 19
425759 9 9
39168 5 2
1060278 27 21
3841419 24 60
3231 1 1
578136 57 3
284461 11 59
6370559 20 99
531093 32 58
884757 33 11
21397419 92 80
1181958 20 32
183752 3 16
1531789 16 79
13184151 54 63
270553 4 70
4671056 64 86
1874601 11 44
4161836 21 71
748169 5 40
284334 9 12
291404 79 1
4268898 19 61
253303 14 13
34749 6 4
3075145 75 11
155792 2 16
335937 3 65
94958 8 4
10048189 79 41
23881 56 1
306262 52 9
127938 29 16
3847362 20 68
73823 16 1
801096 10 47
4215323 74 30
129902 13 3
14837 3 3
61128 3 4
8006544 21 117
22530 6 1
3782675 38 44
1221 1 1
29149 1 19
1495511 22 14
195224 4 29
457198 16 49
306870 3 101
652328 14 20
536282 10 11
158700 4 12
2536384 6 80
2026716 27 123
99914 3 7
35198 2 4
136863 9 3
111853 28 1
854134 13 117
100246 3 9
7751 2 3
170555 2 21
849380 5 43
1227011 10 76
1834610 15 50
563528 2 76
18954 1 5
2414658 8 73
225777 10 6
3837660 24 62
262468 11 13
4904 4 4
2072152 7 84
90499 1 113
561601 7 22
111441 1 33
2830450 21 97
383786 10 28
4663591 23 44
157256 10 22
5566359 60 77
549193 8 22
39508 12 1
31572 10 1
1398454 32 13
813463 3 86
127077 2 14
897122 8 65
2661537 50 76
228178 6 10
1002650 17 20
58028 32 1
4562280 14 65
221495 55 6
1207498 33 11
155683 4 53
292655 36 3
13350 6 5
969432 7 27
275175 2 36
298758 6 101
1415525 10 45
2615385 30 22
12171 2 2
344688 13 27
243589 6 34
3057834 6 114
5407 3 1
1843086 7 67
109087 2 13
123405 16 8
247472 12 4
2865 1 1
248790 8 6
5312105 8 128
1859118 28 15
58620 21 3
264795 29 2
353436 13 10
14604982 117 126
2254886 21 27
1680500 18 22
2401278 16 130
3449721 12 95
471016 12 39
883442 3 81
398070 9 17
672 1 2
229573 24 2
2562180 9 92
52513 2 7
22894 1 77
1474546 32 10
11139778 23 136
523101 99 9
569900 4 88
11857 2 13
142108 1 46
1133801 8 50
505392 4 97
245140 4 16
1550820 12 41
318555 49 21
130760 13 11
210264 17 8
26520 9 1
3410996 19 37
236874 54 1
21441103 75 56
1267772 18 23
2242527 16 42
83640 1 25
7986972 59 32
528439 9 41
957721 38 5
1236870 7 45
24033 2 3
482840 44 17
653005 17 17
613654 6 29
1725756 17 36
6164947 27 61
517235 2 95
447471 9 49
2060878 20 21
954273 7 44
166655 1 68
124201 4 18
688307 14 14
3539484 77 18
4870508 34 51
4037159 29 30
115983 7 4
750816 52 16
10852 9 1
13583690 99 45
284262 14 6
3657 1 1
173881 3 16
3373213 20 143
331854 12 7
779606 17 100
5626 2 1
875506 4 71
574764 5 32
209430 9 5
87045 1 31
11778483 41 66
625977 4 35
405695 103 1
363308 2 49
156273 4 21
3151569 17 42
264836 1 51
544136 4 133
26041 7 1
741402 43 22
73743 2 35
3921167 14 73
28094617 67 127
153584 61 6
5103920 29 47
10828 4 1
12620414 48 50
8601722 38 50
9137875 48 45
117974 13 16
266211 4 15
47886 19 1
37666 4 19
24662 4 17
1798340 5 90
246370 2 45
272568 45 4
661510 39 14
71941 1 20
6336 2 3
25409543 70 82
8846656 47 69
39438 4 26
1011566 19 17
234957 7 29
576496 12 76
95828 4 19
3237638 46 32
14179 4 11
4923 3 2
12828832 50 108
418648 25 6
5961552 38 36
14386 1 3
70671 3 6
4257035 114 22
1722704 6 57
1924773 12 49
712345 70 17
1695593 41 19
411498 2 76
5162119 25 44
11081244 26 107
11244901 98 60
921860 44 8
140699 8 15
133008 6 12
906149 20 78
4670584 51 76
108788 17 5
411851 5 68
136046 1 28
135215 6 43
334103 2 62
105011 3 54
73165 3 23
167426 1 48
205981 2 28
920916 5 51
1505023 6 58
16936 6 6
169330 1 37
1499554 4 76
534800 3 35
645506 14 26
2104709 19 25
329121 4 22
5368749 38 71
1317790 7 46
113672 37 11
14186825 73 55
1980375 23 24
882560 17 17
413559 7 13
223893 21 2
266483 3 32
1161229 10 28
165855 34 1
15881 2 26
630987 5 49
634498 3 61
7886799 35 79
2393003 53 12
551681 16 22
92313 19 1
317115 1 61
477428 17 7
43408 1 12
33718 32 3
320294 3 24
24807 6 2
358910 4 21
652746 3 75
2638212 39 41
551827 2 127
69279 1 18
13703344 33 92
523401 25 7
5701482 58 35
257061 14 5
33253 1 18
970684 6 54
28234 5 5
155385 10 4
4247194 14 70
217650 8 35
8637581 35 87
6750438 60 24
2009631 41 18
10814 3 1
59043 1 13
2752775 26 29
346820 6 27
198294 1 67
140863 1 43
26875051 104 62
9208 2 1
394349 42 2
1221293 11 30
369028 16 35
5987009 42 27
395039 5 20
468958 13 9
20775 2 2
3609031 47 21
175420 3 12
74080 2 10
350670 17 4
486601 21 7
7353 1 21
177155 4 9
150180 2 17
442721 3 38
143162 2 36
13229955 29 118
661850 50 6
750687 25 10
2503463 7 111
96357 4 31
458241 7 15
23451 2 38
1679786 11 86
1041028 4 62
4343013 83 70
476046 7 23
4155 1 5
201361 16 11
5036089 54 21
1470953 7 48
31051 11 7
1092965 9 38
405906 3 103
36075 8 8
1057645 6 47
477902 19 5
766974 7 31
353435 40 3
129251 5 26
1310548 4 81
4470074 13 97
565817 5 102
1428680 39 78
788648 9 38
1150436 4 56
486008 3 31
126338 14 2
11211059 33 81
97690 1 36
921101 76 11
394780 6 22
138779 1 26
66655 3 8
764521 4 78
38369 3 5
164662 1 42
4555 3 2
167888 59 1
664853 12 93
83887 11 5
1579385 34 42
2150764 6 85
55016 1 81
89637 3 29
8928 1 20
2534939 5 115
486272 2 98
313094 3 47
444442 41 3
1685841 28 13
746683 13 28
502933 8 15
267235 19 4
1243327 7 39
8123 1 3
95726 1 26
31875 3 3
120133 21 2
744663 11 33
252728 2 47
9494716 40 47
208789 2 36
1029762 35 8
44287 6 13
79200 1 26
4227689 16 86
46804 1 27
3178530 7 115
879967 3 63
412960 4 62
475261 26 25
1325137 26 33
24537 21 1
151990 21 5
2117677 14 34
522882 3 61
63584 3 66
32264 1 11
547786 13 113
228522 1 72
21413825 52 83
11500299 69 47
30948 2 20
744041 14 15
98464 12 4
2287073 36 14
3440672 34 59
1403 3 1
487324 3 85
48330 4 28
2995973 13 54
794915 15 15
95648 9 3
432648 9 13
993105 22 11
263909 14 53
126522 7 5
497874 4 36
26590754 67 125
249119 5 16
5380463 29 37
1204496 9 25
3561662 25 40
232311 4 18
557565 7 18
58893 12 3
766011 3 112
286265 6 14
346707 3 39
203955 4 17
9102698 66 38
3065 1 1
14881087 33 102
126576 2 33
2391863 17 33
565257 15 8
1390451 52 10
35318 1 7
53710 2 30
1971988 16 31
13577 1 4
2512002 44 33
2142412 12 53
2409331 16 39
91227 3 79
178840 5 42
7060226 20 90
2259487 32 23
3555718 14 61
17656 1 20
161714 1 39
104755 1 38
1899709 44 15
3829435 22 37
5224 2 8
108057 17 3
3374366 30 59
2052684 19 46
596486 10 17
11892616 64 47
698892 15 15
356179 13 66
3601188 77 36
76870 2 16
834547 17 15
40973 1 12
106072 8 3
938316 5 45
1659090 72 16
1291758 33 11
26273 1 82
295944 15 6
669941 3 43
143846 6 17
8528550 85 36
1039013 13 18
1202745 37 9
960717 3 94
142392 6 35
6419280 19 71
3897737 48 18
506613 25 4
868562 9 51
6570083 34 41
161670 6 8
11916328 49 50
12941545 51 71
561480 5 24
3213772 21 36
403987 27 3
595720 36 6
1579229 15 36
8801940 81 25
21815 1 7
2231 4 1
1294634 64 54
316998 2 40
857821 40 6
830803 19 107
2750004 6 130
25280 3 3
459103 1 90
247381 5 15
58718 1 36
92376 14 16
38938 24 1
10715121 36 59
141011 2 26
344184 18 5
3493727 9 93
58943 1 16
1274282 17 34
70575 7 3
6229 2 1
2816247 15 50
538872 19 13
237089 25 33
170527 12 19
881725 10 24
9902 3 1
1231094 15 24
1046405 5 58
174405 1 33
2886214 22 45
5201222 35 55
107117 13 9
289448 10 9
548480 13 15
2789207 44 21
2275513 8 59
403173 3 30
57056 3 9
63731 1 14
91208 4 57
1655372 32 18
610342 32 7
845479 16 18
95018 3 12
468976 47 7
1496141 22 24
12781 5 5
72088 1 69
13696 1 43
5521 2 2
457247 2 84
13839353 52 62
792829 10 17
306326 19 18
31794 11 9
1299722 19 25
18903 2 3
1606759 13 100
1516171 7 52
1363850 11 29
32178 11 1
3790809 52 17
52236 11 4
10991659 35 91
120692 1 45
1906099 4 102
8524 2 2
2473224 10 85
4448270 54 23
852 1 2
1916775 39 63
1573 1 2
341091 31 4
20773 1 38
2700763 58 24
652276 38 5
1571903 30 16
679198 7 19
1042373 23 77
284098 4 14
2469383 25 20
3591950 31 35
118949 30 1
13568 1 13
29808 4 2
43150 5 15
1973670 33 36
674155 30 13
46997 5 28
112482 1 33
3838723 9 128
5018017 32 34
9773 1 20
859365 26 10
61424 3 6
152362 2 26
468209 11 78
458920 5 20
1109068 5 80
47677 1 14
422565 22 5
1474213 12 42
1596170 8 48
5115900 48 27
173120 2 30
43614 8 7
4630 4 2
1271415 31 39
1725111 14 52
2636631 9 66
2469 1 9
2521388 10 80
1190354 26 31
1765050 29 19
1216023 58 4
8801 1 2
377660 3 25
31649 1 49
7774089 43 60
72575 1 24
32708 3 22
22399 1 20
1857844 5 74
12162210 25 135
184397 15 3
625633 4 49
370202 62 5
831000 32 22
2835048 20 44
447403 6 18
14422 2 8
468905 38 19
1819965 19 26
5833578 76 21
26596 2 4
178981 2 27
3844287 50 45
201012 27 10
181434 3 82
1058638 28 30
5140 1 6
2329646 6 75
270992 4 49
339243 2 91
607090 2 67
4111885 35 35
539261 3 46
3191 1 2
272288 30 2
2805683 17 51
11464482 80 50
6651981 16 88
7112367 20 74
911802 78 14
27257 2 9
548841 4 34
144912 1 46
1296149 53 7
97439 4 6
228685 5 43
541495 11 16
598471 32 6
320010 3 29
765615 12 19
108093 1 61
220784 14 4
4952459 68 59
347381 1 90
4294010 21 52
727850 2 84
938803 32 48
81383 2 10
5908639 42 35
19643 1 11
2481706 14 61
1588428 11 44
4301278 23 42
1721024 5 112
964082 33 47
61790 8 2
1294952 31 13
125203 5 9
10701988 87 27
3000031 24 25
2608991 9 65
191172 22 6
475670 4 42
528146 4 30
159711 7 32
54441 1 107
35401 1 8
33143 1 25
913179 75 15
2118276 7 73
3835746 49 27
98322 6 4
311141 1 75
61737 2 12
266486 27 19
57395 1 23
13940833 63 59
129435 14 3
15687 6 2
17067 1 4
422926 18 8
1923694 25 19
9487385 64 41
3513134 8 82
203772 2 31
745136 13 97
405680 6 19
1185992 20 13
3382119 31 23
534613 10 50
628288 3 50
620079 48 22
22116561 58 83
2593501 21 26
2281132 10 57
552546 6 27
1577668 10 38
1919655 12 59
587747 8 46
433790 1 113
1102657 4 83
824773 9 50
29318 17 6
547606 7 31
9684332 60 49
27356650 79 96
9141 8 1
14325 2 7
789556 8 99
437873 4 32
554585 11 13
13391708 40 65
22521 2 9
258359 2 44
56981 4 34
1305870 5 65
355556 21 14
389066 12 58
1665 1 2
6720268 36 117
173283 1 48
132095 16 2
165897 28 5
74664 1 25
1319790 8 49
1026902 41 57
48781 3 5
34075 10 3
57983 2 82
2514267 27 91
758320 28 6
2286496 91 73
963225 54 7
7276669 63 38
19707892 49 121
1720775 4 97
3754638 89 47
529629 28 6
202708 13 40
10151498 38 66
84123 1 21
1480921 28 19
1509414 31 134
104986 1 22
274052 1 60
3153255 40 15
274205 1 72
3458936 43 28
90830 2 28
53227 1 45
201714 1 62
1115 1 3
987059 6 55
489717 5 19
9956982 43 44
250526 3 22
129733 2 21
219336 5 10
60900 2 26
251480 3 20
11054113 29 99
2179793 16 39
1474032 35 11
2775277 31 42
161809 3 20
443606 3 50
67163 18 1
191836 5 13
5389 11 1
306329 5 17
8946652 29 65
3399220 14 46
1631011 38 11
1123500 40 9
5414 3 2
407585 2 74
59933 1 17
34741 8 1
62728 4 3
568154 1 112
311596 73 1
570164 8 14
313987 23 19
25901 3 12
3769430 9 106
7742 3 2
213243 30 16
378565 7 117
107320 2 39
219092 29 8
16050221 47 102
281280 6 58
5345566 44 23
272802 7 11
185036 18 30
3678674 10 72
2284 1 1
28584 2 3
396036 14 51
7757 1 5
61283 2 7
2169009 108 15
14859054 57 57
359705 9 56
24354 8 1
15274204 66 81
29577970 57 112
2437461 102 14
331628 12 7
7122991 25 56
3221 1 6
8042012 55 122
1126144 14 79
9726933 21 95
53972 2 7
441035 3 50
2093816 14 56
12084 1 18
187844 25 2
353250 8 12
60287 5 29
609787 13 9
3177879 59 15
843154 8 26
827587 36 42
3383692 9 101
251973 2 63
32956152 114 65
133936 3 115
12172691 64 46
327843 5 32
918781 13 42
16706 1 54
15519 2 18
993780 8 30
1149731 14 20
31450 10 1
7629 1 5
1823417 14 41
1980767 7 70
67119 3 7
283446 36 27
480226 23 8
421398 3 27
820367 21 14
213809 53 1
1194763 8 54
295347 34 13
295693 9 67
2672561 47 47
6692208 45 43
203287 6 10
353063 6 17
53496 1 27
101867 9 16
405560 7 11
3891089 14 55
4665434 67 15
22111 15 4
66964 1 48
8329 1 15
1049646 43 66
4602097 7 133
53047 1 18
1213202 8 59
24022 1 86
7524712 37 42
6713303 38 131
1435409 7 74
4451506 55 43
985913 4 80
3678489 12 71
2800549 8 75
6857054 40 116
547373 29 4
490346 1 108
9685 1 28
16673 1 5
11338485 46 58
1900938 6 92
717445 1 143
2950849 5 129
813608 23 10
47923 1 22
47612 1 61
425812 41 24
184222 2 28
323580 3 37
395553 1 77
7856114 67 36
1027899 13 20
724869 23 6
12686221 61 45
301249 48 2
2374708 4 134
386914 1 86
3518911 17 50
1292694 41 32
1542948 5 67
616384 6 21
76757 4 10
12779591 35 98
7080886 53 40
7821059 28 80
2771832 52 83
24772 4 14
2052431 29 22
1440841 29 17
298593 3 20
9064030 37 91
1695888 10 44
1619748 50 16
577910 11 13
246528 7 12
6478252 54 27
6838988 26 83
5791718 14 81
1079848 13 23
403320 2 39
23929 6 11
31916 4 2
35256 2 30
786313 11 20
2779333 31 29
193035 2 34
2066435 16 43
13853 1 15
30340 1 7
52291 1 97
789743 24 9
216736 10 7
195781 1 66
19321209 33 123
1560846 6 57
820275 12 15
1319190 4 76
642185 10 17
368286 2 36
4250 1 1
81621 3 7
1615030 34 17
6062279 44 39
4586 7 1
1416141 35 8
57341 3 29
433185 8 71
291284 1 79
571316 3 97
415868 15 8
142832 23 5
2847708 14 75
287888 10 60
37323 7 1
51183 19 1
830908 59 6
631094 54 4
246466 5 17
2250233 25 42
8385404 39 64
2170574 49 49
295031 3 83
8568789 23 98
661639 7 31
120477 55 7
863196 17 13
3606286 26 26
881 2 1
131927 1 54
170583 5 10
1744692 20 17
39815 6 2
214661 1 55
537270 17 20
43480 12 1
522339 6 26
142795 3 18
884556 6 50
221816 39 2
2562259 31 79
481402 23 16
139301 19 2
98701 14 2
41048 5 10
58309 1 131
271308 33 7
430592 1 110
91338 16 2
432144 6 16
39605 6 3
9285 1 6
1198614 8 56
386870 18 25
64339 15 11
318053 4 26
327260 8 73
143878 1 66
5330771 18 90
171531 5 9
10212456 23 119
1509582 9 69
273694 7 12
3626156 23 86
122454 4 8
791430 5 98
321501 4 22
5941099 113 75
2889709 8 95
136353 10 3
29508 13 2
77819 8 11
1353351 14 20
232010 5 124
3447470 21 47
592233 6 25
2834867 27 34
1286804 7 66
965885 7 31
12966 5 3
546228 1 105
1225594 15 52
883671 18 36
141914 4 16
808295 3 88
3098140 7 96
18895 1 5
16407 1 17
2481627 25 29
297123 6 17
156089 1 33
20747 29 2
770930 6 24
806711 9 19
118953 26 1
212849 2 114
586723 4 33
1215650 50 6
580095 41 26
4199 1 7
1182037 27 12
543810 4 127
30654 2 18
27012 1 20
834530 2 107
96948 9 4
964531 2 111
123151 2 26
11122591 46 54
121582 1 61
1377113 9 43
2269178 16 34
19003 2 3
1851547 16 76
26393 1 15
1972961 9 54
4146290 9 89
2614074 14 50
1313849 22 90
2147719 9 76
51966 16 2
27976 2 9
421311 27 10
77065 1 82
84729 1 16
585471 22 26
59576 15 1
1077248 41 8
2832287 44 63
574187 9 14
10248875 64 30
1304248 9 46
17940 2 2
25405 2 5
8501978 51 46
3439550 20 63
3004894 8 99
793820 8 29
1597498 28 18
500018 2 58
519955 8 19
497174 4 111
46585 13 1
253649 5 12
1932450 59 52
16876007 92 47
470166 11 18
1457954 12 25
201556 2 19
1972815 40 46
2028073 47 14
273943 4 24
844314 14 13
441429 2 72
126588 10 10
9123273 46 46
70532 26 3
4522677 61 20
1616299 4 105
5069395 17 99
50057 25 3
130119 3 16
132195 31 1
12983537 46 63
26467 1 8
1060212 54 4
79723 2 34
940939 22 11
434285 33 3
4648254 40 26
394676 12 39
1229420 6 54
23530 4 11
192804 1 86
2734413 14 56
7418686 46 52
2334840 7 88
267138 9 47
7907418 25 65
207658 1 52
253454 1 89
86668 49 2
494630 7 15
4063724 32 35
416386 3 117
544947 2 57
326057 1 62
920047 3 87
1028035 27 12
218921 49 6
580784 4 45
1818226 37 28
890686 39 8
2686429 25 29
94601 5 7
751432 9 27
1781973 6 63
645675 20 27
1033727 4 49
68496 6 3
2907346 14 66
56300 1 31
26198 1 83
139596 17 2
3126543 33 82
45881 8 21
10203 1 8
56396 14 1
3438 1 2
1077216 38 18
16192 10 6
302872 1 68
613423 5 41
753960 36 26
112544 4 25
157419 1 52
359843 20 5
158518 2 118
75832 8 26
3539292 16 70
3822741 73 14
11083766 32 92
7790725 21 84
5015312 32 102
29870 8 8
27149 8 3
245865 56 1
105761 27 1
61483 1 67
354107 39 26
107018 3 7
2780594 17 38
56904 10 2
240803 6 9
5428187 16 80
4226233 21 59
1708372 26 52
32435 1 10
111182 8 3
5424063 16 108
3833780 40 34
476585 4 43
1301810 8 42
286701 22 3
309583 15 23
524689 6 22
1804192 46 27
8593609 44 57
447436 3 54
5428739 69 79
10882 5 2
504334 29 47
100805 1 34
1148336 4 86
57432 2 48
53072 21 5
582015 3 38
1533726 38 11
323353 2 48
45635 4 6
2683824 66 9
663903 4 68
141674 47 1
16139198 67 75
1126601 3 77
2413042 23 34
332374 18 6
207968 6 32
165108 2 19
20506 2 4
265345 5 35
823815 17 83
213630 4 12
159232 2 18
8902675 76 34
42812 1 25
1020961 36 24
1385646 19 26
487029 3 37
47741 3 29
1970353 7 74
112836 22 1
15574 58 1
684914 9 48
1315800 6 57
817751 8 23
102252 1 35
2324380 19 45
1058257 27 46
252703 2 27
810096 5 49
5900656 24 67
21913 6 7
150080 1 34
425937 1 136
131201 16 30
1271640 10 44
1062110 14 17
19080374 31 121
335925 3 22
294726 3 30
99249 2 10
71404 1 23
4983973 27 47
5545300 41 48
782297 3 76
1421444 6 70
174935 4 90
403094 8 16
142874 5 15
9723979 26 78
13248 2 9
17638308 84 75
625469 4 50
154805 5 46
553657 2 64
203814 20 17
793213 16 25
161344 6 33
645339 4 45
659799 2 75
2731856 41 14
1861162 15 25
1798927 64 62
35972 1 36
460083 4 46
10830117 16 132
4139782 37 53
74954 16 1
413469 4 29
2006774 4 102
201378 1 81
2101444 8 73
1181616 50 45
291666 1 60
239204 7 10
1100848 20 40
468290 1 90
337026 4 25
1992478 44 16
9083711 96 40
5586 20 1
3663630 24 55
1865235 21 31
2963674 28 35
879020 23 10
2115165 16 39
1679974 73 46
2192752 30 96
1193959 6 43
3177999 8 102
258106 1 62
5107 3 6
2825737 50 20
284421 2 81
1539429 28 23
3427657 22 121
2515098 12 54
23100 3 11
6525560 29 72
219136 1 55
1084595 3 73
81125 4 6
2973842 44 21
61947 8 4
87834 2 33
538514 2 89
1037380 79 7
771461 10 28
6349796 48 32
643129 6 67
60528 5 20
110302 13 2
660390 3 51
44588 11 1
395922 1 78
4900829 34 41
31030 1 49
491838 62 2
815642 14 29
10886588 28 106
177714 13 8
1011972 61 26
87529 22 2
150848 60 1
217000 3 74
1856171 6 74
186181 1 35
2002628 16 37
538123 5 54
7377 2 5
5166848 63 22
19964 1 4
38001 1 8
60869 1 49
174469 1 47
2143856 13 50
61785 1 23
477743 1 122
678326 8 106
1563785 99 6
131354 1 31
6769 1 2
1152094 3 114
246645 7 39
4648127 12 87
30013 1 11
50054 4 3
4952606 23 82
21323 21 1
379116 18 16
219625 28 18
856222 13 66
162725 5 32
38702 1 124
269204 46 17
1441936 5 55
1174134 9 73
1083927 13 62
16208 8 2
64245 38 1
3777069 37 55
318232 54 2
322192 28 7
71312 10 2
270278 9 8
437190 3 29
403074 2 42
3869 1 1
233622 19 4
6277493 52 40
6766 1 17
106676 7 5
2253154 39 102
9379236 53 48
10167996 51 48
753975 8 35
155650 18 9
10837292 82 32
409654 4 99
1319692 25 11
5019838 35 52
881713 31 7
68131 1 17
8983 3 1
97371 1 21
1286408 19 22
3104405 13 48
90935 2 59
68399 16 1
343018 56 12
892001 13 21
1258077 10 40
42872 4 3
1052043 19 33
22895 10 7
369080 3 44
3296883 24 70
36069 1 8
2280610 9 66
1102632 12 64
1054280 52 5
1084258 17 22
1693441 15 31
1775412 22 54
2555731 37 25
220891 19 8
1221232 42 83
1012769 16 44
8725954 50 45
546492 28 5
221118 3 21
1989493 10 50
8039567 26 69
11896717 56 51
11412 14 1
881471 11 31
868478 11 26
142551 27 15
741008 8 87
518775 23 24
9276 12 1
383064 7 17
2065961 23 21
173745 6 30
5272894 16 83
276126 5 44
3471641 21 76
125233 3 11
1597162 44 39
6368757 31 40
3708976 27 35
2099276 52 8
261133 2 38
202180 2 31
1125440 22 40
1700008 14 39
58318 2 9
15888 6 3
651545 2 106
120439 17 4
2708616 9 74
1532162 46 14
67941 46 1
1797308 8 52
9501 4 3
3415389 27 26
549776 17 8
650832 1 122
118168 36 5
946807 4 63
19533 8 1
1442758 17 56
38115 64 2
326469 1 103
2096442 6 80
39100 4 34
9167692 44 60
1657827 39 88
7422910 82 25
2003121 4 112
87706 1 26
3136983 26 32
404057 4 25
832929 46 27
226084 10 10
2061545 27 28
1321254 16 23
248149 6 17
10722 5 4
3025672 65 16
32017 1 9
540757 19 17
2649266 11 46
381556 14 20
2667503 6 92
2073637 30 52
513637 7 27
227838 55 1
441566 17 7
665851 22 77
3799716 24 33
17850 4 3
8878666 17 100
109122 4 9
1576340 36 15
1614807 17 27
298449 18 5
1007547 69 8
315240 2 34
572882 7 126
7558 2 1
1396524 12 31
826320 79 6
811123 4 94
222004 17 9
551215 21 16
105444 6 38
348217 7 25
2734286 6 128
503347 6 20
3865780 57 38
421633 2 41
721840 33 42
7336 4 2
5576856 44 31
349589 6 16
765850 57 4
5564 1 9
1403007 7 39
11140895 41 65
442947 4 59
329846 7 18
2331928 13 53
1890104 30 18
1769 1 1
135043 3 10
1509389 7 70
325460 26 5
2293131 7 103
757285 10 49
2247351 25 29
94967 1 25
43324 3 7
6336846 20 69
2008046 16 46
202063 1 78
16438 2 27
248196 27 3
600183 10 14
67969 2 109
477611 21 35
1760 1 1
756436 12 22
157078 5 10
1696702 23 24
174700 6 10
5676775 13 94
19393 1 19
2412201 38 23
2579451 7 80
1178384 9 59
546897 21 41
90143 2 15
571370 67 2
1949379 17 28
571052 25 7
340936 2 37
845628 17 30
2792850 42 20
3586258 28 47
271213 6 13
20216978 65 102
592936 28 6
13828 1 44
12093 3 10
1158442 3 77
243390 6 10
130276 8 5
302712 3 73
144856 31 1
27415 14 2
1161835 17 19
369382 12 7
38109 2 21
10195 1 17
89208 13 4
88204 17 1
932567 48 4
4406 4 3
1131974 9 32
10294674 67 38
617615 23 21
17813 1 6
4296805 11 91
391558 19 7
6367483 14 104
144345 4 20
894762 50 8
5125804 72 24
41760 1 15
2029287 101 6
334786 34 2
4033500 53 111
47277 28 1
43364 1 27
508814 6 20
5425495 26 57
216658 8 17
257810 8 11
42466 1 38
69231 2 11
9199 18 1
190015 59 1
678761 9 50
434820 22 9
390058 17 13
1217944 9 29
226446 7 10
789655 27 9
49109 1 85
939576 7 36
1622800 10 55
1768922 11 55
440336 22 14
17041679 105 122
1274386 8 46
720435 6 27
1055577 17 38
176264 6 10
9477653 32 99
4582684 30 62
4154991 48 47
686147 10 13
249629 21 19
202043 12 9
1403077 17 16
185974 10 5
2255443 22 35
131731 3 25
21520281 60 71
60583 17 1
197754 11 8
2364054 6 109
149483 4 67
79018 7 3
117674 5 9
4231344 17 56
39113 1 11
12815 1 19
24315 14 6
1743132 5 72
2375627 35 33
2119958 6 68
593688 3 50
420064 23 7
298959 59 3
1061365 28 12
9142093 37 53
6635 1 2
345413 3 32
1422669 22 17
30256 8 1
314643 6 13
12226 2 8
364739 1 95
1849618 52 42
9726294 36 53
42569 1 12
86507 2 13
132616 1 67
398594 2 46
310987 1 72
759452 24 8
103784 2 11
1681492 3 114
1975463 46 27
8444017 22 101
115581 3 8
2141431 60 16
152298 9 51
41216 1 47
200204 2 29
104872 4 5
210601 1 46
2611346 43 18
322684 3 29
491387 24 13
1033910 24 35
343275 1 103
1682296 37 9
831482 7 27
4016698 38 33
174629 46 1
706759 4 49
714416 38 13
5239418 34 30
939877 10 121
17647 6 1
185473 2 32
812745 2 81
10260360 36 76
210409 5 26
3939603 13 77
2590868 20 29
281743 1 90
1081129 33 17
21034 11 3
1028536 30 8
393854 4 47
6789253 47 39
214125 37 21
694519 3 58
5477010 30 62
1427673 2 134
293161 2 43
11111 4 6
63733 2 7
1781068 3 133
4510691 31 36
35718 2 34
306188 2 42
59011 4 11
104811 16 16
55085 6 21
289682 9 12
205492 1 68
82516 2 13
53006 1 14
3673126 53 16
129125 43 1
1332596 10 32
63843 29 1
100904 17 17
136496 11 22
176637 12 46
10469 1 2
107064 3 31
475487 8 13
1249913 85 6
605450 3 67
226338 8 25
912045 11 30
8858843 35 59
10372 1 2
4464987 13 90
551629 11 16
309624 3 28
289980 22 32
135449 1 29
1200930 17 18
134403 8 31
14364 1 52
233619 1 59
35328 7 1
23919983 44 109
2266200 57 9
220685 16 3
16274075 54 77
2257709 39 64
75932 10 8
450032 11 14
2814241 25 29
219158 49 1
2783190 13 58
47717 1 31
3241575 30 36
4305436 29 34
13529 1 4
7820167 52 78
70261 1 15
115480 3 36
2380804 54 13
7091826 71 19
109847 4 49
1078761 10 37
297846 32 2
452707 18 8
630311 4 53
4596393 51 31
3329536 72 62
3599863 5 135
802155 17 28
1974286 22 19
1208299 5 91
91834 20 9
676725 16 13
148494 41 6
6610933 27 61
1698738 22 15
685501 19 21
111535 15 14
5797249 48 54
608729 47 3
193077 1 65
64390 9 2
90474 1 31
54740 4 18
3925825 8 130
97198 10 22
222842 13 23
5239917 68 18
782913 7 25
74260 1 35
797996 23 12
94597 5 6
11840247 47 83
169032 3 19
3479131 13 62
39416 1 8
76660 1 20
44965 22 2
139433 7 32
3444307 32 24
161016 2 119
2073081 12 43
4664149 33 42
110888 1 35
8418017 30 88
1068817 17 21
291715 22 7
1560861 13 26
406544 10 11
1595782 26 17
13696271 33 90
7742164 25 75
198127 21 3
684963 10 84
213564 9 7
547639 14 13
352569 1 131
1724910 16 23
501837 4 28
1256386 9 62
177068 1 40
169160 1 67
1829128 25 78
2519215 20 33
94624 2 41
4940419 33 53
2259527 23 29
107799 1 24
3236602 21 49
867449 7 39
39835 1 10
56321 9 17
1695249 13 30
21193 1 4
19912 1 5
212111 10 14
148421 10 3
1018484 3 73
521860 22 14
98168 2 11
159624 1 54
452769 2 65
1929887 31 16
3368219 88 75
2966570 21 28
11336000 34 78
197857 47 1
575708 3 78
160881 20 13
8938073 56 54
47907 2 8
2905590 20 45
751798 20 17
33513 4 3
1079231 20 24
5758 1 16
90745 2 12
209421 15 5
137097 3 11
778108 11 21
156541 4 9
14587484 84 55
976461 16 14
77233 7 4
1278813 41 8
197605 3 44
17010 5 2
3639993 69 10
517293 2 80
12755 4 1
367809 2 62
557293 26 42
181153 4 12
1393104 37 91
67388 10 2
1121605 31 13
424344 5 27
2860697 21 99
2875778 10 97
1344304 21 24
125124 4 11
203479 1 45
135913 11 3
2271637 64 13
125701 7 12
300001 9 24
1770977 79 7
191426 35 2
2565777 30 23
2606821 16 55
460402 8 37
760200 25 7
4028973 37 22
668881 2 130
13046 1 5
3117198 8 99
399562 2 60
160995 6 11
92036 7 11
3021710 39 61
35451 2 56
583088 22 5
3753499 24 116
100480 7 3
9857 1 8
1603881 10 51
2671021 26 32
908929 2 92
80509 1 19
1664001 14 32
11845263 97 35
57802 7 2
290219 5 21
964263 13 15
1042637 5 43
670312 16 15
1057708 13 24
3030511 16 40
1732914 5 120
252983 53 4
358420 10 7
8995 1 4
1268328 22 52
150560 13 10
274922 4 33
1293836 6 78
151396 1 41
1140379 12 18
1309338 26 124
57251 1 19
6402197 52 40
584113 17 27
8574781 69 32
2248146 61 52
170690 1 44
2214158 10 78
169608 45 4
272171 71 4
1108286 5 75
17496 3 2
2183912 69 98
124134 1 29
361820 29 9
351520 5 39
1269173 2 119
25314 1 7
16483 1 4
424576 4 26
1032974 32 16
13271 2 9
53761 1 28
181377 18 32
8934247 53 123
942877 10 25
800193 22 11
1808700 5 114
45093 2 7
668860 17 9
3724591 81 22
2231716 55 8
342053 26 5
497293 2 112
3540418 22 51
360702 22 4
11478276 45 60
315389 11 52
80710 5 14
1183293 3 115
55780 1 31
656958 10 16
40683 1 10
935740 60 7
1284691 15 27
1612779 21 37
520256 21 25
704470 12 36
935498 12 29
197770 2 25
352859 14 7
247091 1 91
3278622 36 63
187959 41 1
8412637 29 65
1009485 4 89
146356 36 7
371726 1 109
3555434 75 30
2648967 31 24
4429 1 1
2123811 45 14
1161 1 1
468973 52 2
77215 1 20
69531 1 13
62008 25 6
1386708 25 11
170488 25 8
24904967 116 128
34292 13 3
478299 3 54
27851965 82 104
1157028 30 22
415952 5 17
476409 80 4
333834 12 51
131414 51 6
235945 5 68
2687 1 1
19037 7 4
1750345 26 20
503564 23 8
136411 1 79
3829881 22 44
1636660 27 29
41161 1 13
520731 14 8
283009 51 6
50841 4 44
201196 9 24
2019644 5 107
2694962 27 20
87063 4 5
3043774 26 22
256869 4 17
1911429 11 68
17969102 71 60
57730 2 24
1757734 24 16
34288 1 82
138028 13 3
331190 15 24
5096 11 1
2232106 28 30
43207 14 3
852577 5 39
43471 4 6
690944 9 24
252413 11 17
76959 4 5
203624 15 20
4789267 28 48
3938002 12 65
2691182 22 23
597992 24 9
7983 3 2
204941 32 10
42405912 96 85
307098 5 16
112970 3 85
1809038 50 7
1244480 24 73
27160 2 16
944952 44 7
1285795 5 69
1624081 5 84
508952 31 13
1160013 10 27
454665 6 69
4206126 21 40
251693 18 6
521910 2 72
2130284 22 35
54007 1 15
802481 11 27
3000603 22 61
3336471 10 99
8462426 44 48
75656 2 65
150432 3 13
89743 4 17
566577 7 35
306619 23 11
7108678 21 85
3156432 53 23
352227 36 15
65838 1 13
695506 29 11
29797 29 3
1958031 12 43
1650515 10 51
101030 1 36
564022 11 18
230488 17 4
7419871 64 26
502264 34 3
280432 7 22
669537 3 77
2175762 57 14
6789518 31 81
2126674 10 89
141023 9 51
111388 9 30
6766371 41 42
17463 24 2
478091 11 10
686850 8 24
2667833 17 58
18392 1 4
701056 2 116
2625247 35 40
147406 1 79
1265267 71 30
18573 1 10
177991 34 1
180168 4 44
302554 2 40
649355 4 56
685363 49 11
1016576 27 12
151385 12 3
69977 4 12
16806862 60 63
727190 27 9
12666786 54 114
4711651 24 50
222498 16 10
269733 1 60
93883 1 56
10834905 16 129
1312678 49 42
3600958 55 22
6732203 42 38
3689084 21 54
212049 2 41
139679 7 6
517597 11 9
469467 68 12
94892 3 45
3592576 115 17
497895 14 14
520580 5 35
31072 39 1
1364939 9 118
157057 2 95
610037 57 24
396033 16 63
1056848 4 84
495619 2 112
165069 6 93
28136 22 4
14239 9 1
17799 4 1
175934 1 53
108979 1 36
6682299 19 67
215333 4 12
296521 3 56
19403308 62 97
5018883 41 40
4317835 40 69
519145 13 14
140431 27 4
12214074 105 22
170538 17 2
1909607 20 23
61983 13 1
283435 4 23
412975 31 4
1621804 25 24
182845 13 6
187111 19 2
892567 8 38
19989 5 1
6965834 48 38
198423 1 41
3285346 29 25
8682838 28 60
2274190 13 42
5113 5 3
786782 11 33
6582527 14 124
290240 6 64
236177 3 19
6849885 63 34
52391 2 6
111876 1 60
7429233 15 95
3016105 26 43
2128307 4 125
304539 1 79
49488 8 17
66405 1 15
84723 9 2
12577 2 13
957789 14 80
312389 5 20
838873 21 92
6078268 107 17
4885538 23 71
169373 4 23
1050961 7 40
1183346 25 21
353444 27 12
6047362 34 58
1167226 12 46
1240440 7 65
38634 2 20
1960830 34 15
18251050 52 96
790737 61 42
506393 19 91
400389 12 33
2152323 45 62
1064679 10 20
1713363 34 29
1057603 6 39
882872 10 20
46391 1 11
215634 20 10
48879 2 17
76202 17 14
1213545 58 6
1717136 7 55
1149020 5 118
100759 13 2
455682 12 9
101290 16 2
91164 6 30
639216 5 44
182623 1 50
2260884 57 39
1851436 39 15
29989 41 1
1386381 7 61
1295058 6 77
28761 10 7
1314078 4 72
14084 13 2
902963 3 76
427037 23 9
45432 16 1
17865 3 2
13746858 37 135
419610 10 16
101764 2 20
60498 1 35
253000 1 116
53952 2 10
124030 1 66
367356 2 51
1422420 10 31
8538 1 2
300054 12 81
3920987 17 53
166344 41 7
303322 37 2
2974626 21 39
1321497 20 36
1085543 31 14
331886 40 5
351454 11 27
221862 11 5
442172 2 52
478649 19 6
412969 2 64
2073431 40 53
2202043 25 63
410414 17 21
1257179 19 18
260724 11 6
2089788 58 14
1443488 11 75
15383243 44 84
130132 3 16
1745146 18 34
29887 2 22
180690 48 9
187209 6 9
13169 1 4
109139 7 6
5090661 46 36
15701 1 17
585475 45 9
5400789 55 54
195897 9 33
5120804 10 103
24590 5 11
1838576 7 117
1092593 8 50
212666 1 69
69873 14 8
31478 1 11
238570 19 15
101771 55 4
582444 22 5
23624828 64 100
2162350 14 31
130608 2 21
334435 3 22
110018 28 1
133468 3 129
92387 8 35
1858424 4 116
2987790 19 36
5252351 12 86
9699781 26 80
109621 2 13
694334 17 65
767834 2 73
513641 34 27
695278 55 4
288956 7 93
836942 5 37
13527960 96 75
161984 3 80
418712 11 14
1599422 7 55
106219 5 9
151685 3 30
432135 24 10
227773 12 36
4100272 49 24
1712191 41 9
4179837 74 48
104550 2 17
730325 2 89
499768 34 3
502463 6 63
2046084 63 29
3717913 42 32
121246 11 7
2321357 36 13
35334 40 2
3128664 49 37
123333 45 1
474316 2 54
7509715 28 82
1466794 34 35
2038753 20 30
1581061 26 18
481800 2 66
798883 5 94
593431 21 10
3355221 20 53
1086916 3 113
1341519 6 102
842455 17 12
96577 3 11
18499 1 6
255726 1 52
4313626 48 23
1154756 3 72
9098 3 1
2753675 57 11
39531 12 1
2142067 41 14
13577204 36 110
92866 15 3
371063 5 120
999874 14 15
945717 6 50
2704774 13 53
35696 2 34
1688 1 1
114163 8 18
564022 7 24
170873 5 9
10601185 32 67
5907537 27 75
809208 2 83
3626850 9 91
1069538 25 30
2260276 9 86
1145900 29 9
1324 1 3
3180026 67 113
57278 5 4
22140 1 9
