144 3875 5116
37 125 23 29 146 6 67 111 56 70 67 62 61 29 24 137 17 63 12 17 89 145 109 3 46 70 105 6 43 103 145 145 63 123 109 50 20 132 102 111 33 50 12 24 41 137 137 58 27 94 73 62 123 94 87 2 3 6 63 30 62 26 74 68 101 64 9 22 106 14 39 142 118 121 63 129 105 131 32 67 95 89 36 22 29 5 1 80 79 42 34 47 95 21 73 104 9 143 47 31 102 139 81 99 32 113 42 12 100 53 5 25 7 91 101 20 41 77 139 85 138 116 79 10 129 61 52 24 60 45 72 24 19 37 142 142 126 28 75 22 113 123 76 25
449762 45 2
1126876 16 18
326600 1 86
939305 4 68
5696342 35 59
444283 16 32
9043 5 2
728232 15 17
44088 4 3
34388 2 11
141703 2 15
10134 1 21
1628022 26 20
399078 4 46
7721647 40 44
134500 1 32
105734 3 40
527716 25 62
72073 1 103
1902364 5 110
2138577 42 20
1522703 39 10
30912 3 4
137675 4 106
8825317 35 92
799286 14 72
476479 6 29
1031610 25 18
23254 3 2
99528 8 18
152493 2 20
781476 16 23
1948016 9 47
23549704 83 57
684759 4 58
1346269 72 9
309608 8 55
949037 7 36
643003 16 36
62324 4 8
868212 9 29
261738 2 42
3969 1 1
23833 1 7
43809 11 1
14770219 76 63
2775688 13 60
2743549 14 71
118001 7 8
4331 10 1
88894 12 19
451680 6 49
265937 10 10
196185 16 4
242200 45 2
7724299 28 102
35154 1 29
624070 4 42
2013499 14 56
161424 2 57
34232 5 22
152083 27 2
253327 4 15
4107187 15 64
4748420 56 27
869627 3 100
24306 2 36
22200518 38 134
5313726 24 70
1367253 18 20
2298947 27 25
139567 10 28
1663474 28 22
54525 2 35
18689 14 1
147592 6 14
69634 7 34
170806 4 13
141145 7 4
453606 5 28
213331 61 1
136197 8 54
1053544 10 28
22831 8 1
2452138 18 53
3138677 66 18
2635906 130 9
4033720 51 65
544015 6 27
764557 8 51
20153 3 12
1862546 13 35
395638 12 11
85810 10 3
837922 3 85
12632465 39 67
35310 2 65
638047 63 3
402953 10 25
116597 5 29
11232764 49 86
1908216 7 55
2936522 38 42
917263 8 28
202239 2 71
78375 2 52
329330 4 26
2827377 16 58
162728 1 93
466721 12 14
184217 11 10
746395 49 4
1717370 28 21
12055253 33 88
696307 30 10
612418 9 15
1049738 3 82
1084400 79 28
739095 15 38
112183 14 2
647412 15 9
9338994 87 44
194143 4 14
114435 1 35
47639 1 18
451831 6 35
218757 1 81
11064256 33 97
403950 51 4
2131304 44 32
16681 1 5
98775 9 7
132419 4 9
742505 11 68
807889 19 14
96411 3 11
123611 32 1
929062 9 77
678967 18 8
695786 36 15
2570787 8 97
138565 6 8
612716 7 84
107126 11 20
510464 7 29
55898 1 99
184236 5 10
771144 2 108
2616564 22 36
205157 12 5
5736255 22 73
131294 3 14
19151581 40 138
471236 9 13
293519 10 13
16596 1 17
1721579 8 84
36761 1 11
2244392 42 53
8573406 49 51
2654142 32 23
1964593 27 20
127257 1 40
12184915 23 105
94367 17 4
60228 5 3
24787 6 2
99296 3 19
1395039 37 9
2093660 41 12
87375 1 46
84884 7 7
198796 5 83
11165 16 1
3722741 8 98
1100998 25 12
42934 26 1
43388 4 4
79800 21 1
374849 5 34
980009 12 19
215499 9 11
985831 21 16
278970 1 62
174614 3 20
3637175 12 81
10448394 45 65
995495 35 19
1851547 38 22
427130 2 72
156584 2 29
56435 8 6
843 1 1
345458 17 6
680776 7 34
340031 4 18
268790 12 85
474404 24 8
18442 1 5
11562658 64 47
134929 29 1
622795 17 75
1255459 31 10
3369104 13 90
4926893 41 38
2034567 60 7
132144 14 9
945128 9 21
75791 22 5
2742261 49 18
829367 46 12
322004 21 4
2286974 18 58
431324 2 74
551776 11 19
1323285 13 27
382252 1 114
303115 2 35
76853 6 35
3140087 32 20
760089 17 13
3118376 31 28
145180 13 34
1266266 5 84
3042085 17 38
13252656 42 105
22487902 73 96
141482 10 43
1281988 4 104
898331 14 24
334347 5 50
15051 2 5
3766683 8 110
371101 11 95
619069 7 108
13819606 36 79
369704 8 16
101292 3 16
199904 1 57
211419 24 34
47340 13 5
3438303 12 91
1539606 27 14
51121 1 19
8755939 67 31
1443697 10 53
521387 11 45
289969 4 20
199824 2 70
2504366 16 48
378118 30 10
10069 3 2
1554187 8 74
1613255 25 21
34926 4 3
371138 12 13
7999359 22 94
600764 12 19
2820303 19 63
8623680 59 37
229568 17 45
42442 31 2
161739 10 6
35404 8 5
6458272 87 18
2117364 8 76
266005 3 48
1168613 14 53
34146 2 5
64919 2 14
1474849 37 21
15140782 77 46
771954 16 16
1380927 18 16
4923550 19 97
33344 2 41
865258 7 47
5439405 14 108
7857111 52 48
332692 49 24
3657630 13 92
1707 6 1
21700 26 1
269940 1 104
108166 6 7
630203 44 28
23202552 66 113
416624 7 12
494567 23 30
240360 19 15
285944 21 10
3613899 52 23
1259357 3 102
32440522 87 97
618912 11 60
480657 1 95
3340277 7 98
545706 14 27
54959 1 37
13062686 40 96
3691751 9 95
780765 15 123
1234887 6 65
138955 7 4
108309 1 38
181829 3 17
429528 20 20
14034 7 1
410291 9 44
262194 2 29
1293901 3 110
2935447 24 45
772383 7 29
2457670 13 53
9473466 65 48
27064 2 38
26901 4 3
40556 3 4
300804 7 43
15414 2 4
93826 13 2
370375 22 6
2788994 7 98
3937286 18 55
1371922 17 95
252840 13 44
5510044 27 56
1437211 61 20
5280649 30 61
264006 31 2
448663 16 22
583370 21 7
551173 19 51
246138 4 24
5924546 35 54
373781 2 112
1202249 13 31
316239 7 15
12027038 35 81
260725 3 33
16932516 80 79
262287 11 6
11326679 37 85
498463 3 111
2690578 36 22
194258 10 5
24287 6 1
52910 40 1
83434 7 3
202686 12 20
1280636 36 43
124326 3 16
22701 3 22
261656 1 89
70526 1 23
2227554 29 30
120444 1 50
65659 24 10
573111 1 130
12852 1 26
193804 1 58
41609 3 3
17368 4 2
1303011 79 17
608673 4 53
134238 6 7
34528 1 35
88677 9 34
511171 12 59
1057190 4 112
49554 6 14
1115631 39 12
329859 4 86
612220 5 91
15732855 93 43
559658 7 40
124630 9 52
183784 24 22
434928 10 12
2337143 32 17
361761 4 58
160985 5 16
720893 36 53
346629 8 24
55438 6 24
32565 12 1
15841 13 3
736222 12 25
9321008 39 85
146952 1 41
3319492 30 35
72877 19 2
1890565 8 58
236913 2 28
2463105 16 54
848239 9 34
3106 1 6
312146 7 111
43844 4 18
120700 2 47
92449 5 7
6926854 69 25
317007 13 22
632786 74 3
4428760 18 60
20720 1 69
2662409 20 79
6394103 125 101
359146 18 27
381486 1 114
786140 12 51
54398 1 59
2955974 36 23
1253797 90 12
4438791 35 98
3819698 27 43
5078698 18 81
15950 1 6
975243 3 65
641025 2 76
361346 15 22
26316 3 3
764241 3 61
212317 2 31
2985086 7 101
84518 2 12
290028 5 106
64005 1 64
77978 1 21
6201888 20 95
1358745 6 81
181679 8 5
5477 5 4
588612 70 3
4095015 30 47
781831 4 54
665167 4 53
106995 1 31
202746 13 15
500986 14 14
113880 8 42
387512 3 65
17432 1 51
38006 2 32
5813700 9 128
4108712 34 71
22182 3 4
363321 1 86
13629850 82 63
483883 2 82
208740 4 17
20740 7 1
3132709 10 71
185741 2 30
30998 11 1
8076333 29 96
297377 61 14
430169 9 10
216175 1 46
374880 1 116
626496 10 14
154617 1 60
577266 22 14
708182 5 50
1329246 21 23
22199 4 2
477637 2 83
55222 3 15
524292 4 27
37105 23 3
2253295 13 42
2153 1 2
49289 3 28
40347 10 2
282320 1 92
304809 2 50
22377 1 17
635119 12 20
200485 12 28
64126 3 6
4035929 33 74
743387 6 32
269616 4 26
3943937 31 30
181918 7 38
5638994 15 76
27817 1 49
70937 1 108
5978100 20 73
132745 30 1
1266285 14 30
2889520 18 49
39353 1 41
50945 1 12
2080 4 2
2514359 15 44
523094 7 28
1166859 4 113
1063754 22 10
14379364 41 74
529200 34 5
3806581 31 78
329849 14 7
190363 2 35
4344861 22 46
44412 8 9
162434 3 56
234930 8 6
2948059 19 31
333071 1 80
286259 4 45
6338720 62 72
571287 2 91
1505984 48 7
7277714 27 64
3781 2 3
5093487 55 30
442371 1 129
2898200 9 82
61009 1 15
246241 3 18
8209 5 3
171114 1 63
283215 2 50
23589 6 1
1081850 9 52
468029 4 26
9116597 20 122
2983641 33 53
372376 3 80
2281858 45 25
1078346 14 21
1511357 87 22
1269006 5 81
2864527 27 22
1201990 32 22
65299 4 5
1329051 27 39
3130219 88 74
358710 17 9
5241950 46 33
254667 4 18
485712 4 29
55339 1 34
72715 13 4
18058 6 1
394712 5 18
1070901 15 21
237611 2 49
802081 7 37
7335732 19 107
618112 8 42
1036657 7 39
278174 6 12
978472 5 59
13556882 25 119
2653371 12 112
1489819 7 78
11449517 74 44
2469627 12 76
684882 41 6
114858 1 31
1194827 9 86
184302 6 11
5716188 19 60
2107998 9 70
7584187 47 53
129996 8 36
9914210 35 105
851405 15 15
60042 3 4
479201 1 105
2418886 8 125
9288285 26 79
5808686 38 41
319492 10 8
726933 33 6
307435 3 33
698089 37 5
51161 2 20
1383928 30 15
326698 26 4
2812712 121 5
208947 1 73
2016464 9 78
18023576 46 142
263387 6 25
2640 1 1
10112 23 1
891462 9 32
126165 1 38
509824 21 34
252041 19 16
293066 109 1
104384 2 15
7081996 61 29
282440 13 12
900375 14 24
529322 7 36
1121341 43 8
326758 3 40
21350 1 9
776747 16 18
112902 5 5
138523 9 5
39342367 119 87
1397202 22 27
1361452 23 13
12640639 24 104
557266 2 56
48349 3 12
289033 16 22
162003 2 115
2314257 36 27
236379 33 5
531655 10 32
359746 3 34
1239331 11 55
14161460 42 116
3608747 33 135
80225 2 9
4091933 34 43
54236 7 2
191479 8 6
507794 5 25
105922 8 14
120341 6 43
269182 3 25
33887 25 4
4710 1 7
159593 4 21
4037850 65 34
58015 21 10
2735863 17 112
70806 1 21
31428 6 7
97592 5 7
3299554 41 16
3484903 26 28
637567 13 18
1597267 29 74
2665333 14 70
1560728 4 130
606267 49 24
32755 3 4
372486 17 13
708082 4 62
9038622 25 97
25278 1 8
161322 56 4
302170 3 29
2449908 32 91
233874 1 52
2209025 10 52
7277898 77 105
851791 15 109
205845 7 12
926291 5 100
4033286 13 72
2855984 21 49
337917 16 17
44243 1 13
5484459 29 51
1287390 3 134
23151 10 6
223077 7 12
7747 4 3
17800224 52 69
75910 2 54
72204 11 4
142383 3 19
6409166 29 114
492161 21 8
113437 44 8
526532 5 22
389279 7 12
64323 11 7
5150976 27 75
8356646 85 27
3498723 7 113
768150 2 95
5148391 18 60
4837258 37 35
355015 25 55
446369 5 22
101665 5 11
100492 4 30
116484 1 35
21518 18 3
3147487 47 21
105697 12 5
17934 7 4
1650148 12 51
2070907 21 29
499540 10 32
1414540 17 29
77990 6 13
13818407 53 83
4775719 17 80
6642 2 1
1754895 10 66
349076 4 34
707249 29 34
125735 1 27
152186 6 83
628261 10 51
4357630 72 13
233624 3 102
8291944 62 49
290429 16 7
4667073 31 49
300785 4 101
60188 16 2
119199 1 37
174162 11 10
1827134 35 50
572481 5 51
247603 1 56
175376 3 22
692149 89 26
212688 7 49
90623 56 2
12019824 33 72
670053 9 15
70978 12 6
1252039 38 11
8937 1 2
5608063 28 78
281234 12 44
4132634 12 127
26442968 115 76
9277784 32 71
6597971 17 125
2948901 8 77
617343 2 77
1025689 7 45
489603 1 120
6657825 20 88
2207344 17 26
12047133 44 102
150797 24 2
8564975 54 59
181952 37 19
2162665 22 66
7381 3 2
7521 10 1
366850 2 48
791836 11 34
1228759 15 17
342429 7 16
1855 2 1
1243333 9 50
5307 2 1
28486 27 1
735269 22 73
6952161 13 108
744159 56 6
3250417 48 25
110600 1 28
5973778 26 54
7165777 20 89
2078038 36 13
206703 1 77
6028 1 18
21623 8 8
19388488 61 74
44529 5 14
2544969 50 18
2040379 17 29
279732 3 20
1770898 9 44
29219 1 9
1263254 16 87
360858 3 41
80682 2 72
2064903 46 88
190381 22 5
10092059 42 84
723798 8 34
335309 1 79
942887 11 18
3816710 9 89
7409 3 7
100757 29 1
768244 4 40
2276649 33 39
2703989 16 46
53640 5 26
3805704 22 41
288185 60 1
4705940 50 23
10149620 34 96
185719 28 7
13932948 44 86
852037 11 21
188104 73 1
1725486 11 41
1400454 12 60
20209 4 16
270775 4 21
5509 1 2
33648 3 4
280286 43 3
43088 6 8
7887105 50 131
1764283 39 19
8198077 80 88
2237591 24 19
53574 1 17
165917 17 8
97668 6 4
151145 1 42
137499 4 41
133127 1 31
201540 1 64
20519 3 3
7706 3 1
810380 34 24
35825 9 9
115015 6 7
3741610 20 70
1721876 42 33
29889 1 18
831089 3 66
10856 2 3
114234 5 5
4301518 25 34
343277 20 4
4209548 21 45
2578406 25 27
1341627 14 36
847984 5 35
4614842 30 49
138210 5 6
536239 6 32
2861726 64 24
198930 1 69
376865 23 6
290537 29 14
3773956 25 49
1115651 9 48
17352 1 4
3782 10 1
209160 2 24
53231 5 13
2912 10 1
6998704 34 58
101286 2 19
229820 1 54
924118 5 58
3014563 26 35
2729497 14 57
10264218 50 85
2704336 53 11
2143469 71 51
2704656 7 84
125761 2 115
4297903 15 61
2588682 13 47
6102 1 5
467439 9 11
149545 4 22
44599 17 4
3941427 56 23
578207 26 5
11572260 38 101
236759 9 7
1236850 28 16
3302 7 1
3129044 36 28
179235 7 31
137903 9 46
507737 4 32
2394850 20 110
289514 15 41
294640 1 73
185175 52 1
147589 43 1
530026 7 23
52740 1 24
444958 3 44
182860 13 14
1275648 7 42
1170995 3 112
2251810 24 32
1403582 22 19
53751 4 46
815334 3 84
3958444 34 104
2120380 7 85
3799283 46 18
131820 3 35
1380082 5 57
307978 8 79
327579 7 49
963907 3 66
2173135 5 107
176210 9 8
1370628 21 14
182102 4 29
4058260 13 91
950672 41 9
268408 29 6
2381416 39 13
1113070 41 9
25295 2 24
3870588 22 64
32488 2 16
3539 1 4
265432 5 13
111979 5 7
1907167 14 35
1341424 64 34
195591 9 59
5859865 18 105
1027159 17 49
2584908 20 82
6423683 17 84
2907569 14 53
15182584 55 79
225694 3 24
292983 30 15
613244 3 76
10390103 31 91
2408 1 3
563123 50 18
161112 2 28
1658065 50 8
482521 17 48
671709 4 53
626635 4 39
296503 5 49
330739 22 5
325933 42 8
87746 3 6
5922133 11 128
84392 25 12
882312 11 43
124885 20 5
5512759 28 76
1405627 12 37
976727 26 73
244692 30 2
450602 18 6
330172 3 23
933292 5 37
3237655 10 93
224107 31 16
2029091 36 70
22830 2 12
13146559 27 110
421696 6 33
1912862 7 60
1352593 5 57
247889 9 9
8317651 48 46
50502 19 1
32153 7 1
4303470 29 50
18202620 49 95
2012997 32 30
10481214 40 67
1491986 22 29
101778 3 13
72248 1 27
105709 56 6
16640404 79 42
1826420 12 54
442025 3 64
5968844 96 20
3818589 62 22
1083529 11 25
106747 2 11
650926 20 10
12171122 55 51
233033 5 13
55585 1 34
151827 36 11
83398 1 21
5831715 23 110
7693426 27 58
6689 2 1
14558 11 5
135293 6 9
775095 4 58
60211 1 38
1806566 15 25
360318 54 17
221465 7 13
2130939 29 129
86928 1 41
25398 52 1
2956638 9 79
103107 1 38
5529908 32 56
123463 5 7
379282 80 3
176933 6 94
5242532 22 92
161406 29 4
1617488 7 50
403257 12 20
145596 7 10
6614561 39 66
78551 9 6
20581006 57 77
223745 1 51
61050 1 18
3864166 39 93
1584787 14 28
1566167 18 31
416340 2 44
108427 1 88
5403550 45 36
2340121 15 112
209380 35 2
14541 1 3
14694 1 29
8935718 25 94
187739 7 91
447041 5 26
181460 4 31
9138385 17 121
201019 20 2
1500 2 1
718600 9 69
2924922 12 88
613895 17 27
466241 5 35
2896959 34 17
7711 1 3
44132 3 8
24494078 100 68
316542 81 6
9143812 49 67
219170 102 2
3467103 61 60
70154 1 67
494915 5 79
60879 6 8
72295 7 5
3962 1 1
2779988 11 50
155931 1 57
478526 7 30
1035995 12 39
14279297 38 78
138355 3 27
4549123 27 48
20158 6 1
118438 1 29
2622346 13 91
151061 2 25
18840 1 21
15010 4 2
192870 1 59
528089 4 38
18412488 80 57
547219 8 14
34605 1 7
514753 3 57
533842 15 61
740206 25 6
804652 26 8
82590 2 77
110357 3 11
7262 3 1
7076551 50 28
13251 1 4
173390 16 4
447377 1 104
646976 11 20
449259 4 25
460916 3 44
571001 21 29
13693 2 22
25920 6 1
768938 11 20
3914067 19 118
586006 6 30
5514 1 2
1630474 51 12
179669 67 1
5306 2 3
2359965 13 54
1898626 6 91
1813970 9 48
613779 2 61
4313814 11 87
5659172 96 66
95340 1 36
125890 38 4
3443727 56 16
389396 15 7
467831 9 33
2283989 96 6
27153 1 9
121073 33 5
10212 3 12
2116300 20 40
87719 1 30
12107639 113 45
586561 7 29
1712907 4 105
214169 5 9
2902350 6 119
329380 14 15
89440 29 9
1355655 18 26
5012960 16 88
109530 1 24
5958 2 1
1135797 34 46
267436 9 7
352605 2 79
371642 4 34
1079563 9 29
455764 2 71
1155131 9 44
9219154 44 66
6791358 102 17
8565525 18 117
389666 6 18
5074292 21 76
19154 1 40
5086529 13 136
3567946 13 74
5558812 13 125
1014615 7 30
371678 2 46
12405036 29 142
501412 17 9
267683 103 1
153186 2 31
94859 6 30
183008 7 37
166833 1 53
1678862 4 103
21748 1 56
1861747 6 84
842854 55 13
79649 7 4
144535 18 16
13820 1 4
1698034 8 68
72530 10 6
1773938 10 52
300573 3 44
13950354 67 55
1089414 33 22
155410 1 80
351986 3 96
29406 1 8
147680 33 3
108803 2 17
3310378 20 58
169785 14 3
8808 1 4
2732287 14 40
1880124 11 54
9504886 49 45
2732529 39 26
991035 27 9
8171195 33 75
142676 4 7
173362 59 1
1519444 7 44
305387 12 5
6653420 32 95
365749 1 72
301414 5 16
7054724 34 42
337546 9 21
618760 9 14
637232 46 4
25194374 98 89
3873934 81 14
25886 6 8
704902 10 65
27229 2 6
314401 4 19
3800654 44 29
16838312 35 111
497028 8 124
44144 1 70
742461 3 78
15076 2 5
13244482 38 76
32737 14 6
11814575 82 52
434791 3 43
1492221 8 63
3214700 18 43
204991 1 67
276412 2 68
338583 11 30
27162 1 14
362792 9 21
3189610 22 49
23994 1 5
2029991 23 57
10710 1 4
5046220 40 36
907590 7 92
338684 2 71
270474 17 15
21788 18 4
217578 47 6
922755 7 70
55138 1 18
9383587 52 45
53153 5 12
1039808 7 109
233267 29 2
629316 9 21
4696171 44 36
13697299 93 86
225957 7 11
465830 10 11
2960831 16 54
39316 3 30
629085 8 18
158993 1 58
33247 10 2
8408753 25 127
4190 1 7
3857673 21 106
2125331 51 47
17334261 35 110
34516 2 10
112030 9 3
213578 29 3
2958736 27 41
1362257 5 73
243408 1 74
635769 39 50
41316 12 5
617284 30 18
476784 5 31
509379 12 43
452226 4 25
2768 1 2
350802 2 44
124420 10 12
114672 18 2
255133 12 6
65308 58 4
5341471 33 56
813999 22 36
415230 2 57
181130 1 66
5901816 28 113
1120495 71 19
429895 32 3
3676195 24 32
92268 1 32
511370 27 8
4640888 16 78
2137083 13 50
2247234 24 22
536575 6 18
68065 1 32
262624 7 12
95231 11 3
254346 16 4
476165 11 33
32786 6 11
3071690 17 116
4821 6 1
2088126 41 16
493718 4 33
185425 10 21
7182114 43 52
1000720 5 57
215002 3 28
8238 19 1
4813367 46 41
739820 28 7
8650255 55 74
31354 2 24
355332 6 72
1137778 38 8
3973025 15 126
2140743 14 43
183123 43 5
1500756 5 97
1703982 34 16
413980 5 31
897353 11 17
7159459 24 84
105202 1 21
8581308 23 124
88469 1 32
545335 6 34
3563414 14 78
739511 4 64
6475338 48 44
1171419 4 76
10460373 31 82
573955 8 22
3343353 28 32
83511 1 31
638578 6 34
2530338 40 55
901217 38 12
93293 8 4
33203 4 25
4093173 23 70
154333 17 2
107809 10 3
103387 2 14
448215 2 83
870089 29 24
1395594 9 54
120313 8 9
12226217 45 82
6050304 19 74
239125 6 29
19077 3 16
437973 7 21
182704 2 18
790859 33 28
408572 12 29
19796 1 6
235512 3 17
3078373 73 28
2160679 109 13
1478445 18 28
2946760 7 105
2181476 4 107
1137271 16 24
372824 4 19
818098 82 3
61193 40 1
230039 14 7
125032 16 19
99095 1 27
4179778 13 87
3711172 31 38
313489 2 38
881967 24 8
1962208 5 77
660362 6 38
35812 4 4
12285105 92 29
233958 16 39
49088718 120 93
197607 10 47
75454 2 17
2417407 27 22
768126 56 10
1565544 29 52
42593 1 40
1027181 24 16
153731 36 3
2110866 18 31
783871 5 85
3258257 68 16
1841388 13 51
84039 4 5
37424 2 47
3030477 66 52
1904315 28 31
61780 1 40
21742 2 3
583758 1 129
959682 18 18
223097 1 60
434083 8 12
563126 61 6
889233 30 7
1960 2 2
1907727 6 92
722003 5 39
683655 40 14
121174 1 40
509222 22 5
489736 3 47
33544 6 21
828135 9 41
208959 6 15
129808 10 4
1807652 33 15
1700395 14 41
1313288 3 124
5618562 56 23
78706 30 7
1111664 11 21
240676 12 15
77808 11 18
4477694 70 14
555742 8 67
368023 2 39
4505392 19 63
983246 43 61
38186 2 9
2716422 53 31
62504 16 1
51012 10 1
299 1 1
724240 25 8
418331 61 9
1970510 11 78
2958562 10 123
72411 7 3
46727 6 3
993763 11 33
1229021 10 33
10270395 38 71
16456032 49 101
2200973 76 21
1944887 9 96
1443998 14 29
134621 3 59
26858 1 8
105442 10 33
17455109 69 53
376155 31 13
196886 14 4
1650753 77 10
1511596 5 70
75949 2 12
7643561 20 108
3315856 18 93
1008881 32 27
31709 3 31
2368 1 3
398245 14 8
12405380 50 93
1307960 49 22
402395 10 66
1191724 14 39
7397852 22 73
441971 1 100
8214 2 5
3271783 17 69
345522 6 21
56801 2 19
2658851 35 17
489741 10 19
61737 2 24
2222156 37 60
4425755 14 97
900484 12 29
10826740 78 50
4283356 53 24
110605 2 17
59936 2 10
341009 6 72
49021 12 1
2679229 35 78
41947 1 17
514257 11 34
61123 2 14
1560406 12 29
1748898 51 37
153398 1 50
38474 1 30
620358 15 13
312562 10 9
130247 4 7
468157 34 6
2995201 38 30
185470 2 25
2556936 49 46
1018297 2 104
4605772 30 55
1590170 75 8
50098 5 24
10479050 75 32
2560751 50 90
4249605 22 71
1085561 4 106
8654787 35 74
22065 1 16
18768 2 3
57088 1 18
4931802 22 51
304404 12 25
1479741 29 18
41971 1 51
198464 23 16
6665840 28 67
466849 20 43
1276071 5 87
3604549 20 55
1139558 16 32
326104 1 83
3399521 51 29
193954 3 25
753713 66 5
88567 11 8
6446664 65 109
193651 16 4
3823742 38 81
141922 10 27
2393 1 2
457145 8 17
411528 8 14
807731 2 118
16968 6 1
171504 5 11
1092086 23 24
170602 21 3
1686402 9 47
6887490 18 96
30652 1 66
869486 4 78
16872 1 5
245654 1 54
1546624 9 38
699307 4 43
13299052 34 81
1817677 32 17
935679 11 28
80874 3 43
2627780 10 106
26337 2 46
616345 7 32
6660274 20 105
13499958 30 109
3224443 9 71
2611317 28 30
16843075 69 62
9144733 26 93
5854239 29 114
461524 5 32
6713223 110 67
9016 2 5
386974 2 56
208768 1 45
1034239 50 8
121051 21 2
1505010 9 127
1951716 20 25
480412 4 81
5825704 60 21
2132034 29 96
972795 22 12
1037661 17 20
171155 1 68
2550442 42 12
14155 1 3
599259 63 9
536041 27 15
478877 2 55
401778 71 9
8775780 28 69
440428 6 22
303867 33 8
181572 20 5
3781273 74 18
582279 6 37
89456 7 49
18783 1 17
102403 1 36
618825 3 58
490275 15 8
22740 1 40
1442371 20 15
301879 13 26
2723476 25 43
289373 15 6
130961 2 18
363785 5 16
367604 13 30
32964 1 14
1565200 43 12
138937 2 104
269889 5 35
3757 1 1
616479 35 22
1878038 33 13
6518698 21 111
324826 19 4
461151 13 59
197557 1 50
97281 10 3
481202 5 19
5534642 19 87
3925276 49 25
629177 5 99
115407 1 31
19909 1 7
1152819 14 60
717599 19 22
776975 6 31
995490 5 46
2794202 10 64
11310 2 8
457682 2 85
3672694 13 82
2352315 35 72
1681424 23 47
287241 5 14
74698 2 9
5204297 28 64
11773449 27 99
386292 2 41
1059195 5 51
1580048 13 40
1594517 10 43
3675019 44 39
2568721 30 29
2498400 11 47
266064 14 65
705240 4 77
72562 41 1
3225357 34 37
8323762 41 42
2214151 5 99
1263366 8 54
94342 1 31
223956 21 39
90822 6 4
2055126 23 29
42189 14 2
1780065 14 33
18651 2 11
504156 2 75
7904615 37 48
2346167 70 81
298494 27 7
308764 2 31
742424 9 20
744943 11 22
139044 4 33
1588169 29 11
11249558 36 72
6537127 82 24
1551168 3 115
6572058 44 34
93580 3 10
225555 1 66
653702 4 55
3495962 33 25
5676844 53 73
57779 3 6
725056 15 14
3653859 13 87
212900 5 10
106624 8 3
184515 3 15
449460 28 37
7590992 64 83
6905605 35 49
2884388 16 42
7650567 33 77
3722432 21 41
834860 17 39
246039 19 39
237842 3 26
54672 1 15
3359667 16 67
69456 4 13
53711 23 9
1914793 16 28
28912 3 6
380682 7 18
1950723 12 81
37373 5 10
98332 4 8
102496 11 21
1866886 20 40
1569 5 1
158487 17 3
202445 7 89
120732 10 3
727123 14 54
13021 2 21
547506 13 13
2080970 30 35
7198104 45 61
966403 2 104
655950 10 13
327031 29 42
1321232 20 61
384015 15 8
7550692 46 60
10353708 71 40
30689 2 3
139451 25 4
2275 1 2
1754702 7 84
3406120 14 56
1042482 27 11
8641964 55 46
5124108 63 28
551094 19 25
258919 64 13
652600 20 104
666208 46 52
1440138 32 74
2212501 10 134
915793 20 36
207307 2 34
726344 7 36
108542 3 34
455710 3 72
270963 1 95
430207 10 13
1364148 7 79
8758911 84 48
119643 1 60
480739 7 69
2872891 29 24
2483983 78 9
22573383 121 67
184390 10 5
110053 5 12
1057079 12 24
16457345 35 119
6307501 73 85
752549 14 12
7190408 35 80
11868763 51 129
32062 7 3
65455 3 7
174296 2 21
774383 4 40
223076 16 5
238108 6 14
22130 1 5
1618519 32 16
2164236 8 101
2677788 88 10
463862 21 8
8187 1 3
3134990 9 88
91807 1 18
132258 4 9
347693 59 2
101944 2 16
94379 1 22
74881 1 18
1291888 10 37
121554 12 18
2170086 19 43
858535 26 7
1234074 21 20
7305017 44 39
8007128 46 132
19660834 54 104
2850582 25 37
674962 14 12
4348798 13 119
47741 10 1
3216984 79 14
229260 6 12
496144 18 10
94570 1 23
1891483 7 93
1549578 21 16
64566 5 5
811785 36 41
10928548 53 64
28387 3 15
73874 1 24
570877 9 21
479317 4 48
6061942 50 52
191570 53 9
355698 6 14
2616 1 1
89879 5 6
537753 13 25
335133 14 5
441665 3 39
139405 7 6
515826 1 129
16622 2 3
220290 1 53
7335263 56 40
437671 2 59
169230 25 2
2402780 12 49
4623718 15 66
3204646 18 53
1176549 7 39
2322645 30 30
61003 4 6
1578134 10 44
1476163 18 17
2366433 17 28
3440409 16 47
784167 8 33
2682821 80 9
8034629 39 47
870950 10 22
263320 19 45
125262 4 7
61280 9 19
14921603 92 41
716161 13 14
490658 2 72
16026739 60 70
166205 3 13
48414 31 1
5104603 56 38
2062808 16 34
1463154 19 53
1267112 18 14
8554921 18 122
5076318 98 12
1467659 32 32
3305296 38 23
346211 34 34
5860749 26 62
691313 20 9
278393 1 79
438758 3 49
127042 17 8
233358 3 23
457265 25 7
17239 5 1
503966 9 11
806580 11 15
1284450 14 38
376548 5 83
15693 1 6
214821 2 23
22248 3 2
520467 3 37
15135 4 6
1006074 4 61
447226 11 37
151188 3 15
267563 48 2
1217377 14 22
161107 8 5
865355 22 11
1299691 12 70
338318 12 62
7871880 37 50
2202889 49 18
803986 24 35
1851543 10 64
53855 4 15
1190583 42 88
1329732 38 13
5597 1 20
315407 22 8
12615242 62 55
16787 3 2
1519464 9 62
149267 3 12
26397176 95 86
1115991 21 48
3195589 50 74
74968 5 18
2002917 19 35
7574061 21 74
109076 3 14
2961745 9 91
1084838 18 69
324515 17 55
116570 24 1
1413561 6 86
2156920 43 17
281433 23 9
183597 24 7
505991 13 25
3885995 23 41
5322189 18 100
1621787 24 76
171037 54 3
443951 7 16
583343 47 47
2328503 14 53
889179 10 22
373605 2 46
550032 13 21
779161 8 20
5407663 75 46
1579466 13 31
290611 4 65
289222 53 7
159554 3 15
7163727 39 92
822266 13 16
382095 12 16
760375 13 23
425771 10 32
10613785 72 52
9131394 59 36
189047 2 25
849661 37 9
298031 1 97
2134326 10 45
2988 1 10
749463 14 18
409490 4 29
432997 25 4
792470 6 26
167130 12 3
2626 1 7
4261458 32 39
180838 9 4
36428 13 1
3173534 24 51
292525 2 53
448237 3 49
1635826 38 14
1638355 20 46
313130 7 95
2276520 18 44
875580 28 18
56049 45 2
6126339 21 65
1063278 10 31
115052 1 26
9081782 47 41
3441039 12 100
714832 22 12
993161 8 31
1281149 23 21
4307492 83 18
1313769 4 89
46023 1 38
7526 4 6
3798977 31 58
657919 18 12
1409283 7 73
436687 3 55
568042 8 44
1182576 6 63
10310 3 7
927131 17 12
227444 16 5
521427 6 23
3067525 12 116
3503243 22 43
222976 7 9
524736 13 14
6216 2 11
582336 2 105
3405483 32 30
1677148 23 21
13002 5 7
7606 3 8
83481 1 27
3066824 43 24
633549 41 4
3757170 35 61
1825171 31 18
2779880 9 94
4393255 27 37
201763 14 3
4926159 10 128
4354631 17 63
1186126 10 33
210538 3 22
24474 8 4
66844 11 7
599228 15 11
1035673 26 9
1009905 17 12
466920 6 28
79628 3 9
442560 48 8
39017 33 1
527187 4 50
3662437 40 20
22223 1 12
4061480 9 107
2616639 28 27
1905615 29 18
159770 30 12
467349 2 96
13755884 75 49
1567817 6 71
1071966 28 9
494280 22 24
11302483 34 79
14282165 93 32
93167 12 2
44481 1 16
219877 1 63
7678 3 1
2112985 39 19
2340650 62 53
215577 1 77
3236458 13 52
5613312 23 58
3373243 11 66
1552159 43 40
143489 1 47
10735025 38 72
2976653 21 133
4692117 20 67
2339115 117 47
2498261 74 10
46533 2 5
123171 1 26
189856 1 60
5776116 45 37
12837 1 38
890792 56 4
6143338 54 39
135142 14 11
131061 7 7
749 1 2
832504 14 18
111286 3 61
145933 1 56
2042116 38 21
2371491 11 96
24502 13 2
128343 2 21
558306 7 17
1135187 10 35
94264 1 22
1378016 9 33
1219402 4 88
408382 4 41
238128 1 86
26281 2 6
593374 28 6
203193 15 16
107615 10 3
2217062 57 14
105129 6 4
14536580 95 55
4706461 102 14
783120 22 35
22575066 79 78
3555586 24 35
109318 26 5
149924 2 29
277673 2 30
744779 69 10
13602744 65 81
9430751 51 63
227291 7 10
44527 1 26
10989195 59 95
149607 10 4
160603 8 4
90275 1 19
82484 15 5
479863 3 55
14632693 46 76
5790475 47 29
707293 3 90
6886577 56 44
121939 10 13
636571 26 31
26769300 73 116
468584 13 11
6633188 23 111
2044999 10 44
28644 1 6
507944 3 36
1907173 15 87
140818 5 105
3933528 12 110
1320924 16 24
8415414 20 84
946860 5 96
237354 8 12
8889627 29 95
183222 17 6
276987 3 72
56660 13 6
219877 1 127
7776957 45 35
29729 9 1
126149 41 9
159515 7 6
390461 6 25
1272663 18 28
57685 2 11
169813 6 33
33495 13 8
10724 1 3
1291821 35 11
2036 1 5
1151553 17 15
801859 13 19
15718 1 4
277561 10 43
2631634 13 41
217650 26 16
123378 2 30
155435 2 73
3413102 29 31
354545 8 39
255074 3 17
7714 3 2
130159 10 3
205314 58 1
911600 11 25
437506 2 52
555961 17 73
8330 1 6
854931 4 80
2753336 33 87
17384 1 11
16986 3 2
10212684 37 81
4324888 34 41
7202072 26 65
10622414 44 52
5126157 25 44
78217 4 7
9560526 58 43
6990720 22 87
65728 1 22
1334675 11 81
97662 1 26
6619 6 3
687123 61 3
224307 55 7
366609 10 10
88895 50 2
139277 10 46
9050 6 1
132562 1 37
2606 4 1
783461 41 19
5568354 33 40
13145617 46 93
261959 1 82
3664140 77 52
1153510 130 3
1048790 48 18
3450 1 1
84148 5 27
291473 7 20
374706 16 6
8714643 42 51
632176 49 18
375146 12 7
125674 25 4
379711 35 3
345830 3 35
436749 18 71
326672 5 14
307957 6 18
463789 18 50
187830 68 3
7530969 39 48
2374362 15 44
1979801 4 107
1367673 12 35
59441 4 29
275190 2 49
662446 4 52
40910 7 4
61649 15 1
17731973 39 97
14360910 52 124
21649 1 19
6989658 32 54
1714496 40 9
3919493 17 56
1626394 9 44
2409806 19 99
2234481 17 56
2212833 29 64
60828 24 3
129791 2 75
2490233 18 69
176411 18 17
1234893 36 10
2135961 20 30
53898 17 4
504005 18 53
1662256 10 33
360476 20 5
2333 1 6
2237744 14 100
2035024 9 71
1886 1 3
1670020 5 115
71733 5 39
191993 6 9
391357 1 82
842736 3 55
87437 8 40
23471 3 28
2234938 6 79
164826 3 12
9404472 35 96
712080 71 33
146239 69 4
3490452 18 46
767956 29 47
138687 2 21
10759866 85 41
313466 19 6
169839 2 22
2015124 78 13
940093 27 11
1099898 12 50
994188 6 57
168097 2 42
147760 1 48
1594802 11 33
2180872 14 33
445965 55 2
1354799 48 6
96667 51 4
325379 2 74
149179 2 17
1343036 8 43
404104 4 24
2611319 23 30
10865474 59 61
152155 1 39
7726900 62 29
1097474 6 58
103715 4 25
2894000 36 21
3492924 12 94
3730902 31 32
222231 45 6
1858182 8 75
2930215 24 49
2017055 17 90
297275 6 22
4155386 26 42
351963 1 85
678200 21 105
610051 7 25
216429 2 23
5384042 41 43
75030 17 3
181749 16 5
8681431 43 69
70553 1 38
731073 4 55
196692 3 14
2615 1 1
3710463 68 49
8100728 55 51
478263 22 67
677958 18 61
1354122 4 79
66210 3 50
17229417 59 73
26427 10 2
377181 11 54
2176214 9 121
3381281 20 65
13114 1 3
444370 8 13
343740 1 86
426892 28 5
40692 1 13
5410886 33 64
31255 5 3
591020 6 34
505061 2 56
51367 4 20
874612 60 6
28354 8 3
762278 7 89
23023 3 2
100102 9 15
2719309 84 16
133791 2 28
15772205 50 97
3585872 7 115
750965 18 48
2644118 26 31
699644 3 47
104867 13 7
266853 25 4
1312197 29 15
3543472 70 25
77896 4 48
121656 14 25
15737 1 6
1577127 6 66
151666 23 2
44402 3 3
4543194 36 46
1987727 10 39
201017 1 55
14746030 73 127
11618 23 1
147327 2 18
9047572 26 75
198978 4 10
4349571 55 17
133678 9 8
2140690 42 11
241435 2 113
76542 1 32
730434 42 18
591735 2 76
214922 2 42
1223525 31 34
1357892 16 23
398941 41 24
372446 14 76
402818 3 28
343472 11 76
1773530 16 91
207034 3 32
1105007 11 25
1849102 29 30
642983 2 99
16935431 47 73
6931781 35 103
10336 1 19
3406459 17 68
4673257 67 21
295216 15 7
381319 23 6
9116155 72 34
2555430 17 30
14662175 56 91
435067 3 46
766798 10 22
2389373 15 38
8983 24 1
575015 25 5
162736 13 4
73213 1 26
932111 15 117
3634511 21 51
768544 8 71
1396082 13 40
1235665 62 6
25482 16 1
1937810 13 73
9129791 53 97
21611 4 7
12644786 59 74
853253 15 138
18445 1 10
485374 6 17
178403 6 7
111921 25 1
3070 1 2
9631582 23 131
79682 4 26
583552 10 41
2260381 55 75
3549772 23 47
156358 1 31
1749766 14 50
457159 33 33
134226 18 9
1773731 82 19
158322 1 38
274631 9 106
389329 4 37
57534 1 40
100952 1 36
848961 5 47
1790 4 1
1356790 13 36
53263 2 65
1055731 25 16
937070 5 40
11662242 37 85
90563 1 18
1428748 43 59
225085 3 44
49923 5 4
65424 1 29
218110 20 4
64988 1 74
85866 52 6
63026 1 19
59696 1 31
187764 16 23
3009246 37 28
15796 3 2
2909892 34 72
44148 4 8
2056317 6 101
432526 3 30
896930 3 80
149402 10 5
47014 3 4
193407 2 66
14007187 53 55
290565 23 3
88822 59 1
245064 7 79
216681 3 28
1136824 4 100
64407 10 12
1759791 10 42
2418152 23 41
78570 1 23
17747217 53 90
771369 15 11
3477499 38 30
3667437 86 20
22944 1 11
103807 19 18
139804 21 2
121747 5 11
1137455 5 56
1641109 41 13
28074 1 9
5114 1 1
790411 3 94
68267 3 32
280790 28 8
182325 2 24
1411313 6 78
117596 1 43
402272 2 47
1422708 9 42
6381 1 2
224325 2 25
192453 2 19
501487 5 25
795311 41 11
1965364 16 46
395030 47 4
373348 6 16
1267715 60 5
79795 6 9
2864103 63 35
68687 2 12
29796 3 6
172564 9 21
476888 2 58
2200841 22 59
342898 28 12
315198 4 30
82154 5 5
2605152 8 95
14036 3 11
86559 20 1
617106 3 47
106038 1 31
9799506 33 61
1090471 25 11
607021 4 41
185909 29 2
1538819 11 47
1266450 25 38
611595 13 16
3278114 52 15
56001 7 3
521343 12 16
660467 2 95
7175167 41 57
963673 66 8
3088445 11 61
6939 1 5
1192735 4 116
85413 3 34
73061 34 5
158853 3 14
5917770 45 35
1190562 63 25
37089 4 2
4840999 74 48
4085126 40 23
177743 2 23
1159592 38 11
1817 4 1
4438098 14 90
31675 1 11
19355 3 2
2410164 33 15
41074 6 2
262316 4 16
82214 15 9
585725 27 23
650417 33 36
483252 24 21
371843 1 107
4565000 22 79
102707 3 30
181189 23 3
12730342 29 92
21045 6 3
41233 1 81
106580 1 29
10627538 38 87
83813 18 10
40732 1 17
1033923 4 52
137109 6 8
880420 68 8
139699 19 5
710116 12 23
6332922 50 32
177692 10 5
870446 12 31
1465188 16 29
272772 2 51
7269493 39 38
3819380 42 30
5790292 33 36
1132678 5 59
649606 55 37
991793 9 37
27717137 63 118
493794 15 31
124761 12 3
70495 7 29
9594627 31 61
99336 14 14
27302 1 9
366411 1 110
278079 4 42
2445653 49 14
6673194 22 102
86868 17 3
26801 1 8
5767 1 4
207299 12 8
1340111 29 43
1178431 37 18
353603 91 6
6425 1 2
1777583 10 44
22455 27 1
355674 1 87
551421 2 64
407837 55 3
16615 1 5
546069 12 15
50409 8 21
308943 9 12
492988 5 44
646789 62 18
21163 2 3
1484 2 1
434667 30 4
27369 3 2
7101448 15 103
27434974 85 124
24145 4 19
12481773 28 98
2811192 13 47
938811 12 20
9662 2 1
1003813 15 21
2723773 66 20
166341 1 59
17165 2 11
309990 9 50
152445 2 34
86337 12 2
58360 1 42
198947 21 3
1561448 6 99
25485 1 9
164745 2 116
31060 2 4
534278 5 22
134829 9 3
446971 40 4
257863 4 71
50981 13 1
95383 14 9
9685 1 16
2485170 8 110
814082 9 32
200886 2 21
36795 2 4
2942627 8 120
2115848 10 90
10631 1 4
21219823 50 102
54233 1 16
3553606 79 47
182272 4 64
73021 28 1
306583 5 33
2569 1 1
1347614 5 59
74808 1 82
744319 3 81
509228 10 14
1563472 4 77
76090 2 24
285932 20 15
188381 1 51
9627803 57 124
759455 5 43
900412 42 18
4715 1 1
2826423 11 54
11728363 35 69
472347 10 75
1965976 10 41
12950553 52 83
16232 1 15
1324892 50 82
315738 25 3
15147674 50 83
3475230 50 63
67090 1 59
294679 5 12
1723485 21 21
152199 2 17
158218 5 34
1085041 3 117
64919 1 48
3054470 6 100
260767 1 85
4363526 17 51
439544 5 83
101793 22 3
696934 2 93
399106 1 93
247875 4 24
1130356 5 77
488029 2 78
129499 5 10
1579731 46 11
854352 16 17
7421 4 4
458701 3 43
1372439 63 6
838019 7 43
7355 1 11
9924030 90 27
226885 6 42
1588723 7 85
961740 3 130
1522865 8 50
248869 4 17
2172469 6 93
74534 4 4
1320256 29 84
1022187 21 20
465299 3 35
2104919 12 55
213527 2 73
798429 7 44
2844795 29 119
382467 3 27
999733 21 10
3730033 55 34
1036393 10 37
100583 14 2
297178 19 15
774833 81 2
131692 2 20
1754628 26 38
2668 1 9
704918 6 36
277702 6 31
230920 17 22
1686907 7 91
109608 3 14
112025 2 30
450074 10 72
3689964 15 105
746934 3 80
18447 1 4
487751 13 35
673357 3 80
87504 20 9
839298 14 86
187037 12 5
2814715 9 72
258934 38 6
198898 2 36
9734841 60 41
19823781 81 74
366568 6 58
3838704 51 24
146862 2 39
719435 14 36
1597008 29 11
46639 1 14
269714 26 3
9900095 77 111
2729372 40 40
4306790 27 51
1126534 8 117
169395 3 16
107634 2 28
112197 6 5
32143 1 38
775025 26 14
60118 12 5
5876461 50 59
162814 1 59
529992 38 10
115794 47 8
38589 7 15
30703 10 11
488424 16 65
387601 9 12
3124977 27 36
2849682 18 37
7028720 15 119
76327 6 14
279286 7 15
2610268 11 82
293391 5 15
680033 22 12
914168 31 8
4003774 17 89
3123719 10 102
6785982 32 75
47670 1 14
95259 1 72
5347322 24 75
2085344 24 20
33606 8 2
35138520 80 116
1173705 11 27
3502694 13 54
44596 6 19
75599 1 42
3100020 61 18
6791 1 22
692461 32 15
283558 3 21
6703774 27 95
67059 6 32
3905925 26 30
5001093 67 28
157927 30 10
3217030 27 41
95220 23 1
304508 31 3
9663681 34 69
71271 4 45
6658 1 10
4788672 21 83
5304179 33 43
11436292 31 86
39066 3 19
1443123 18 33
36695 6 17
759772 5 39
369100 14 8
268739 14 17
405107 1 93
3725936 34 34
127360 1 141
1135703 52 52
2236327 10 79
1834649 22 25
7057 3 2
903912 10 54
286089 13 7
1244634 31 17
397247 43 2
534121 7 16
786142 18 16
426673 14 13
1040117 4 103
622329 4 60
44945 1 56
3615100 37 24
3409372 10 78
7049 11 1
581569 7 20
76577 5 5
5533348 39 33
2291661 13 35
546400 7 23
17945667 87 66
1249110 4 81
91418 2 69
3202289 40 29
1919123 10 44
404553 9 10
4931121 17 62
122844 1 43
186570 3 15
16216 5 8
5537316 41 46
648441 6 45
1471599 27 38
1758419 24 27
1792433 20 33
1521905 23 21
205733 6 10
823354 2 113
28446 1 9
291635 11 6
5158242 21 63
387670 6 80
143697 4 76
11690 1 4
5316758 51 28
4652501 29 41
65080 18 1
147398 6 7
1413065 5 69
236950 2 31
3412690 46 109
4397849 42 54
32871 2 39
8116 3 1
921373 42 5
224426 17 5
6630698 41 49
1217095 31 10
17750 4 5
308781 1 91
227373 2 24
278661 32 7
173353 1 38
2191752 9 59
356501 33 36
476758 6 18
19288598 69 86
152094 5 20
169787 3 12
2228569 63 45
89504 2 13
304044 2 30
1512743 11 48
463584 62 12
1457233 7 107
6322 3 7
534255 5 28
522354 8 18
10723876 37 113
1648338 59 6
1998251 13 42
167772 3 11
83511 11 4
903885 2 122
3672 1 2
127072 9 14
729187 4 62
4434664 27 45
48497 1 34
492616 10 17
9453475 36 62
48220 5 6
3993573 46 33
1504870 34 11
5169468 63 76
15256 3 11
121161 1 54
84675 5 11
919128 10 23
221904 1 56
692195 4 39
443547 3 30
65023 2 46
757548 37 50
154379 1 51
196816 6 8
21497 7 1
866761 2 111
924422 52 4
156296 4 13
276697 8 13
275402 6 46
11200698 28 107
1297078 12 65
2723232 22 47
223626 15 5
6825 1 13
136684 4 15
49830 16 1
360518 43 3
3280929 10 110
2202103 27 26
1893291 27 21
24865 16 1
138042 2 66
1433360 70 71
1386636 7 55
154340 11 7
3834269 28 61
362799 33 4
1417693 10 65
14258 3 2
2983774 13 89
10284080 33 66
2845247 19 43
192549 2 130
2042328 21 68
20092 2 11
51767 6 13
2372974 18 40
1026550 55 51
2518687 14 104
1269096 10 27
2032206 14 87
352948 59 4
155937 3 18
1296652 17 101
385440 5 65
331205 11 20
173003 4 11
233073 31 4
118544 6 7
455719 7 39
4116259 38 37
181091 1 65
517244 2 70
5489 1 6
3491164 15 73
897364 36 24
5529 1 2
448931 4 22
131463 35 1
370025 1 106
534998 18 64
1450362 5 100
6905272 27 74
1318357 92 9
940057 4 87
2584927 9 77
351178 24 3
77702 3 7
221663 4 15
1368734 8 47
11359860 34 132
127241 1 32
177597 6 36
14301215 55 84
938279 30 81
1018573 7 38
159783 14 26
510510 5 41
796715 4 84
3273 2 2
93047 29 1
44391 4 3
2191112 5 117
379866 4 26
495581 29 7
62589 1 29
9039 8 1
711845 14 12
145344 36 1
71415 7 10
90600 5 23
1066313 6 79
48443 2 25
244959 1 67
561434 20 16
479647 6 24
3060032 65 10
2294814 75 9
9949 1 7
88969 12 7
100456 1 56
14331733 68 75
270485 1 59
1290581 12 38
4712531 16 87
340450 18 14
6467250 64 36
683129 18 11
7331699 64 37
4093458 26 52
21383 3 4
959852 24 86
4631212 32 31
70456 4 36
303340 5 12
1280952 7 41
168694 5 9
184834 18 8
3583758 28 59
98505 2 11
1499813 6 76
550800 1 116
835840 28 9
3710008 13 76
139023 7 4
6450777 12 108
912284 16 92
785990 22 8
2368290 12 64
115953 2 29
67367 1 20
35013 1 21
2051374 30 24
1297484 43 6
5436433 53 73
3133329 66 10
139140 5 10
559865 2 85
303050 8 9
655487 8 24
5474518 18 85
979378 14 26
225490 3 15
4441274 39 24
25310 4 3
8684263 28 61
16785 7 2
189378 3 23
40419 2 37
29068 2 3
117207 2 12
51698 1 32
2260733 9 52
201490 1 45
1824769 11 58
597961 4 138
1197318 54 5
163349 2 25
7889 1 18
539132 51 10
833772 12 22
4928 1 3
47918 1 44
7919582 38 76
4039385 21 59
397774 16 21
660088 10 13
225048 2 25
302709 5 57
673231 6 60
548651 6 51
970151 17 21
29223 2 12
165490 15 3
859023 2 96
1284063 46 21
62555 1 26
6372485 16 114
1934200 16 43
16648 2 3
872451 5 70
2416027 45 11
93048 33 1
75285 2 8
66528 7 24
7307402 27 64
50678 8 2
169592 2 128
3228684 11 59
640705 19 22
377636 5 101
399488 11 14
250365 13 8
139156 1 28
594672 19 7
3016356 7 98
1235091 8 35
789792 5 45
2760929 20 49
951824 33 11
66850 1 30
5565160 23 58
1425633 10 53
819239 12 58
2025564 29 19
148938 8 13
3880736 12 79
349274 26 23
198063 4 14
746858 55 16
7212 1 20
1041 4 1
2334371 45 16
1397072 11 35
179872 4 10
1849298 41 13
2668255 34 17
651123 5 27
932304 37 33
570566 27 7
686074 48 5
6715523 65 32
1584257 13 29
25399 5 17
93593 1 20
7632653 55 32
136812 1 34
13777707 41 103
447748 1 122
91298 28 1
3958924 38 60
9847 2 8
371508 27 7
137171 6 11
1151238 14 20
606957 20 18
1255378 6 55
8411 1 3
192069 9 6
41928 15 2
714452 121 2
955290 23 17
248374 11 7
220269 2 104
1045595 3 119
191218 7 9
431467 32 4
32773 1 77
4472 1 1
221726 4 19
382757 48 3
30934 1 10
284716 25 7
101773 1 30
57946 2 38
251913 1 95
5518267 88 13
38434 1 89
809987 8 20
1310598 40 9
9457148 70 65
6697 2 1
2438943 50 10
362225 92 11
32570 3 6
33043 1 13
8176927 27 64
153404 2 21
4965252 12 84
365714 3 45
5963422 30 41
5930 1 15
26569 1 27
10687361 38 85
829730 24 8
10037594 30 86
3259641 14 55
281502 4 31
2567066 64 23
6110 3 2
463691 9 19
137012 3 61
164975 4 16
2124368 13 42
8241 2 12
330044 12 7
647298 46 4
14398598 87 50
2048691 46 11
206978 2 96
389490 4 52
1895171 44 14
1636452 6 76
524786 4 42
9882513 29 107
89745 1 59
10463044 25 91
22977 1 86
209086 1 45
23212 1 23
61336 5 3
53305 2 6
123006 1 41
37605 12 5
176663 1 38
444742 2 61
2529026 5 102
25427 4 6
200714 2 33
13354609 49 73
1818573 5 106
3387036 7 126
315544 18 56
1031738 80 5
2248409 6 105
403832 12 46
10176883 83 110
1565608 12 46
2737107 24 48
6302389 33 48
610692 2 70
1984474 9 66
2499207 12 57
919878 45 4
1167574 6 53
1538435 10 36
249664 1 74
112764 16 8
672909 13 16
5663316 23 57
6366523 35 53
381335 5 24
336373 1 106
2116850 21 72
14867 2 9
4037326 11 88
288244 6 16
96356 42 3
758192 27 49
40378 10 3
169475 28 2
2680205 26 54
1851144 70 8
415377 23 7
860236 58 20
220125 2 28
713672 6 25
162255 5 16
7407538 70 22
381162 3 31
509406 8 39
118216 1 37
142674 21 18
379632 7 95
580998 11 11
229271 53 1
326817 11 83
606394 75 9
504383 19 45
1127522 21 12
933531 6 33
222385 2 80
7352799 25 73
2481582 8 67
98884 3 9
43404 4 14
4244955 26 62
4943922 17 61
2302318 51 9
2906049 87 87
561418 10 16
1069583 18 37
258363 12 7
6032861 25 75
294604 2 32
1345219 27 69
8874150 44 44
2869999 6 107
468141 36 43
103476 33 6
7293038 17 108
77769 1 23
188986 13 3
70681 22 9
6396960 20 111
2015049 30 25
19933 9 4
307884 1 69
3735570 17 46
2947 1 1
3385124 54 19
176333 10 55
8365608 34 65
969679 3 118
37860 12 1
897179 9 40
1647859 8 55
793986 4 53
17929 4 1
4021 4 1
273846 1 73
5482338 70 41
859467 27 12
101571 11 5
44655 3 16
659783 27 6
184171 3 12
2097048 4 114
2739896 46 69
3361461 21 54
718426 84 20
205361 35 20
249809 9 31
79747 5 17
462540 3 38
201978 7 10
458903 2 52
1171373 13 126
477531 71 6
108521 1 28
3824270 59 16
96417 35 1
120646 1 45
728169 6 29
263679 1 97
48935 1 21
15315 5 3
714389 12 19
68569 23 1
105658 16 5
3073720 21 30
272167 7 56
3099099 9 95
4082302 69 14
1434848 41 61
535769 12 9
2001144 39 67
2885048 37 26
403516 2 74
1286319 41 15
81348 1 42
168102 2 23
78535 6 12
1744052 9 41
10833441 57 63
368439 60 15
1233199 11 46
2052777 18 31
150936 55 1
4410609 20 68
5374623 24 45
33811 18 1
92450 58 1
592759 8 57
3041106 31 31
2620585 12 81
218481 1 80
1862 1 3
10764702 58 98
810400 46 14
3255491 36 31
23090 3 19
3304314 31 22
32075351 123 85
358711 9 14
153642 11 10
260034 15 8
1576659 16 26
25134 2 3
1007156 18 39
11376 2 9
1037682 11 35
441196 25 8
312666 10 7
94702 2 69
603111 38 62
54259 15 1
499288 9 24
15879 5 1
1666048 41 52
401018 20 5
309646 17 58
23763 1 35
317655 4 26
9527451 39 87
1529937 4 80
4670702 9 133
382994 25 4
3009257 92 12
136924 1 27
38599 3 5
77676 3 7
670762 2 102
2636717 27 38
1184517 23 109
520821 2 66
2568064 18 45
1392221 4 76
6163223 30 57
1019403 4 79
1209932 9 78
1110086 8 30
6332 7 1
231912 12 49
199116 71 1
5047 2 3
1632133 26 17
44001 13 2
412271 11 59
1513680 32 28
1089809 6 39
2970398 25 29
969955 2 106
3093108 88 92
38726 4 3
49099 1 13
308131 9 56
365642 26 18
72511 4 4
123236 11 4
773658 9 26
125038 5 6
57940 3 70
6560859 34 64
1113889 30 14
8837966 30 94
5860 1 2
201816 2 24
2211 3 1
167216 1 58
336576 3 35
83320 1 20
822955 3 70
2856380 27 34
1408972 33 65
100981 12 4
8759205 61 37
2530227 14 49
3272602 11 63
846914 21 29
237357 2 24
14095 2 3
50194 7 21
189537 5 8
23544 1 16
259369 6 16
134732 5 11
122474 1 55
2064976 21 24
2270816 20 35
679850 117 4
840340 4 103
210743 2 36
377256 7 19
10738 1 32
561087 1 122
25937 1 9
18960 18 2
241281 3 22
119725 2 17
21851364 47 104
2346704 9 81
2604888 20 39
1751285 19 48
144871 14 37
459978 6 19
103232 1 32
8910900 26 98
3228302 10 75
3340486 42 20
750026 5 55
267733 5 65
6655296 35 65
139474 7 5
11781 4 1
28692 14 1
637062 12 18
24253 5 14
4089712 15 79
8143 1 6
179879 2 19
419519 30 23
5101878 22 48
24994 3 2
324257 6 18
33645 37 2
50297 2 12
1230718 22 21
1520045 24 23
6871255 31 65
3143056 86 11
934971 32 32
524115 13 31
120924 6 31
386691 2 63
3461655 21 33
383928 6 16
869741 23 12
4865988 10 103
61251 8 6
2897787 7 82
125973 10 7
951127 5 95
770116 12 46
122491 1 41
6008035 11 118
109714 19 2
103569 23 6
37034 3 4
53822 16 11
10104635 51 65
817906 3 59
3335032 31 43
371286 15 36
1773532 33 31
1183904 20 20
242337 8 63
266980 4 26
4906 1 3
5178 6 3
2989139 45 79
2062490 33 14
58555 1 16
3863068 95 19
1250408 16 27
1182057 10 34
6138 9 1
116847 1 36
12487 7 5
8837 1 3
245142 2 26
1675524 6 88
1376048 16 25
12333080 29 86
408290 19 38
631330 25 6
118439 14 2
408 1 1
3311188 17 55
5854176 46 30
7998503 30 67
1277 1 1
1166385 5 46
4687468 21 72
170245 2 22
48838 2 9
108788 1 27
440788 12 9
5699911 17 79
202814 4 14
2505 1 8
43596 17 5
1574786 7 56
111319 1 40
4193458 33 30
22711563 86 52
262959 6 16
662841 68 3
4553378 16 60
143132 1 28
782203 18 77
986850 36 55
276481 2 65
116472 1 49
134458 13 36
319028 14 39
844467 7 32
380012 2 46
17751 2 8
28642 1 7
1701194 64 15
78397 1 18
3604073 20 39
1324102 7 57
10183853 89 108
1374695 18 24
123440 13 2
64101 3 5
24882 1 7
70629 4 4
2919005 26 32
11925930 31 93
392842 16 44
2083231 7 82
2854818 7 111
200596 47 2
99548 4 25
136688 9 13
380489 48 5
3018319 16 69
808736 3 65
975170 16 23
3209540 30 25
12290663 45 85
356036 38 2
471480 42 4
14718 1 4
1144286 68 14
1227460 41 8
2807920 15 72
203790 26 19
43929 21 1
2763835 20 30
10952 1 3
428004 4 27
760933 5 36
131050 18 20
235016 8 7
152528 5 14
4604894 68 20
239878 70 1
24591 3 2
1105915 3 96
1490296 6 75
1195199 6 42
258301 21 4
6482373 62 26
150193 9 17
45705 1 67
104951 7 4
4723973 38 74
1108534 12 25
28197 1 8
181616 8 5
315087 1 123
128720 48 5
899612 9 32
372856 25 49
2199141 8 104
336950 9 24
143814 9 8
481861 8 12
414981 11 90
2272958 38 20
866708 3 80
1762087 29 19
27255 8 1
2425622 20 47
151893 2 29
40382 1 35
1355315 24 44
77469 29 9
2951489 12 67
1978642 24 70
1401922 12 24
3681885 44 118
3542752 16 79
428640 1 94
330485 23 19
5019680 58 23
9328135 26 112
54200 9 9
320082 37 33
651093 25 16
91321 31 3
93291 2 11
43615 33 5
29178 1 7
969784 13 29
478678 36 27
19672812 79 98
429331 5 47
116207 5 9
3932148 20 56
156534 2 22
1051757 21 11
3645974 17 50
515205 3 51
179991 1 51
613995 14 49
1675553 8 47
1666220 10 41
346541 47 2
436170 10 10
79144 1 99
10805 1 4
163649 4 11
1960471 26 26
774862 53 24
289128 24 24
3159280 16 62
1628667 8 66
3498 13 1
553035 2 63
372835 1 133
3807961 12 75
38763 6 12
2123320 9 62
1709747 11 48
2434091 50 11
2058317 12 63
80579 17 1
3636136 49 42
1114116 54 20
158427 1 75
600281 9 50
32207 7 12
2689990 63 10
126929 5 19
122961 1 26
1006923 21 27
133015 21 22
163929 43 9
361500 2 38
150704 3 18
2555146 27 54
88710 3 6
10935 14 3
452088 4 44
2987 1 1
14122026 40 90
511653 5 94
499623 2 99
310797 20 25
3380382 17 53
112971 2 21
253214 5 71
151377 23 8
795546 14 18
101235 4 6
2691717 66 9
1175757 4 77
3160440 29 56
2908665 15 55
3491075 88 24
50897 1 16
1304901 7 60
49643 1 12
14338 1 11
50773 1 18
7350114 29 55
40183 18 6
20738 2 7
12009 1 3
210712 1 60
202966 4 11
233920 5 18
672881 4 38
102797 2 24
3183 1 1
887048 16 72
2539636 10 76
1608970 38 31
948007 2 104
2591910 14 53
236279 4 65
257636 6 9
22255022 59 86
5649219 97 22
53008 2 14
81924 2 31
256836 25 10
58491 14 13
698000 2 114
66726 7 2
7771 2 7
11374 1 12
8474248 29 94
556057 10 122
970390 87 14
247287 8 13
12359628 39 88
335340 7 49
167121 7 5
183765 53 1
14287 2 2
3387825 10 75
218578 17 28
546744 2 99
304981 9 10
1326199 15 27
2872827 15 80
1127963 40 19
233461 5 16
2918807 15 47
810418 4 93
740276 39 16
5277287 57 34
526230 7 15
924897 28 9
301766 8 15
127198 3 56
44782 4 4
20018 1 67
2053095 20 80
1439798 6 61
226148 2 64
199874 3 29
521180 22 61
372274 1 93
2650515 71 45
1129439 18 34
7487440 91 21
257661 1 51
20880 1 5
1381184 95 4
126405 1 30
99856 5 11
307949 9 24
2740291 21 41
200355 4 19
1849327 76 71
377041 1 119
95207 30 1
183676 19 3
16952 1 8
10565980 27 89
560311 3 47
695558 62 10
1701619 35 13
638359 26 8
3241326 82 14
258393 4 15
446929 12 31
1792343 12 88
129793 1 28
672940 6 40
131273 11 3
715543 26 6
3405269 14 57
1353387 10 84
3801940 22 60
32010 3 6
5706494 19 88
367162 32 6
687594 5 45
86312 3 13
207976 1 74
242718 10 8
39073 1 12
199767 1 53
29859 10 1
242952 48 1
12037141 61 70
2012902 13 45
772481 21 114
555316 5 43
182500 1 40
2461660 10 54
34127 22 1
405222 9 22
47209 12 5
206287 9 39
132992 15 3
61804 5 20
313387 1 64
1330956 46 88
2545744 95 6
279760 65 2
40929 2 47
1257338 21 94
117204 2 100
40581 95 1
1515376 37 16
54370 2 9
3750350 11 73
1360981 5 54
5229 1 13
14170269 36 84
505165 8 21
277734 3 25
2281934 19 39
1164618 10 30
357778 9 10
477042 9 26
1209319 7 36
2088820 43 16
1407929 33 10
579081 17 56
4025291 68 63
10931181 51 46
75636 1 18
38748 1 11
6384006 19 80
61241 17 1
136572 6 13
139630 1 38
269328 44 2
527126 5 66
6867139 11 129
1096345 78 8
3231811 23 51
541991 48 4
3826020 18 55
48519 2 17
2226149 26 32
31129 1 23
5992028 77 17
830164 63 5
3833466 20 55
7779215 17 127
1977472 49 11
1426410 3 124
6669067 50 38
159336 4 86
216770 1 87
517411 22 6
406117 19 57
994515 9 65
1172426 38 44
13100 5 9
1945969 4 129
1233856 63 28
382012 6 14
5022532 32 82
12048 1 3
10618895 42 61
210122 2 36
732498 38 6
352999 11 111
297813 5 15
2484752 52 61
1761282 18 23
1761781 19 31
15179 10 1
2193904 10 69
418407 1 98
449667 32 10
280888 5 18
229133 16 3
236395 1 85
25107 4 13
139072 3 76
65530 7 2
6554265 18 86
247180 65 11
222769 11 36
35678 1 9
387729 2 56
295654 3 30
614717 2 75
