147 4220 1564
118 5 96 139 112 60 134 64 130 142 59 48 11 31 99 128 22 38 100 53 117 128 73 111 146 128 59 32 127 142 124 124 5 20 147 135 66 100 136 24 67 109 21 64 110 131 51 131 109 46 139 100 116 66 68 109 79 87 91 92 57 20 22 129 19 137 84 78 82 38 74 126 65 92 59 116 58 140 69 19 137 103 16 76 24 73 39 59 72 47 7 116 112 95 94 40 93 98 88 53 89 133 8 57 7 14 23 53 75 26 9 68 88 19 143 104 2 22 43 84 7 97 79 2 85 109 10 69 49 44 32 110 16 61 107 81 134 122 98 38 141 141 144 14 121 131 87
484963 24 32
5198 2 5
1337077 44 28
482212 25 32
106971 59 2
211130 4 50
6843 1 5
34383 9 10
4110418 48 85
15047 1 19
229863 7 66
12240 3 15
80308 40 6
353694 9 98
13426 2 36
37170 3 26
56763 8 7
352381 4 118
1414499 50 54
234654 25 48
358124 14 19
646615 12 39
713790 23 37
195423 20 73
2306504 22 114
9598 1 18
4073851 55 72
139590 3 56
2586 1 3
328017 26 9
20009 13 2
227670 31 62
21579 2 9
257157 36 8
1861780 34 77
1896118 17 108
176844 4 52
596509 10 48
266252 9 24
102180 27 4
1648796 65 126
392337 20 43
141804 8 51
186376 6 23
43553 3 17
897521 12 50
5041 1 5
2412379 29 66
345297 7 51
1047 8 1
1353931 26 55
1748282 15 107
57167 7 8
251373 6 28
568647 18 22
1450386 36 47
175588 2 78
44004 10 37
1144814 46 54
1652765 48 52
35825 1 27
90058 12 22
21804 31 1
11878 1 11
166457 59 2
1088541 16 55
655976 7 97
29890 1 73
185735 26 8
38759 15 23
64558 8 45
42395 9 38
199634 21 7
550648 17 33
9039 3 7
1029315 24 135
13224 4 6
52091 28 14
3742728 56 130
52055 8 57
1925193 49 27
334666 3 90
79893 1 59
11536 9 1
68952 14 42
2176199 51 41
69429 4 18
276120 9 64
91281 50 7
3025814 21 116
8968 1 68
57962 4 43
418809 50 9
18171 1 17
423213 10 46
578379 11 34
170146 8 25
678801 25 34
69667 23 2
806714 14 40
41610 1 40
1187 1 3
705252 27 22
161323 23 6
121348 20 12
516554 27 17
71661 6 12
866363 18 36
276283 3 63
3632171 53 61
8146 4 21
10458 7 1
103536 7 12
178054 8 18
67220 1 71
169177 9 78
67600 3 27
10341 1 15
83309 5 14
19924 1 28
542891 9 45
347941 23 38
17001 2 9
30305 11 2
49826 4 9
44174 2 25
148470 5 57
2171238 19 104
110020 7 18
57877 4 37
71048 2 40
287280 89 4
1130427 24 54
143610 23 20
131795 51 3
515006 17 28
3264219 18 131
52797 4 24
5023 1 5
35100 2 19
1336302 48 24
1502183 45 25
26854 11 2
721942 9 56
723447 17 40
44198 11 6
232535 5 86
147635 5 53
649346 17 46
7907136 112 79
83131 42 8
246074 8 25
909529 14 62
36831 52 8
66830 1 55
104586 30 4
27791 21 3
496595 9 62
853899 27 62
123386 30 11
141634 2 46
719935 23 31
463054 18 56
5481593 54 113
198648 6 25
107998 1 81
68332 4 98
876092 16 50
1431 1 13
1164923 47 50
57715 12 4
25569 2 16
235487 24 9
212683 1 142
22470 6 9
325325 23 12
1024 1 1
8676294 68 104
263 2 1
53514 8 11
14146 5 3
826860 37 80
3182513 36 62
78731 4 21
812016 13 80
497545 71 12
152497 2 68
24079 4 4
20531 1 64
240146 2 99
636068 25 25
89197 2 45
76082 7 10
2493088 53 36
1181250 7 108
361032 9 69
13318 3 5
28281 2 14
709750 16 67
74501 1 50
304935 40 67
226092 41 4
167055 3 68
60504 3 23
103626 1 92
246051 5 33
20370 23 1
26509 4 9
14904 2 23
15505 5 7
30361 4 9
289558 5 136
49223 39 2
435086 25 15
86381 62 1
279903 9 37
389451 22 46
81090 5 17
179992 11 12
4311411 24 128
160519 18 57
107997 5 28
5374234 69 70
1098169 59 33
220620 17 13
62423 28 7
7404 14 5
69370 3 16
262528 6 50
199910 16 75
55340 2 25
113071 3 28
32709 2 47
12737 10 11
2496466 28 65
164887 12 17
173298 1 112
90505 1 68
21818 8 10
4454428 81 41
83066 1 78
1979082 33 46
22956 4 7
55152 1 51
826713 73 12
179885 11 50
49653 8 15
666282 8 71
664717 24 22
31897 13 3
468723 62 34
318218 14 23
3927765 39 111
96637 17 70
1582864 49 23
25533 13 19
624349 37 17
661346 31 18
9506 3 14
1181 3 2
31703 1 36
2552107 61 41
14160 15 9
55974 3 19
840144 20 49
876986 32 30
307454 25 63
112307 33 6
60230 2 29
605732 16 78
288660 28 26
309821 15 19
1412601 21 71
34812 1 27
221952 2 74
220737 6 41
13592 1 13
4805 3 10
616330 11 46
3409235 39 68
13305 5 13
69911 6 12
15142 3 27
1493986 17 57
14331 2 5
1386820 64 24
117184 18 8
838052 18 32
79068 3 21
28550 3 20
34537 2 26
653360 20 37
475751 16 33
103587 17 23
12299 1 14
330404 15 39
50823 2 98
26652 48 1
20253 1 67
27545 1 20
421772 17 24
72407 3 21
1144186 31 37
237336 5 36
229667 29 17
1394454 36 34
1072565 52 21
922996 13 73
57447 1 54
728390 8 64
3097 1 6
116055 86 2
139276 81 4
4106528 52 79
1887288 23 84
55376 17 12
140806 3 37
510918 73 89
1737640 18 72
1039948 24 81
45393 5 7
263389 8 111
205097 6 62
5250347 56 84
2367 3 1
2256874 20 93
9064 2 49
1340 2 1
802312 26 69
89655 7 10
33097 3 11
21950 1 35
898949 11 59
63114 21 35
281596 43 7
1412326 36 35
80672 5 12
2810326 36 81
337786 24 11
12109 5 6
536 1 4
103349 2 45
42511 10 5
36200 3 20
207391 13 51
1074972 65 16
3939182 57 46
144957 5 36
22038 1 30
1293029 36 29
98901 6 110
4933818 61 71
14693 1 17
60076 1 75
4823912 112 37
181922 37 10
792920 13 55
2833738 98 31
918966 98 9
95538 9 11
51120 20 4
27108 32 1
125107 5 37
855030 40 51
305059 11 61
308519 19 28
381514 25 73
400061 59 7
521141 10 60
3071 8 1
1279794 19 70
17917 14 1
1063 3 2
93000 30 3
102483 1 105
38476 3 16
16447 4 24
29280 46 4
15993 21 1
169776 9 24
41108 5 7
207095 21 12
235354 4 80
85397 53 19
110230 7 13
189225 33 6
111493 32 10
1593024 35 34
959328 24 61
87432 13 11
18526 1 23
179672 4 45
966886 27 64
32853 1 30
1398993 18 100
275961 5 72
111778 3 27
100537 2 38
681768 53 42
1403030 30 37
2170766 22 70
186815 48 3
1631 1 3
12013 2 4
301561 12 84
32110 1 32
996487 9 81
395882 31 16
69456 3 46
57051 1 71
13459 14 1
332035 45 17
8368 4 3
683004 64 11
22577 3 5
23619 1 122
30825 4 51
114103 8 25
348471 6 66
2118148 59 37
62803 6 72
332341 7 47
722546 17 36
553510 20 50
146894 8 18
28785 4 13
178783 4 38
73757 41 20
1018160 18 57
558646 17 26
55066 1 43
26808 4 30
4868409 63 77
325 1 1
14954 1 16
1435206 69 24
312853 8 35
19429 5 38
973 1 6
22331 18 2
24178 9 3
77425 5 40
4118 3 2
4654149 86 38
1726356 67 29
731745 38 107
45126 3 13
13834 3 5
108043 1 128
12437 2 4
588452 65 21
2035 6 2
1912 1 22
14221 2 25
94704 3 22
2886180 125 19
1597 1 2
310954 7 53
1686639 25 73
7232185 78 117
497931 7 50
7715 4 2
976 1 8
399344 16 81
1436892 9 106
64693 10 5
4817334 54 68
31670 5 5
420125 5 56
33417 9 25
630806 9 57
139523 8 13
7899549 67 81
258409 3 57
5242842 74 50
1955493 80 30
343126 13 37
70180 52 4
1500935 54 38
19113 8 16
289384 15 23
598215 17 111
238784 5 123
105609 14 82
143062 7 44
131374 14 19
1152726 74 24
5370782 111 34
97773 1 84
115869 4 66
575364 19 20
415179 11 44
73006 4 19
83576 11 20
20237 17 1
143625 2 76
755036 15 96
68396 1 79
7347 5 3
21599 1 21
363880 8 112
5298426 35 104
1291 1 16
922599 5 124
26439 13 15
5577605 49 79
195729 12 19
26016 6 3
1143401 49 65
290952 47 22
207073 4 87
3722393 68 36
1137372 59 21
1055041 65 12
75739 28 2
25843 1 21
6174607 51 84
81098 1 79
5190955 42 101
166616 3 70
442429 58 32
596740 44 9
160224 2 70
796019 8 70
37654 1 34
99605 4 47
5416 1 12
71427 9 38
208314 3 58
893611 28 31
234 1 1
275328 25 23
74799 2 68
614320 24 25
138467 37 15
849642 38 23
31145 20 2
1273888 16 65
109659 3 34
963858 22 42
340674 22 21
15560 1 22
486249 36 14
1272512 55 16
137792 130 2
418821 21 13
475229 58 7
1009106 20 55
33468 7 7
1297536 12 118
292 1 2
659044 34 50
655159 15 35
10552 1 89
290086 8 80
359567 30 15
1490 5 1
294193 28 8
97571 43 2
1141049 14 94
287605 10 26
141500 1 115
9795 6 2
247421 4 49
6988553 76 66
14808 39 4
349843 13 23
94127 8 20
177620 15 10
2086800 28 52
2155321 79 21
148957 6 22
12113 2 7
240584 27 17
66411 56 1
508077 6 75
101 1 1
355981 44 8
3409214 42 73
3034230 37 61
137368 95 11
4957553 56 65
177499 3 57
18611 10 4
166325 9 17
48160 3 12
6570 1 8
2969 1 2
634488 6 85
70476 6 127
128931 9 14
48359 1 82
832596 30 24
75014 11 5
480770 5 103
56839 1 47
10734 5 2
30757 25 14
564599 27 15
84073 2 29
5696937 118 38
38986 2 21
1124645 25 38
274809 55 42
39013 5 9
2033319 41 62
230621 2 78
2766082 36 76
1185114 31 40
91401 16 6
194199 5 43
174176 62 2
251194 31 96
44564 19 2
110318 4 40
2551503 33 77
69913 15 3
349192 58 13
289730 6 49
138652 2 125
127219 3 126
4503 2 6
1140533 44 83
2306744 82 73
115379 6 22
8019518 60 129
201335 10 70
22612 1 15
7002 1 5
3525 2 14
38446 25 1
46450 5 6
34626 7 5
274841 28 8
79916 9 8
3141 1 14
110457 24 10
190917 7 19
360980 16 48
17663 1 15
743676 103 10
22704 4 70
383344 73 7
110288 19 32
1237781 17 87
274827 2 108
38587 13 23
1193 1 1
199253 6 31
80548 7 58
705975 5 95
715551 32 16
45485 11 4
10777 1 71
3888984 56 53
4900302 64 65
181311 19 24
39449 1 31
132921 3 32
1015 1 1
505818 14 26
19067 8 2
209831 6 31
249064 57 9
503675 67 42
515106 6 72
535860 30 29
65804 3 27
820089 51 20
1584393 48 40
4559447 32 99
211273 71 2
730210 9 88
17233 3 20
996287 61 111
1207287 36 23
14274 1 13
81648 33 3
374234 10 33
123695 1 121
2149698 64 87
113071 1 73
19506 34 2
1756974 38 32
103724 1 78
22286 3 9
41105 10 4
98647 4 26
425336 7 51
1091873 16 80
59879 10 39
3713636 39 85
34810 1 32
57093 3 14
1168077 18 60
202315 13 27
344639 18 79
27699 5 5
14949 3 29
41896 1 48
5515 14 1
681299 7 75
12679 57 1
297398 47 19
92057 3 44
961488 17 67
854520 43 25
31642 32 1
1270 1 1
596919 24 44
25489 6 7
232256 9 18
247760 4 75
28986 3 9
134459 11 10
80333 2 34
835270 30 26
1944990 95 21
9052 1 59
38849 5 30
758197 8 62
65004 1 43
15316 4 3
1660 2 1
166706 4 45
480419 4 92
5704 2 2
6192035 57 124
10588 6 2
3237 1 3
38818 5 56
1465061 46 48
1943349 54 42
515625 108 6
1181433 13 66
332796 8 36
681875 80 51
61711 7 7
6925 1 20
2240 10 1
61975 5 26
34138 3 24
991818 10 91
40234 7 32
224351 12 23
24630 18 3
466794 29 18
262608 12 19
617391 22 20
16593 4 26
2291 3 4
51698 6 10
500689 14 37
10573 4 6
3922244 39 90
37164 1 46
11386 11 1
291721 54 9
223784 4 37
969144 22 31
22900 5 3
74823 1 50
217783 2 93
18395 2 8
280631 17 16
888148 62 35
178836 2 93
4852171 67 76
583685 122 18
954155 37 47
1211670 27 77
861729 11 79
447067 49 25
22593 10 12
12410406 88 102
36551 2 12
1464462 18 72
6561 3 4
526565 7 56
568923 66 28
225250 3 85
699446 20 117
90562 1 85
106830 4 63
809843 11 53
91457 1 81
216555 20 19
54853 8 6
1246066 26 44
768189 11 51
514805 43 36
290696 27 79
809755 7 74
1902937 30 51
757486 52 32
629152 88 66
603754 5 82
1184247 29 47
2391453 48 57
10378 7 2
51325 4 22
25033 31 1
678432 71 9
27525 1 25
478620 20 19
482090 10 82
47858 2 22
299381 8 29
2067216 21 66
7046751 53 111
197468 35 9
2521138 72 34
8914 1 82
203053 56 4
554833 20 108
367171 18 17
206241 7 90
329125 8 65
50536 2 24
152090 3 40
387 2 1
1492405 51 25
48257 25 2
117066 43 33
10341 5 2
1269087 72 40
51079 12 4
2096366 27 96
213779 5 35
701778 92 9
144068 4 50
546758 26 46
2725 1 3
103067 3 69
38885 11 3
50070 1 34
149950 11 79
1016752 11 71
150925 39 38
9015568 51 137
9337 9 8
813553 27 38
19591 23 1
95660 3 30
167286 23 8
187469 5 31
929177 32 70
230087 52 44
8401 1 67
329684 16 15
99182 24 4
26679 1 21
37908 4 13
5680 23 2
899385 44 19
71561 8 11
35139 1 35
1953982 31 43
142159 14 15
3286676 59 68
750170 26 30
186822 14 27
822849 27 22
546446 5 106
3237832 35 114
364884 49 5
663352 6 93
249819 9 30
80398 4 19
347873 10 24
1311879 37 30
881296 13 45
2145 3 2
5338 1 17
136383 3 72
43761 2 24
597525 12 59
978353 42 16
5038162 44 74
255439 11 29
244442 9 20
170046 2 64
148649 8 43
1364031 45 34
9367 3 8
257461 32 6
1171180 80 60
75614 6 9
965267 20 52
88760 48 2
28901 3 72
47179 39 2
7290 1 6
1131200 11 74
428236 15 19
134789 6 24
192198 3 71
5023085 59 95
2331046 53 101
226543 61 45
62213 54 1
28510 3 19
1198055 40 39
14704 1 16
26630 13 11
731215 63 34
874780 21 32
642059 71 7
537292 6 78
7816 1 8
4130 2 4
81129 51 2
168674 14 31
36146 1 27
3464 1 4
378573 23 12
70487 21 4
13601 2 16
1550060 27 66
412663 11 105
513825 13 102
27724 1 61
349828 36 75
10102 3 16
2707603 111 16
864620 47 59
332512 70 17
96740 11 43
118926 8 17
42357 1 28
55296 21 2
191141 6 135
505473 90 23
1102568 57 50
662112 13 50
1522 2 2
141623 23 33
35357 17 22
832379 18 61
23110 1 26
322924 3 92
13606 12 4
1284042 15 100
499275 19 33
535947 11 35
1114078 24 51
1323522 38 24
8471 3 7
2201758 47 56
47473 1 45
9618 2 7
27296 4 8
604651 7 104
1312503 31 35
207427 50 24
124211 3 81
776432 8 102
181736 57 20
21476 1 18
23569 1 30
1270654 15 67
721850 31 19
165511 7 18
476871 27 14
674004 35 15
454428 7 47
20645 24 4
6823 3 2
109341 33 36
76558 1 76
262973 8 55
21885 5 8
16617 1 68
10745 2 14
4451 3 9
67765 2 29
85101 2 54
464542 5 93
13571 3 3
50807 1 61
55301 8 9
968232 25 98
108817 5 14
2231 3 9
226277 16 15
2365 1 3
836976 15 36
106615 4 29
376360 7 46
47055 4 14
284750 14 58
35586 6 6
616137 12 97
802136 69 81
487128 8 66
112347 4 23
308120 12 31
91530 2 52
317970 3 83
36757 6 20
466824 3 118
11505 9 7
16756 6 9
343701 33 86
50774 11 29
87270 4 14
1595974 14 105
20325 8 2
628344 36 15
137186 3 43
481129 13 65
1655220 14 89
27603 2 34
168228 51 4
23767 3 6
109520 2 55
473361 21 21
48535 8 5
1039749 45 18
1510434 23 65
58463 3 22
105598 7 24
2717880 35 50
330834 15 36
470884 15 33
8938 10 3
228408 3 79
798970 11 91
51113 17 9
115634 20 10
655252 15 34
123992 14 11
119542 16 7
79476 9 37
872603 14 48
64306 3 25
15732 26 1
2575699 45 56
100582 2 98
148584 42 4
17311 2 38
60605 21 14
2740 2 3
8596 32 1
34280 46 4
3417 3 3
120421 1 109
651667 5 101
48268 1 76
142468 3 55
22253 4 6
139656 7 24
2615783 35 67
1569419 14 80
514849 5 81
34948 5 7
2563 1 15
110123 4 22
37019 4 8
32234 5 6
127812 9 13
5637 1 15
541384 9 39
120301 5 23
388014 12 67
486984 59 43
14626 3 6
4742216 52 61
1583116 59 58
1576 1 2
277644 4 79
367016 9 125
142399 2 60
13738 6 9
15998 1 17
645388 26 20
2648614 96 48
593080 53 30
284478 6 39
75104 8 7
264188 3 86
2263096 16 136
187248 20 30
529420 22 29
407546 83 8
37670 2 13
1197018 15 64
9236864 54 120
26309 16 2
1098212 40 27
566176 4 99
1853880 44 54
72621 35 10
55796 14 25
233049 28 6
8319 2 7
48719 2 17
84612 45 16
76071 3 65
9827 9 8
2531 1 8
95378 17 45
442289 57 5
36482 6 75
8941 3 6
195293 52 3
642717 23 18
24725 3 42
91208 6 14
85564 3 24
74970 4 13
1483486 42 42
19432 4 6
38254 8 29
1017906 18 38
40498 2 19
31217 2 11
172661 2 84
5078 1 21
966798 27 59
3188 4 1
3226 1 6
133213 26 53
78955 6 71
561513 105 21
157169 7 95
49982 1 59
443609 15 85
55395 33 9
12119 13 10
12179 17 5
218623 20 14
58225 1 39
53283 44 5
244638 15 15
48291 7 62
1134217 21 63
215879 18 9
96082 3 35
44247 1 36
37022 3 9
184967 15 45
1601376 101 26
43768 31 1
139169 6 48
2353081 72 31
34582 5 8
577438 21 33
3470502 96 122
58289 11 5
648461 13 56
119806 14 8
5837 5 7
40996 32 1
96604 15 8
146442 30 8
99710 16 4
589579 8 92
35205 18 12
14583 4 23
409452 16 22
29498 1 24
1138784 33 26
909653 29 24
321007 5 56
90710 3 27
54623 13 40
8838 40 2
2605907 23 80
18886 3 16
1978710 110 108
57315 5 9
88381 3 23
30104 3 18
12765 7 16
6867 2 25
994606 17 42
23269 1 54
139469 11 23
21457 1 15
1083995 14 58
2650297 21 92
1052 1 3
164136 11 17
42127 8 4
129541 6 58
4444414 91 47
9648 1 19
63711 22 4
156202 3 51
75402 6 16
93355 44 9
136711 4 22
63598 4 16
415874 6 73
56699 5 85
333638 22 12
1275 1 16
148984 17 10
2610062 67 50
45240 1 97
582813 92 54
462709 13 65
2813001 45 67
94257 11 10
13004 1 9
16089 7 4
43600 83 2
3573 3 1
657 1 3
602556 69 12
148051 25 5
8031277 104 61
69233 20 3
924 4 1
51648 3 13
6519 3 11
915812 68 15
117029 5 19
5258 1 13
3664957 35 123
10376236 58 134
302090 2 136
461475 8 81
236308 71 4
236479 22 11
44612 1 37
391110 16 44
30372 2 73
2770119 20 114
101802 1 87
167001 2 63
281994 7 44
160787 71 2
2601969 48 49
15769 1 39
62315 2 25
65497 73 1
1324473 13 88
8490 1 25
7866 7 10
21490 4 60
250001 5 39
1328350 24 46
576303 24 23
1100062 37 40
6770 7 2
1248358 23 63
86426 4 21
38376 10 9
364814 8 58
1822942 25 57
321427 12 96
1576803 30 60
1619050 13 96
296444 9 29
2496275 57 53
103954 3 38
497525 7 46
162069 10 36
85631 2 38
1775617 16 93
362023 106 13
48193 1 46
711625 15 61
4862 1 14
12039621 99 113
58449 10 6
96618 9 53
2650548 36 57
15163 1 47
64025 15 5
4382026 35 82
3489422 34 67
1399946 34 36
13811 2 21
34425 51 2
312611 10 27
49700 2 30
43582 3 116
2053 14 1
26347 13 4
107163 23 50
1397041 22 46
105455 2 55
5301 2 11
457062 4 92
127738 26 17
50713 39 2
1528996 28 53
4437 1 4
807993 19 111
104615 8 100
198308 4 52
171413 47 19
511396 6 70
1913016 24 66
2922263 106 26
624724 28 42
45864 1 41
19951 5 19
514943 13 32
158725 18 29
46194 6 61
1408868 36 39
324185 36 11
40707 2 82
3370037 36 61
574696 25 89
317856 76 4
1408076 53 17
227552 4 42
51465 2 44
1891 2 7
44699 1 42
748598 28 104
22914 8 7
336083 26 47
957378 40 30
424359 18 20
896237 18 75
8267792 74 87
26031 2 11
828 3 2
431709 27 12
94281 31 2
2763706 30 137
4715 2 3
59642 1 42
1111621 11 71
27343 15 14
855097 22 27
11437 1 18
215767 22 38
1332497 32 53
1139609 47 17
6940 19 2
17801 3 4
865404 19 99
11351 35 1
176497 50 4
530407 62 8
23704 5 10
4224062 98 53
6962 3 2
2609082 52 45
640169 7 66
2501772 19 112
134161 27 4
83368 10 9
2552711 56 57
3047783 38 112
65008 5 9
305781 4 60
4350198 36 104
287407 5 73
108340 4 46
411086 31 90
907422 15 43
220368 6 38
4921 4 2
7471 2 4
1886619 59 50
284297 11 22
153900 13 12
5768 1 63
55444 2 28
548534 100 26
956931 23 48
655375 77 26
325879 29 82
256954 14 29
25717 1 26
73159 6 10
148754 6 20
547935 24 47
3274758 51 78
28456 21 11
50984 2 30
161708 8 52
133035 7 16
457052 11 79
64666 1 64
1390722 25 46
251622 46 4
16212 64 1
883900 43 23
449111 7 75
430486 9 38
241700 21 14
277194 30 28
30667 8 4
72692 11 31
346130 3 91
2480235 25 84
220927 80 4
459342 18 19
10635 10 1
178636 18 31
4590624 60 53
52801 10 5
2346831 41 118
9316510 95 84
1727265 65 27
120121 3 34
45655 16 11
55395 6 10
273110 17 68
19048 12 17
54402 15 4
163418 35 5
48464 5 12
6902003 47 99
687431 35 17
1790188 48 47
46772 2 42
38564 3 16
21781 19 7
19285 2 16
25759 7 5
65849 1 48
133317 13 10
697818 8 66
1012655 48 31
2914414 51 66
915580 39 30
69214 4 12
46480 2 16
242217 12 41
1542411 102 13
890205 63 29
114482 5 27
39797 17 2
13837 1 9
975248 17 63
362551 17 36
982 6 1
442039 17 30
402610 50 8
348185 43 10
4213 4 1
663809 6 118
25881 1 47
234404 19 12
203544 3 56
14776 12 1
29788 9 4
404176 25 18
732647 55 23
166581 18 11
1290290 32 27
380880 12 53
24249 3 9
553929 37 17
285969 3 96
630020 21 60
1418309 47 24
289773 15 13
55569 8 8
50963 10 39
375504 9 30
1572995 37 34
137375 9 53
273998 33 44
1989817 31 50
408891 22 73
47279 1 59
6920647 69 76
7369 9 1
165272 11 30
69344 4 22
148724 5 24
4180 2 3
1156163 14 56
209735 14 14
3583784 22 109
4926 4 2
3095910 43 89
8134 2 14
82046 5 66
72762 1 62
3140 6 4
153413 2 85
27288 1 18
15867 5 23
154213 5 47
68731 7 12
131021 7 25
55027 5 29
110860 3 35
974275 39 30
72289 6 14
1530832 58 49
220549 7 58
643032 39 84
5029485 35 118
598945 62 11
1636636 93 15
953995 28 31
120684 23 14
168804 7 16
7287627 57 94
599058 24 21
329703 9 41
408604 5 65
1310400 39 27
31111 3 14
65656 1 44
804378 14 74
81034 21 3
282983 13 22
154548 63 4
87822 5 12
139864 18 5
245155 17 14
50482 5 57
3312 4 1
696287 7 115
41794 2 26
156577 45 4
230687 17 62
164307 27 7
1163515 26 29
47233 1 40
2203 1 10
329952 24 60
384436 6 61
740364 31 23
166690 13 9
96497 5 67
100297 1 100
1179694 39 24
127212 32 7
455025 24 16
13351 1 107
419426 7 67
12073713 81 101
4803503 69 74
17231 4 28
215819 21 40
84892 11 52
1061475 11 81
90600 14 63
15475652 107 120
15677 4 32
527465 10 40
21293 1 15
84337 7 12
119504 5 57
638902 14 31
42522 24 9
6987 1 7
34048 3 12
316685 40 7
55272 13 3
1427666 43 39
1830658 32 40
861754 41 14
67041 3 85
76998 1 64
35156 1 25
27848 10 15
8430 5 20
255278 25 25
55888 16 4
775309 24 63
1039747 11 63
390286 6 105
6122 3 7
1472331 29 81
159607 2 79
4382 4 1
237134 8 65
52272 1 46
551104 16 56
50656 1 38
2783265 51 53
125832 23 6
626530 16 55
56674 14 6
680312 18 60
41758 10 3
134573 12 14
491097 9 40
1411237 70 19
83193 1 57
97656 5 14
2221883 52 124
363230 70 21
28628 20 1
665871 15 32
751 4 2
39714 7 23
7276 6 3
1453887 21 48
4387 4 3
104189 12 8
42026 26 11
529 3 1
679471 10 45
64384 23 2
656749 16 42
907511 45 40
12478 1 20
28317 22 1
778105 16 57
6356 1 49
54958 15 35
424316 16 29
17507 1 56
39348 10 26
28171 6 31
93774 4 34
257988 36 8
552523 16 34
396337 38 9
19499 2 72
310203 55 43
147438 27 69
239173 6 37
2249128 75 22
60626 1 70
653534 68 7
206632 5 34
3142022 50 56
476310 60 6
9595 1 9
731785 40 20
663944 12 44
31266 3 12
764804 47 12
2998301 86 29
11289 2 4
675222 11 70
12486 3 23
1543183 114 34
135520 3 124
36152 2 42
153592 15 8
270744 14 20
82315 19 38
36249 2 17
84424 13 59
10941 1 53
7773 1 7
2601412 37 80
137083 1 110
177552 10 49
424050 3 94
135841 2 71
97357 16 7
29950 7 37
23383 1 24
23490 2 55
4147444 48 99
2173779 42 48
106455 21 24
43498 4 25
221328 43 18
4753 1 38
104400 20 23
65108 2 29
700973 54 15
191629 6 63
27363 1 28
1622612 10 140
201150 42 13
714962 16 47
308370 9 47
76877 9 19
400156 35 11
1552792 99 16
180839 8 27
853451 18 34
2905673 75 27
3719 4 1
742717 9 62
287778 8 39
1775 6 1
503282 18 103
318806 30 9
196186 4 109
1033745 15 65
1020778 60 14
5621 1 10
397064 18 18
19051 2 83
11864 4 3
13705 22 2
30707 29 1
5987147 53 108
260657 3 65
51434 4 13
1285048 9 123
163182 39 10
94385 3 39
1073423 34 49
2050132 26 86
15668 1 35
75692 11 69
106963 2 47
63271 6 10
2226372 35 44
47313 19 3
4148771 84 65
406579 48 9
29752 33 7
647780 15 30
88775 8 11
2766747 25 87
63901 1 41
72210 9 50
401369 21 53
5611168 60 85
1704 1 12
1884635 55 64
72160 30 3
34902 2 19
18046 2 6
1455 3 1
1079353 34 47
829507 61 36
438257 15 74
10741 1 27
1069193 7 100
914701 40 26
142544 16 10
1208591 19 98
1520351 19 55
78676 1 61
47771 1 47
302896 35 6
142995 4 24
379136 18 22
5083 21 2
25303 7 4
948716 65 16
116859 12 12
63004 1 44
1242887 30 48
6157 2 4
283948 44 29
824208 64 10
7646 1 5
677784 8 92
70259 17 18
91872 20 7
6887 3 15
6537 30 2
7820 1 7
66489 6 41
1355333 30 44
125417 4 134
332809 21 11
812981 20 46
971 2 2
82874 13 7
49609 3 11
141338 38 12
342037 19 43
39198 1 88
437546 70 5
1068526 10 88
245231 22 14
4511998 56 61
20662 10 2
150483 5 32
1836689 25 79
139832 1 109
46933 7 13
126577 5 30
208363 49 50
3279571 69 36
5222404 38 107
64113 10 7
101268 12 9
35061 2 53
1255202 20 75
21383 2 9
4480223 55 56
204993 21 59
153504 5 75
124706 6 16
33034 6 19
143736 11 16
1540340 42 30
649374 42 15
351244 25 40
4144824 76 38
3408077 35 112
28451 4 63
140618 1 90
69799 25 2
681327 111 19
53566 1 58
324704 32 12
262338 4 60
284376 12 16
1752695 29 42
124087 33 3
153148 9 24
77390 11 26
35828 5 9
14126 5 3
21862 2 10
2073990 37 49
141257 7 20
667773 28 27
212660 59 25
50666 20 2
400891 13 60
261446 10 27
396771 8 51
2105480 51 39
29312 11 2
382001 15 22
706858 39 17
880193 8 74
43103 18 16
48409 2 19
73813 1 51
14898 4 37
155279 22 41
116225 25 5
125898 12 12
47452 2 16
8342215 62 102
596257 23 35
1605640 24 85
316394 16 41
110347 21 39
30034 10 16
1489351 95 23
1100816 15 58
2692 1 3
259917 90 2
147257 4 89
1054915 17 71
795483 17 87
961066 24 37
635929 14 52
57739 8 9
626222 31 19
70979 5 91
244365 6 41
2004662 27 82
882171 16 65
79797 15 17
385859 6 91
57278 4 68
110245 3 45
353412 18 16
9744350 113 81
11926 1 8
4426121 83 52
460099 72 6
62203 8 22
70956 6 59
54413 5 8
2406760 19 91
215092 10 16
119651 2 44
388113 27 94
4920802 47 109
26406 2 111
100858 28 15
182064 47 5
2342292 37 58
385331 14 73
37298 3 20
50849 4 14
1897026 10 122
198380 65 10
207170 51 4
1834266 30 43
286416 2 108
22912 14 16
431902 7 41
68930 7 10
818598 13 63
274196 14 50
163132 19 10
107176 33 28
1952921 22 96
1685452 69 27
67165 11 11
1485910 15 117
1112728 10 102
71465 2 81
1601584 62 91
139396 8 128
316703 43 9
59859 1 71
1071988 50 14
37642 13 9
157841 12 11
24814 6 3
2712202 56 37
9368 3 23
443630 6 96
4008294 117 42
213640 3 88
189472 10 32
7199590 69 71
34619 16 20
822270 25 26
33081 1 29
682578 19 48
34430 1 48
1366783 24 44
55684 9 13
30504 1 28
2824620 35 96
74018 15 13
257693 5 33
103348 13 35
1865386 27 62
90317 6 21
998078 13 75
10064 10 2
38631 1 26
12144 13 1
1022123 8 90
167358 19 17
39692 7 7
164863 23 7
3385021 42 58
386900 7 73
12732 7 5
439742 12 52
390714 15 58
1069163 18 43
152610 5 52
1019135 15 53
338217 5 95
45432 2 59
998743 7 96
234034 13 18
30820 3 28
625844 50 25
70703 5 32
36158 3 11
782093 39 34
247385 7 84
9547 5 4
9794 2 20
509453 30 19
1640103 29 61
9803 87 1
77857 5 61
39024 3 10
64304 2 24
487495 8 75
149754 3 38
5044 4 8
69819 2 45
41080 3 14
39477 9 5
98574 50 17
962108 15 64
32674 13 27
2258003 35 42
13771 1 26
41392 5 6
194675 6 41
335614 39 64
467122 5 70
47294 6 70
95169 3 38
1513330 17 68
817418 27 37
154625 4 29
29669 8 3
316290 6 47
136546 3 42
572303 32 55
1192 7 2
9730 25 2
3197 3 3
882877 18 44
104957 8 12
306088 3 76
2995238 39 64
228866 16 12
1647 17 1
76594 1 66
1374076 15 79
51888 6 9
33715 40 5
43328 5 29
154049 5 30
90347 4 73
39332 19 6
254737 78 21
508011 32 27
98778 8 15
419812 12 43
476931 36 13
51821 31 7
482342 22 25
4895 2 10
1508321 21 53
73426 19 6
46458 23 7
239193 9 27
379606 16 22
691851 15 35
663 2 2
29970 22 2
234852 59 4
41630 10 22
141060 5 39
336924 9 27
13203 2 8
535034 10 37
1685274 23 47
302242 10 101
4588206 53 87
95519 1 70
65369 2 26
1913752 74 25
42382 6 28
98877 6 15
88949 10 11
699946 46 50
221852 43 5
87620 2 61
1903616 68 57
225127 19 101
513977 8 82
952661 8 103
32567 27 3
700187 5 123
132539 4 32
16818 12 7
396425 4 75
76736 3 31
906681 18 39
1772536 50 39
194119 3 61
12831 1 10
54945 1 77
131988 33 15
517 1 3
676219 45 78
697605 18 46
9894 2 5
399013 7 122
774438 58 16
2154 6 2
1836800 33 67
15838 17 2
299899 4 72
274542 20 19
796545 31 25
31156 51 1
41645 2 16
88237 7 14
359218 32 29
15986 9 20
217999 11 40
67038 12 7
188136 28 7
29804 33 1
1339036 23 58
139209 2 74
72791 6 15
919240 52 18
736054 63 12
4904 1 8
73154 8 10
8350 3 5
23682 4 9
22985 7 12
184837 36 34
217554 25 55
46993 11 4
1090412 36 25
258923 4 55
47427 1 39
47331 1 45
1334609 11 83
1614207 19 55
849023 16 54
117731 20 5
205 2 1
8278 1 9
5424 4 5
43643 1 53
1099345 11 88
25240 5 5
596716 49 26
10187 1 8
85223 3 26
90491 9 82
3891357 38 85
37766 1 38
115059 11 16
26038 5 4
3690608 48 88
1139027 104 14
24450 6 9
2439811 54 55
10370970 86 89
158174 2 95
246212 18 16
747732 14 46
2757086 63 48
24064 24 12
50761 2 23
3807475 58 63
801295 19 53
972642 32 33
46713 6 5
733022 8 59
2461 2 14
1063262 47 19
112814 2 47
1480629 27 66
112751 11 56
78081 2 26
1996753 16 98
227911 15 15
453316 28 34
1934 4 3
27359 1 24
135320 5 44
337 1 3
1259711 23 48
63704 11 6
394249 14 25
428598 23 19
46452 2 27
42592 5 89
780859 54 11
1099244 54 36
13966 4 12
152444 5 75
2975 1 7
124298 24 9
6587 17 3
2693 2 1
13729 7 6
437324 28 11
304724 20 49
4173 4 3
94968 10 11
238940 38 39
28310 8 4
2682540 99 31
18786 6 4
318854 5 48
153975 5 36
219877 61 20
544010 120 5
49111 2 22
45747 16 2
71208 48 9
63490 10 51
3758576 29 95
28654 2 10
17926 2 9
2979 1 23
1429624 96 19
3004 2 3
222810 27 8
540640 37 14
333856 39 65
54178 4 47
20433 26 5
683926 38 37
93693 29 4
1755118 21 121
2711633 97 41
61718 12 29
4760891 41 90
197324 41 33
33492 9 3
19843 1 20
165118 4 46
3630 5 1
58080 2 78
590281 57 14
36411 14 2
375914 14 20
11168 1 10
68538 2 45
38129 15 2
13691 4 30
514473 15 28
4631315 67 69
4445130 32 107
9361 1 13
103946 4 46
14380 1 12
35134 1 42
424904 13 127
445247 3 105
52730 2 25
309034 6 52
66815 1 59
23919 1 18
62914 1 45
59512 52 1
214595 22 8
9254 1 35
1864077 13 105
508290 24 45
9332 3 7
27271 3 20
3001882 38 70
139613 1 90
25590 9 6
61352 1 47
580575 17 41
2075614 26 76
50616 2 30
285780 13 33
297086 11 27
2454219 50 47
47449 4 11
875476 17 36
111749 4 24
333048 10 33
632055 24 28
574735 15 94
447144 20 19
349387 29 65
7396 2 20
207385 22 21
2215679 29 57
613523 9 72
20369 3 7
1208241 9 98
1524302 19 61
135210 7 18
1632537 68 19
887783 9 81
1910184 64 84
45510 1 90
180955 6 22
32487 22 2
115562 2 53
392402 10 45
70401 17 16
283327 42 28
398356 12 86
78334 10 9
43844 4 29
125716 17 16
12153 1 15
16223 46 2
6573 2 22
20696 1 29
33053 1 27
105343 5 17
11179 3 3
488889 29 13
46390 4 13
53491 39 2
2267295 30 67
1104629 11 103
20250 2 12
1607628 15 75
76609 18 38
939394 30 22
63493 6 7
297571 11 27
8149 1 46
117800 2 108
2587714 68 30
143222 6 26
1209111 14 63
42758 5 8
339307 29 10
3684 1 8
5371618 46 102
155702 2 71
1026962 7 110
12549 8 2
627 1 1
328714 10 38
67741 77 1
20164 12 20
26140 9 3
715430 25 33
794114 17 33
11871 2 4
3443666 56 79
6043 2 6
326623 144 8
13182 4 3
146425 5 20
213263 3 74
733783 26 46
193990 12 112
177030 17 13
4277 3 1
89908 10 8
225455 18 22
209721 14 16
93219 3 31
10514 2 11
108385 7 13
434292 22 15
58240 5 33
63059 1 51
416533 38 26
123694 66 2
31328 7 23
68448 1 44
352154 10 61
3677233 42 83
117273 31 8
554259 4 108
232563 8 34
298853 8 68
126558 30 5
57552 28 8
215034 10 14
490193 4 91
4050 3 1
45283 4 60
257460 31 31
556842 14 46
143590 11 13
761663 10 64
7806 2 13
20470 1 15
253687 4 76
104618 4 17
3136647 37 77
1763370 24 70
276715 43 39
1329610 19 71
418671 16 26
4215146 39 91
385083 5 100
61351 28 24
145543 7 30
40268 4 37
1042361 7 97
144357 1 129
4174 4 1
115550 3 32
35055 6 4
79947 5 16
93214 4 18
18036 6 4
1083131 16 48
2006891 43 56
687223 58 70
215166 20 48
1078821 31 41
221124 11 13
29558 16 2
224254 3 82
5275 2 11
434902 23 30
2035646 33 51
21112 7 3
126193 26 58
231133 61 4
228463 39 32
1037019 15 79
48647 28 8
1039409 12 77
122455 8 10
16164 1 60
165769 7 22
3738781 45 72
1026146 18 68
62572 2 21
23213 34 3
31961 6 28
265709 35 17
864535 7 79
1674245 46 44
224237 3 68
130163 2 43
152160 35 3
9534 2 5
1686 1 2
192496 12 19
1070027 46 67
22985 4 57
127859 18 16
10858 2 5
3681 1 14
3172120 43 72
43953 2 17
2714 1 5
182419 3 62
31950 12 10
474062 30 36
121695 4 39
1049899 58 20
21050 15 2
15927 2 8
89972 13 7
205695 3 58
142630 1 124
164870 4 110
7694 3 4
135624 6 21
19289 1 15
1619 4 3
2428118 42 53
103817 2 49
26794 19 1
253850 4 56
3069492 71 41
2788611 60 56
11839 13 1
8048604 56 108
118997 8 12
303784 7 119
27274 3 58
691 1 3
3460170 45 69
35944 1 44
136743 2 79
91537 20 26
151321 15 9
3254285 41 111
16610 2 6
12768 1 16
84738 10 7
530063 23 50
65703 67 1
4598 3 5
19930 3 8
92214 3 30
1060273 37 20
379166 16 31
69283 3 28
1353798 15 95
31902 5 6
28139 2 10
1398617 14 81
74681 3 26
24779 2 18
4087725 109 31
2206642 35 108
8561 25 2
1219574 13 80
48738 37 1
1449754 90 40
8262 2 6
960281 9 114
22011 3 6
812643 48 14
4261370 48 58
996713 20 49
7932 2 5
169682 83 19
3889713 32 78
65114 2 21
5160517 55 107
327147 5 57
1319472 59 23
8144 1 61
4374 4 2
694584 20 105
19533 1 18
127228 21 14
32664 11 4
1844058 34 36
97632 1 92
2697490 33 102
57072 4 37
2811688 39 50
17292 1 21
6154956 71 82
15260 19 1
62333 3 25
12195 1 22
6620 2 3
600183 14 30
41726 1 41
209647 8 17
601798 23 32
418480 4 81
1051574 30 32
489808 58 12
1202778 41 19
37284 50 3
3939 8 2
2796291 65 70
409117 34 30
24306 1 25
6702 5 1
832523 11 51
113539 9 16
84297 1 64
22990 28 1
134301 9 61
789402 13 42
3821112 49 51
83970 13 26
26741 13 5
5887 1 5
422019 10 64
936095 11 69
45065 12 5
10685 9 9
1116193 24 30
3538991 56 64
697022 50 16
2569 1 2
591736 23 28
1069091 29 61
528256 28 139
394792 14 26
921062 12 69
338157 7 136
31351 2 11
687277 76 112
46376 15 2
348408 5 82
673351 9 56
760733 54 68
162476 19 18
251578 7 26
970627 26 30
1438551 11 121
9596 1 9
285559 15 19
137694 4 25
4052316 74 43
1373578 48 23
2269382 55 44
117444 2 42
1264087 27 68
1338320 32 37
720816 59 9
34127 27 14
318364 5 50
401299 7 45
813317 26 71
64336 1 51
58386 23 5
213743 10 40
446462 15 53
3410370 36 79
9891 5 2
6141 2 3
176582 34 6
1280 1 1
19692 1 20
1902872 18 91
1679603 84 26
136854 4 31
3398 1 3
1309660 111 66
1166189 18 55
30428 25 1
3851291 42 72
45802 1 36
1059011 63 11
1360001 29 65
364046 20 16
31262 4 11
587280 33 19
1775873 57 36
2726 1 10
16494 1 21
1096247 22 47
315212 18 66
194811 6 78
105416 11 112
16968 14 1
43409 3 15
145774 8 15
8135831 59 121
28410 3 10
7985364 72 92
208530 11 49
626205 11 39
2024541 19 77
141919 11 13
1025309 39 28
3269 3 1
270349 5 55
68770 2 35
155651 6 30
7313 58 1
36842 7 6
152046 21 85
652813 79 8
2005092 87 16
203412 34 10
46451 7 8
183759 4 39
2860280 46 59
69416 3 41
31115 1 29
208598 12 14
18540 2 27
32485 2 85
313789 27 11
4046 1 5
290565 23 28
89894 5 18
1252105 14 66
94039 6 13
407428 12 24
16165 1 19
325087 16 13
91557 5 12
1178363 13 62
28063 5 65
30892 24 4
573410 41 22
1320143 70 18
469450 4 76
4466344 58 75
9820 8 2
49796 4 12
960345 31 70
1524002 104 18
1018284 31 72
302987 15 45
336031 7 35
54718 5 10
3569 2 7
20301 3 5
12216 2 6
23865 1 18
122404 11 89
1213144 60 23
400760 35 44
599404 15 42
471657 16 19
319697 4 81
149850 3 33
234566 5 30
1007951 46 21
977543 23 32
1305447 9 97
116354 2 88
24287 1 17
37352 1 42
1990583 33 69
771823 94 7
15823 2 36
312770 6 52
299804 4 71
37419 18 22
12109 5 3
85098 2 45
310951 4 78
282836 16 17
23986 4 10
201122 18 13
9974 3 12
251401 7 38
180368 2 74
2161825 38 56
1380512 91 113
242073 20 11
24780 2 22
123060 2 135
2520001 54 48
1656033 33 37
961389 11 62
115861 13 68
211913 5 43
38467 1 28
308501 8 60
1232147 57 21
188341 3 62
8756 5 8
837243 40 42
31639 9 3
239983 2 91
235172 20 15
8198 1 7
34223 6 11
99811 4 20
420700 30 67
1550615 40 30
274267 28 10
1709182 44 41
72223 10 7
26935 19 3
16128 8 2
434023 9 43
75791 25 37
1012129 42 25
103752 50 4
46637 2 24
27464 2 65
5605 4 9
98820 3 27
1357447 17 90
86721 8 8
2852426 71 26
6623432 48 109
3969366 99 40
656990 31 35
209811 9 22
704278 16 103
17378 2 16
133788 11 10
613108 14 81
14046 6 2
145903 4 31
2036192 74 20
557086 29 24
1799330 22 138
389274 15 30
3653 5 2
1507892 31 32
8523 2 24
890685 21 32
35926 53 3
689354 6 107
330193 44 14
35258 8 5
220154 7 35
192812 48 3
24789 37 1
1020080 11 65
2020678 38 61
292532 30 56
35457 1 64
84794 62 2
253018 5 39
5929 5 1
68356 5 13
78456 2 45
134768 3 63
186869 28 5
493038 17 20
68675 7 7
94405 5 22
32490 1 41
94319 36 3
13411 1 18
48332 5 20
94180 6 101
1324076 14 90
35885 44 1
1076186 25 88
171446 5 28
118218 33 12
14504 8 2
133886 2 88
2747111 23 120
108139 9 41
5620250 47 100
1907163 35 91
17215 3 12
1564455 25 50
28011 12 9
147351 5 32
507949 42 45
231885 17 10
12685 37 1
175856 21 84
2599312 21 119
45616 10 4
1138415 42 26
28977 19 4
9704 2 5
262537 3 61
174676 7 16
345478 32 37
1562 1 4
38183 1 27
151219 6 20
431969 7 72
32314 6 5
73020 18 3
2201913 23 78
194014 5 105
1319953 115 12
698557 7 113
6164 2 4
20769 16 6
196536 56 19
132093 5 30
79361 2 28
855 5 2
188342 11 46
35583 6 5
84186 5 74
11631 1 16
413084 36 20
44986 5 8
295094 7 35
32447 1 35
5306882 50 87
219156 4 66
375891 10 28
2036 3 3
252567 10 20
474785 10 46
5995907 58 69
1293707 15 70
194588 25 80
492266 18 40
24711 16 1
30484 1 93
788511 8 82
152896 19 37
226108 7 31
1131844 46 26
592593 22 24
4877292 59 91
261772 59 5
1931474 14 119
2791 2 1
281297 6 43
6395 2 26
368447 10 37
7594 1 7
8631 23 2
321823 3 85
23556 2 12
9194 2 4
312227 26 26
143117 11 32
4944611 38 118
36654 6 7
1118320 15 91
203289 5 28
3040317 57 50
135976 40 25
822715 35 38
1036695 17 51
146720 17 26
291664 9 101
63182 6 21
29823 3 44
1533788 23 72
321388 6 93
189914 3 104
70783 7 40
283775 8 33
168454 9 20
31013 6 9
375931 22 142
40579 21 2
10883 2 6
359271 18 21
168003 6 32
138618 4 39
81209 1 86
66546 3 49
97818 18 10
124612 5 31
10328 1 20
385004 4 62
18959 5 23
91072 3 29
368580 8 47
25384 1 37
38642 1 90
534008 11 37
782753 9 60
794321 36 43
2849856 26 84
2071233 20 107
41075 8 46
1755639 18 77
131983 7 30
24187 1 31
200908 8 53
92104 16 38
279414 13 45
289044 56 45
814251 10 74
99438 7 16
133540 8 28
38081 16 3
992884 22 66
97183 4 29
737006 67 8
3082664 14 144
1720569 22 55
25948 3 35
21212 3 16
419939 18 64
11328 1 29
59226 12 21
106010 3 44
41477 11 4
263740 61 3
3818355 27 96
1542675 26 61
749387 14 75
52877 3 57
7986192 72 80
1064653 19 41
108086 13 45
3730 14 1
11860 2 6
1177544 28 66
243866 13 41
934 2 2
152277 2 107
1201358 22 53
168065 53 5
45954 37 5
50027 2 24
9455 1 11
8080 1 8
156546 19 8
3038972 64 53
1332554 40 34
1478284 18 79
348189 3 98
243859 56 4
395330 7 78
727221 15 50
1029059 38 23
32429 18 4
235130 35 45
925400 12 78
220544 15 13
139399 11 38
165082 35 43
556787 27 20
1435853 48 23
57644 5 14
2036108 39 91
110937 10 12
3713377 73 40
26460 1 25
152344 19 8
704737 35 21
347692 25 42
87913 11 90
629432 34 76
1557499 25 67
2505052 39 85
446044 31 13
63807 7 6
11188 3 18
3804552 67 42
3708 3 13
95109 63 1
42226 2 24
35869 3 10
65687 9 7
112400 11 78
18654 2 38
45711 99 3
40648 2 13
211521 12 58
789377 24 26
49621 9 4
781536 15 91
98592 3 22
163985 30 46
582951 55 90
5838 18 2
921631 45 22
149401 21 21
133801 6 38
484949 15 22
31365 7 5
459004 10 31
606320 12 60
954570 21 55
606237 70 33
241932 11 57
4808 2 4
107781 7 55
1508516 56 54
14655 1 84
124014 33 13
937539 110 85
690510 31 21
4348487 38 114
805528 10 67
299913 27 10
480357 11 51
1088423 32 33
4173 1 4
27065 5 4
141129 40 3
4051 1 5
334471 21 26
89479 1 101
68171 22 4
1474992 94 21
32499 1 29
1482872 20 63
926677 19 47
1730691 19 106
1166160 53 36
1991792 22 87
14010 2 45
964545 23 45
701271 65 8
2104 1 2
270928 4 76
962407 27 28
4538 17 3
141890 3 54
40052 1 32
54710 8 8
2546809 56 56
1077183 57 90
62676 7 8
53259 1 43
294268 12 44
405599 6 67
652449 44 64
1127951 16 82
98469 5 94
3577 1 37
139489 63 2
759417 7 92
2402 3 1
3204941 37 67
368572 5 65
414620 11 29
76187 17 6
250774 15 14
173776 1 112
2979068 27 84
147977 8 43
298311 5 62
4592 4 1
240172 5 37
72095 10 61
553800 15 29
445115 47 10
265431 22 10
709175 27 18
2197873 23 76
562464 12 38
1145932 35 27
143949 15 8
4295318 76 50
22663 3 19
489471 35 13
90582 4 53
113470 14 8
3661 6 6
393537 15 40
1053052 45 28
1383613 21 59
3968867 32 109
557531 12 57
7277 2 20
47335 35 1
7888 6 1
546249 6 62
718347 22 39
64567 10 43
104918 7 23
2982135 55 36
665701 28 30
739292 23 24
156949 2 76
1120971 16 60
133540 27 4
690156 32 17
718903 20 44
5686 9 3
8483 4 4
730460 49 34
6305 2 4
83110 4 18
1479134 12 81
226852 39 15
574369 38 15
97070 16 14
8036 2 12
196998 36 5
467922 30 15
3505085 39 88
420719 45 9
994530 19 50
157001 17 11
103727 12 109
293621 29 31
1749841 93 53
14417 1 18
40794 1 43
1710202 24 91
224381 4 57
1827 1 9
191890 24 24
21691 17 10
239635 26 39
2759 1 2
173840 13 17
338069 30 27
32918 2 11
999267 28 42
2704755 19 93
28971 6 4
65986 2 44
484443 97 6
520089 5 81
141619 1 98
494702 17 38
103834 22 12
2273 2 1
145749 35 36
43343 1 102
27026 1 29
1078488 84 93
7342 3 3
762 1 2
1790626 44 81
1072606 13 58
89 1 1
226951 7 25
84139 6 36
26542 2 35
110452 13 9
133868 3 32
5973936 39 126
63624 1 75
3759648 52 48
4304851 76 59
177467 9 21
15959 9 2
469501 24 15
110762 10 79
93466 9 46
5024537 72 57
158037 21 6
41349 6 5
191689 12 14
1597 2 1
3212 1 5
5015 4 6
55531 1 44
399495 17 40
915 1 1
31492 4 6
738010 32 26
63961 11 50
451957 10 37
133168 25 4
728902 12 64
607 1 2
23054 6 3
869 1 8
41545 4 21
162948 4 33
1610389 35 30
8818 9 10
17461 1 22
32943 3 11
517216 9 45
1932040 19 80
15843 1 15
345874 8 69
111677 7 24
616522 7 57
1857594 33 63
159172 3 54
161496 5 27
2786051 20 92
1310 1 12
3943374 58 68
296162 7 40
426658 10 31
277564 49 5
19548 4 17
70302 1 75
8183 1 6
69623 31 12
47791 79 1
102728 3 43
7489 2 29
433177 77 6
48550 5 22
216684 9 65
734108 89 11
152139 38 48
709872 20 25
260645 4 46
232620 17 17
1347366 97 11
46764 6 63
70330 16 4
1389593 20 81
76336 17 50
325195 29 74
7353 5 5
78689 1 53
17648 13 1
477085 6 69
23802 3 32
57475 5 9
115252 38 24
65260 26 31
402148 46 58
132490 3 30
2441555 64 40
640324 9 62
443468 23 67
29677 5 11
3698629 37 82
108082 5 15
2223497 51 34
134309 3 31
6583 1 7
28479 2 20
111330 45 2
31994 5 36
6234 2 3
30699 10 14
12022 1 64
1835992 25 65
6766 1 8
814434 28 26
702701 52 103
517360 5 70
119706 8 55
1311776 11 117
82502 7 20
1561281 106 11
627609 27 24
129794 19 30
380272 6 53
8922 1 10
26981 1 33
1226218 28 33
135900 1 90
535015 36 22
533131 6 81
232698 22 10
344827 9 132
2991642 118 18
31134 1 38
86576 66 2
29015 4 8
8259 1 7
396793 15 21
1143 1 8
366493 8 42
214865 5 38
477732 12 84
2659662 83 40
130953 9 14
241198 42 5
1286023 35 81
1333414 22 75
912961 37 30
3074328 25 94
448514 30 16
9930 2 4
46838 24 2
4253655 50 132
424108 77 32
21638 6 4
31668 1 31
4557 5 1
24521 26 1
194525 36 5
1562750 67 19
450780 6 60
11858 10 12
70395 8 10
85236 8 12
172678 27 5
154654 30 20
1500003 48 74
646649 19 35
503661 8 56
280940 6 31
840332 25 29
427471 20 16
1061867 29 47
1517931 33 86
51304 11 3
12416891 84 124
10242 11 1
60482 8 7
33454 6 16
931551 14 71
41434 3 10
1265863 41 56
341211 17 86
779267 9 79
2635390 92 22
19074 2 94
609078 14 52
1980259 23 85
9978 4 3
1465 1 1
101939 7 11
184031 2 71
15634 1 32
727872 17 40
22552 2 49
18081 2 16
1107045 25 140
32437 3 22
3579 4 4
53598 1 48
36579 1 34
21343 7 3
433184 7 68
116961 31 44
394609 31 120
34917 20 2
32079 4 88
68200 50 9
257378 3 77
3701 3 6
79842 1 57
76798 4 23
480352 22 26
300576 26 54
258930 30 28
123699 2 64
77724 10 7
1013 1 1
1046562 13 87
357000 44 6
9796 29 4
15518 3 24
51677 8 9
110334 7 26
70975 2 25
885843 33 23
238185 25 10
2748542 54 88
820489 15 62
5810757 64 62
469566 29 68
1143665 96 14
278629 32 19
175838 2 113
418083 31 17
2633508 44 97
174670 32 6
4662 1 53
260258 38 5
307060 24 14
18885 2 38
122642 2 67
27112 3 7
61480 1 43
5133746 70 56
1083446 18 45
501721 9 45
454581 19 18
509419 44 22
290931 4 79
3898789 38 72
68929 29 2
410272 8 42
22800 1 19
45780 5 9
8446 4 5
19264 1 22
307234 13 18
77927 11 19
24101 1 21
164499 9 15
257935 35 9
4844 1 4
700498 23 59
16261 55 3
989351 26 42
11735 4 2
997881 17 120
102243 3 56
48540 5 108
29705 62 1
165918 15 14
151013 8 17
66782 14 6
38009 1 38
290340 36 96
1689738 16 95
171787 6 52
74275 1 55
243759 9 94
1134744 15 71
2326231 31 62
117666 9 10
50969 13 5
22603 45 2
326237 3 96
141632 5 31
7043732 65 74
26526 1 27
45274 4 12
923612 27 29
14953 2 46
75724 8 25
72946 7 7
27674 1 20
87534 2 52
163485 6 91
1050044 10 77
1172769 15 80
27513 28 3
389209 24 31
1219322 74 118
34848 3 85
11211716 84 126
31492 4 7
49766 1 32
35003 2 39
1125 1 3
2875 5 5
1233 6 1
1298956 13 96
37438 1 49
79221 12 51
55354 1 60
320725 7 39
3819 1 3
119959 11 17
592807 8 105
43556 3 12
16774 15 1
659681 14 51
99501 4 38
123008 2 102
4800678 35 97
180474 6 101
1216069 10 119
288669 3 80
205505 40 6
383289 8 69
8347 1 6
893633 52 14
168169 1 113
4151500 83 48
399986 28 21
12449 11 14
96865 79 7
583763 17 38
60809 5 53
798263 4 128
61821 2 30
346777 37 6
1894483 18 95
5743 3 5
55697 5 12
217902 25 8
140805 4 27
42065 27 2
920 1 2
14807 4 4
551411 19 53
435128 9 56
35384 10 14
3168678 65 35
15641 1 18
45993 4 32
66495 2 35
18111 3 11
224439 7 31
2438679 74 34
219555 51 3
499945 65 5
37866 17 2
39039 1 44
19735 5 15
7189 14 2
249790 3 71
121922 6 94
1401297 12 81
213508 5 38
53103 4 45
4758808 47 129
226680 31 22
142931 7 37
1315505 53 29
7922 1 44
1671392 21 73
994050 23 43
222511 38 23
226634 6 33
10678 1 107
107991 4 37
22754 1 27
6081 2 10
86320 50 2
54409 2 29
537817 23 16
14200 1 12
560413 36 21
95136 7 23
464947 16 34
2639 1 4
585919 34 12
267646 94 6
171772 71 7
20627 9 4
531149 18 33
1720116 24 65
428341 5 77
375475 11 29
453895 17 31
36521 3 67
396841 2 132
765490 7 70
60772 16 6
234318 13 37
1627183 54 24
646986 8 88
30430 1 21
10021 1 48
2115 1 8
1234 1 1
6480342 73 85
344888 3 75
26664 11 3
108961 18 8
4574 14 4
3332509 31 77
15291 1 12
60318 23 3
41577 1 73
1680598 22 67
206081 5 37
374019 5 94
23951 1 19
8222 1 12
14216 1 37
23756 5 7
277812 38 9
22534 3 82
14248 3 7
369704 3 90
815860 17 49
31773 4 72
5925 1 28
125433 4 36
859544 19 35
798469 42 46
924384 10 89
109192 3 44
6868 1 13
42644 49 1
184168 30 12
2097 1 3
256406 3 106
2047570 36 76
113651 26 26
11367 2 4
1663835 13 94
325002 11 29
120769 5 83
39261 3 15
1622219 14 90
242988 17 16
7360506 77 113
371826 24 12
50610 11 5
30162 3 11
684782 38 18
507641 9 69
32513 1 24
61308 6 19
182439 6 39
59759 17 7
111965 1 91
18981 11 2
528479 16 40
35782 13 8
222575 5 29
1158968 21 36
10509 2 13
432495 18 23
27017 3 65
45258 1 38
31276 12 10
69306 7 12
316778 27 12
10990 4 26
204663 3 79
146131 8 61
378722 16 19
1695249 35 46
317089 13 48
32714 4 10
284409 25 71
209559 20 8
249319 11 23
94727 1 75
502578 10 37
725361 24 23
114569 4 20
8463658 85 127
276244 13 27
71302 1 79
11371 2 44
9794 1 10
79881 15 9
317324 26 24
35060 10 5
53779 4 46
24792 15 2
178590 9 24
333487 6 39
356212 37 11
3774 2 17
346076 21 22
334381 28 11
1054201 10 95
232799 4 56
281498 3 101
175225 6 39
93127 2 57
201733 45 15
347316 5 64
6803 3 2
71818 5 19
125030 7 78
1453 1 13
47777 1 47
2466932 20 81
137391 13 11
407050 5 103
1667172 29 41
32622 1 47
168285 12 14
580209 34 22
1040621 17 50
30834 5 25
40161 2 34
91769 1 75
2796987 66 49
9421 2 54
374071 48 7
2444 2 6
3459695 48 74
93608 8 45
66370 22 7
44108 3 11
878379 25 117
1313605 20 97
36908 1 38
71075 8 8
139757 15 19
142335 23 28
18869 1 21
350195 3 125
58741 14 10
27765 7 17
192287 8 40
368805 23 17
1612902 32 36
85865 2 46
123148 3 64
130812 15 23
317170 8 50
684881 12 46
2989211 22 101
1716 6 1
399265 11 27
3666 1 3
646443 25 26
5473690 46 140
814551 19 39
263707 11 59
445300 5 92
365800 21 13
248326 6 62
182895 21 75
101443 13 15
13386 22 2
44330 6 59
5110 6 1
12406 15 1
2193516 39 53
743147 11 65
1300128 51 20
186900 7 71
82794 81 12
1016647 46 54
347198 4 120
173557 24 18
33500 42 1
2255 2 9
9459 6 2
197708 8 29
278527 16 13
3876 8 5
13512 6 11
125359 39 3
360563 19 110
17269 2 53
268197 5 36
25820 1 34
492645 37 17
116654 3 37
508434 6 65
21129 2 23
22957 6 29
20241 5 4
3361 1 6
3732 24 1
615779 56 8
6832 1 10
436845 13 54
287645 13 16
66439 2 25
21157 3 7
665985 120 5
737512 10 50
210097 39 9
199040 12 52
171081 11 11
107754 5 14
18039 2 29
635053 31 91
1146296 37 31
163770 15 15
126814 4 68
72965 3 39
3746532 33 77
456847 33 12
587984 8 56
10383 9 2
7753913 97 72
995903 14 71
422809 17 18
1014007 33 20
561707 63 25
4777 2 10
25605 10 3
97483 11 10
7952 12 1
2664339 63 65
902454 14 61
1184328 12 88
1407680 54 20
5255 3 11
441133 26 13
31533 2 86
237190 16 18
664167 90 16
110425 56 2
40230 8 8
976259 28 105
751411 19 42
175355 5 88
156738 3 55
162351 40 4
2988446 72 28
1870475 39 93
500503 45 14
423913 19 16
111238 65 6
99518 71 1
59590 4 13
202892 15 12
572401 22 18
34022 2 15
3165258 27 89
1184638 28 84
1393591 44 109
9570 1 12
48664 31 17
138784 13 10
29387 21 15
489337 11 29
29054 4 8
215803 12 14
24534 3 13
4359958 32 111
394539 8 56
47977 34 1
49824 2 129
168947 29 13
15795 7 7
296701 31 30
661305 13 63
3551600 48 67
52513 4 13
141867 4 35
3534194 46 66
9999 9 1
3519 2 4
241818 8 30
635704 6 133
555977 44 14
287598 17 118
25219 1 28
348238 69 48
21553 1 62
26268 8 15
66109 21 8
1341316 10 93
900336 34 49
9536 11 1
176213 12 24
1128090 21 51
35916 3 47
639644 15 41
418366 23 50
1717 1 2
119037 6 33
54480 6 77
115731 4 20
197218 4 39
73004 60 1
38294 10 28
95810 4 21
6991 1 5
1553210 30 51
449844 8 67
171515 7 62
98760 8 45
1151664 31 28
4723901 85 52
26867 22 5
283809 28 7
255328 27 12
9512 8 1
1546689 11 122
102 1 1
15606 6 22
36362 6 15
2938802 47 124
19185 10 3
604719 7 72
84515 3 99
111645 19 10
121896 6 48
301071 23 85
53301 7 59
249194 63 4
2768258 33 75
507546 16 70
3503266 22 106
23825 2 12
52161 24 7
71858 7 13
300152 51 6
14592 1 13
80690 7 9
3137457 87 41
18892 4 4
154369 36 3
104811 8 9
2568 3 1
18915 5 7
12825198 109 135
2654735 30 71
7776 2 12
3329675 32 120
37979 41 1
6457591 52 102
634388 92 7
426851 5 84
1582389 57 20
123389 29 5
27546 1 30
716501 11 42
216208 13 26
40904 2 53
26303 3 11
54080 74 2
105004 8 87
670220 34 17
366082 5 90
176486 49 23
1239652 17 62
314160 5 86
157304 16 11
69321 6 9
669332 13 35
6121375 111 56
19436 6 4
45860 6 23
298044 84 4
1655719 22 77
39884 1 34
309422 34 20
120524 1 112
461593 17 22
1924434 55 34
101372 21 10
488852 17 25
1829672 68 18
469235 63 7
142691 17 8
580459 37 16
66725 4 47
203536 30 6
336269 14 93
3179641 42 90
653089 14 57
754411 20 38
184799 3 64
930107 58 21
1869132 85 27
275169 13 23
266483 45 18
607781 20 63
17596 4 20
59109 2 59
19278 2 80
546367 9 45
289376 27 8
211037 8 26
83965 21 3
124614 8 22
343349 12 21
544183 10 49
7852 1 9
29076 13 2
29616 7 3
100718 7 18
54179 4 11
2133411 62 38
235279 3 80
9663 1 10
3962203 49 60
1534911 49 22
1252428 16 71
85541 2 49
107830 4 25
8361 2 21
197015 22 10
104928 7 21
2870051 49 56
14528 1 10
293140 2 99
51957 22 28
1028176 16 89
1160781 45 23
60825 1 78
2315558 46 49
110955 6 68
136250 60 2
297128 30 75
325718 23 55
29763 1 22
1707425 27 61
66044 2 48
333586 9 26
719897 14 40
706104 9 100
4646 1 11
616018 14 52
371746 42 43
40690 2 22
408318 13 24
1261799 46 81
75071 1 53
73921 21 4
939970 26 26
1193627 56 15
16504 1 13
32116 6 7
50968 5 8
66001 2 24
25291 1 32
95444 1 96
619016 15 31
916181 8 84
6665 10 3
344463 4 59
81813 3 25
1512422 68 32
21607 1 24
221000 12 19
255059 6 36
305126 8 42
146041 2 62
102811 21 25
154136 3 107
7038 1 10
179459 62 5
303314 32 9
60764 17 15
697583 10 133
810198 29 19
313486 24 65
149 1 1
4116460 36 118
139664 58 25
21065 2 9
9519 3 14
694646 16 107
1008977 16 65
2503282 78 95
265924 11 31
27939 1 28
326804 43 9
25822 5 9
531059 23 26
41202 12 13
287123 4 52
80224 3 18
376653 9 50
347255 59 4
87961 37 2
443603 22 22
150622 101 1
144005 3 66
243352 9 21
242397 5 56
9582 4 2
74007 4 21
63600 53 1
519045 5 80
716041 25 49
823459 31 17
179538 2 96
176692 17 47
351796 7 64
445026 36 16
2411265 77 24
141409 10 17
1049931 20 77
99166 6 21
105028 4 33
886842 8 97
459113 32 14
159806 54 7
53159 16 29
111320 15 65
649216 32 42
549520 55 11
44391 4 11
194781 20 33
3726421 48 53
7599 5 1
749 1 1
2765426 21 104
49239 48 5
11837 48 1
628359 53 30
50256 16 4
1116474 67 12
207956 22 11
2264 3 1
14408 1 12
820425 26 29
614638 43 19
40510 4 19
42605 1 37
16862 22 2
9993 54 2
1284478 16 54
13541 52 1
160579 2 56
1841 1 2
37432 1 25
21934 16 1
483416 28 12
27913 15 19
67016 23 27
867 1 1
130211 14 34
7428 1 7
21857 9 2
20334 1 22
302321 31 76
3263197 39 84
4038335 93 45
33321 3 16
107594 8 16
51167 20 6
657043 10 87
362311 12 65
399262 36 12
20040 17 8
331014 3 76
3324 1 31
54318 1 68
2587419 59 44
52572 11 6
82433 5 15
137153 8 15
5237 1 48
74975 2 67
4095061 27 99
31662 1 31
1290166 30 53
94773 7 11
1291146 80 67
135646 5 51
46056 7 8
1425875 58 23
1783011 19 82
22869 2 39
2825603 39 50
916538 11 97
1762 1 17
553863 31 19
9005 7 1
4304459 29 112
256590 20 11
1111325 18 59
2543 3 1
47309 3 14
4854 6 5
4801 4 10
29360 4 41
325078 9 29
52509 2 21
11341 2 19
1833842 35 43
30801 1 23
25910 43 6
18648 21 11
504153 25 18
342590 21 54
1636363 11 106
5848 1 4
3530 1 29
191376 36 4
251908 4 48
55480 1 42
825458 7 92
2521111 26 76
21609 29 4
34915 21 3
93009 22 25
3254 5 8
7741 3 3
387276 53 5
103154 3 41
2271459 49 32
421205 9 40
50061 2 21
411108 32 64
146727 79 10
66787 9 30
284942 6 44
1244705 24 41
2208625 78 85
678462 16 30
7633220 87 108
92304 2 30
240336 40 6
136204 17 9
62422 6 45
239310 12 16
13738 1 12
29523 1 79
769777 63 13
785143 43 23
748142 37 24
516943 13 30
2060282 112 21
85586 14 5
639772 9 78
48620 3 12
922190 14 58
19319 6 4
23159 1 75
50957 19 2
6995 1 17
63164 5 93
41418 25 18
706794 39 13
203571 22 6
816502 9 74
832198 7 117
837745 6 95
11946 24 3
746924 73 12
512301 6 75
17513 1 32
61559 2 28
695535 24 35
2971 1 2
242903 6 34
1461438 13 84
22093 6 25
463647 8 45
386885 32 26
295636 10 56
222138 12 24
98230 6 14
372143 42 9
94669 14 7
4929 1 7
26420 1 26
69505 4 22
14898 8 15
87605 2 52
670388 19 37
86242 6 13
139449 3 42
134573 6 19
82508 7 59
29561 3 8
18367 6 13
520217 50 13
5926 7 5
334935 27 15
5452 2 8
39812 1 49
24047 11 5
220979 8 18
679953 17 26
7290 7 7
98152 9 47
157357 8 103
566473 33 23
60033 4 31
193936 41 27
3446 1 21
185700 15 96
125462 18 7
31778 1 21
53428 4 88
4405 14 3
112871 2 53
348562 20 54
271847 2 90
7764 6 12
323979 64 5
741061 6 91
