128 135 4945
20 16 3 30 17 19 18 25 7 25 1 23 18 19 29 13 13 23 30 2 25 28 7 8 19 2 31 30 22 7 7 16 26 31 15 20 3 20 29 15 26 4 23 29 19 13 7 7 24 12 11 24 8 2 5 2 18 21 25 1 5 31 22 22 23 13 19 20 23 19 10 20 14 12 23 8 18 31 14 12 25 27 5 18 27 12 5 26 22 3 13 23 16 11 29 4 22 3 9 29 26 29 13 10 21 30 23 8 14 21 10 28 7 8 6 29 11 29 13 12 11 28 27 27 4 3 31 26
894527 72 4
174542 44 1
6735511 78 23
57450 21 8
107197 4 7
303184 14 14
377436 14 10
42844 3 6
9026 18 2
35795 4 2
136880 3 16
11859 4 2
1551569 53 9
91954 1 23
4694 3 1
21946 5 1
32391 5 2
37012 6 21
271154 10 9
2055751 64 9
14608 1 4
9841 33 1
12139 1 18
74819 3 10
1258882 74 16
2034101 30 17
173486 33 2
14469 1 17
475988 46 3
8922 1 2
1850254 25 23
59354 9 10
67095 1 23
63613 15 5
34218 11 8
143867 29 2
74776 5 5
77485 25 1
63469 22 1
59427 4 5
1212 2 2
513224 10 13
24586 5 3
388285 21 5
858437 26 12
1088658 9 29
52070 7 3
40565 7 8
250984 18 13
23143 4 9
907661 40 6
4353 4 1
313863 14 6
40825 1 18
1290138 12 24
882790 16 17
61075 1 15
449243 5 20
489262 9 20
25639 2 5
523723 19 10
653879 63 3
4318258 74 17
1100 1 1
107154 3 8
123136 13 6
317397 5 17
7273 1 9
128490 8 26
2081 1 2
1935336 41 18
10877 4 1
118065 22 2
2220298 31 19
935826 22 16
453534 16 10
12207 20 1
33736 19 6
143657 4 22
86384 5 8
203130 7 6
1346340 18 20
254193 16 12
47401 4 3
16640 8 7
1776695 27 15
265982 9 8
193967 6 9
37590 10 3
8591 2 1
83477 2 9
5434 1 11
2814916 57 11
162885 5 9
243893 4 21
420478 16 9
285907 23 24
88157 4 7
17365 1 6
274393 9 7
1852324 30 20
1613478 22 27
22226 1 10
192830 21 7
139384 33 1
1087359 44 5
30397 10 1
76838 1 20
142560 5 7
3007046 61 16
87609 15 13
27413 10 3
71610 6 4
1543897 40 9
104667 10 4
42399 12 1
938361 21 12
124587 5 8
64622 2 7
8550 1 3
3655 3 1
64919 36 1
959278 30 8
31054 5 2
5147 2 1
147225 10 5
48331 17 1
115422 4 10
47553 14 1
62574 5 5
35208 4 2
2481 5 1
61286 13 1
178735 8 25
79857 2 10
