150 3288 3199
28 75 39 31 129 95 139 9 104 92 70 48 48 65 10 57 24 81 75 115 25 117 13 131 32 63 122 85 85 12 64 70 37 141 63 98 118 122 3 14 81 128 135 11 61 81 1 111 56 130 62 99 17 93 90 16 55 25 42 138 79 64 34 8 84 67 15 143 52 127 25 7 140 27 7 131 33 24 39 23 89 60 33 109 22 138 50 94 72 121 106 145 54 109 68 35 66 122 133 94 85 114 119 72 83 44 22 89 19 16 37 144 112 55 55 12 80 46 54 32 119 41 59 143 3 139 134 6 16 104 137 40 118 109 76 6 51 36 146 65 123 76 15 46 3 24 25 30 126 126
2222359 40 32
380637 3 127
20705 6 3
40083 10 2
801108 6 77
10418 2 3
12810 7 1
97634 8 24
5332 2 1
395908 10 110
284929 2 61
538513 30 10
26546 4 5
16466 2 5
129538 7 29
163418 40 19
11569970 67 57
1320368 12 36
242729 10 10
786303 8 68
1281566 39 12
89703 4 10
97285 16 7
262725 32 4
617201 4 74
686277 7 44
1114186 25 16
56406 1 29
255320 8 80
2621763 17 61
6707958 28 79
3906839 45 31
5717485 30 109
193566 4 21
6417331 90 30
2353705 13 135
1904000 50 111
102111 9 16
65768 3 13
33351 1 17
178976 26 3
5374688 83 145
103352 1 47
973242 7 76
197548 10 8
2788897 24 53
142873 23 9
4662145 66 26
2920743 91 11
1469022 7 67
183046 17 9
9471786 40 76
1577977 51 27
71254 3 11
25292 4 3
1416269 9 71
265817 3 43
421054 1 137
231031 43 28
391579 22 10
24572 1 9
976 1 6
6032970 62 56
2561467 24 35
90928 1 39
168466 2 52
6968360 114 55
12545874 107 37
6490111 21 110
169061 6 11
33160 13 1
82492 1 91
6126 3 5
4082657 50 77
131556 3 55
6316 5 7
71500 1 54
4726718 43 36
74910 6 4
87274 3 79
4824937 25 93
143546 4 14
193021 8 10
458453 45 5
333698 15 23
1458160 65 11
272781 40 4
86658 10 3
5044616 115 56
5819649 41 77
53265 7 12
3216737 62 37
96516 2 29
642345 6 35
664825 7 55
219380 17 19
1600878 24 27
146573 1 71
19859 4 24
149444 18 4
5623352 61 49
92404 1 45
304214 11 46
851763 46 56
178104 5 41
508332 14 13
6978281 20 123
328200 8 16
5710541 33 74
9540881 29 140
129289 16 13
870389 57 34
3567563 36 41
2900260 28 47
108030 1 39
194778 3 112
112118 1 70
79770 1 29
3082293 26 71
1243567 12 58
192174 8 16
31063 2 8
74562 4 11
6284199 64 33
378980 21 6
198850 76 6
6356696 53 58
344945 6 111
157993 1 59
13953 1 74
1829956 76 11
1636026 23 33
11839 6 2
117038 1 93
2537478 31 34
95688 1 91
155574 8 28
35270 1 46
99004 1 38
8698 15 2
50287 13 5
1904017 30 68
511915 6 50
469699 15 27
2044212 15 84
190026 7 12
47368 3 14
2227 1 1
2703996 12 137
489690 6 30
238275 27 4
163601 3 25
1256994 5 143
78657 11 3
970248 41 16
51080 20 7
609561 16 114
206303 17 6
35847 3 6
137742 1 75
764 3 1
636689 29 52
622171 9 40
2605448 55 42
532042 11 29
53856 52 1
363976 3 59
597881 32 16
244768 28 14
437393 4 78
114147 1 55
33638 1 14
20955 4 3
326151 39 5
699034 8 54
215369 70 8
8816546 92 47
280820 4 32
47316 3 48
2574064 26 32
87821 2 23
340400 122 12
1326744 20 38
1400703 5 122
13675 7 1
412727 18 38
2549786 23 49
3676561 18 114
84487 1 33
582 1 1
6895698 33 90
776039 10 28
308853 3 43
58144 2 16
189371 2 82
118567 2 19
287224 1 100
610650 16 22
3721275 24 86
94222 22 2
2094146 25 28
47552 6 8
67622 3 19
14800 1 9
269219 22 17
32200 2 6
325041 2 85
5344972 82 26
49672 1 23
516339 12 24
1244131 11 57
1986173 34 21
265987 1 96
194247 2 122
46435 27 3
501446 58 7
2933202 21 60
836655 5 72
76385 5 5
385437 2 63
120096 7 63
476776 2 79
287922 4 42
886051 74 7
1096659 62 6
165928 25 5
2561 1 9
12343 5 1
2032443 17 51
203543 2 52
27705 3 3
1159322 72 8
369259 6 37
61712 7 5
102563 2 18
93878 1 31
782069 17 120
101069 2 26
20539 1 9
1493418 15 37
93837 3 17
32898 7 11
31831 28 4
918785 23 23
760076 27 40
112341 2 47
69274 31 4
3354450 20 70
88091 1 47
837740 4 133
33699 8 2
183389 6 14
13327 2 3
68188 9 6
1242320 17 28
535475 9 20
897492 5 72
1120271 11 57
1746500 11 59
152531 14 40
205758 1 70
1874709 92 7
322772 12 10
23113 1 12
1202638 18 29
1328 8 1
283702 10 9
4414193 32 76
30960 1 83
7074450 59 70
4612438 31 61
3442 2 6
2497206 28 39
49503 3 6
916231 14 44
2177264 98 34
160659 5 14
289989 1 129
6855066 51 104
3367756 56 36
3323648 52 25
427376 6 30
2760128 19 79
1062719 49 10
4515233 39 107
283553 17 17
274692 2 61
12980 1 8
931626 38 24
108919 28 2
597818 14 31
6268613 54 38
96956 19 7
852102 17 54
208387 5 19
1411174 50 12
682538 3 98
117552 10 38
3223759 66 55
131352 2 45
13946633 57 139
1474936 7 70
760270 13 66
1812843 12 54
314414 2 82
509179 3 57
6341 1 14
76282 29 1
3498949 30 42
3784479 36 52
13652377 61 70
3567131 82 25
658829 6 45
409349 7 20
759879 83 50
436325 7 26
220851 22 42
2318666 37 26
769494 7 84
2581 1 1
172982 23 4
816952 8 51
39177 37 1
1254461 96 6
3639361 21 73
2111127 39 18
45800 4 38
838862 7 50
628156 13 19
301662 32 16
50563 5 6
551410 28 8
216253 9 15
117653 2 35
88054 11 6
245281 5 50
17235 21 4
40777 1 61
5515325 48 51
6787732 25 113
5701 1 30
192053 1 63
270200 53 3
125245 15 5
797366 48 6
109700 7 8
416073 11 18
679513 12 25
881974 5 109
6724871 91 98
246850 2 48
173442 16 62
11482 8 6
1760147 10 65
92889 1 48
63579 1 38
83722 13 12
47713 4 34
3313086 30 42
1901 1 5
1303333 8 77
308916 13 9
10602179 48 112
893564 15 36
26660 3 14
1060564 31 43
158004 3 50
319036 6 38
132708 4 50
103575 1 42
1615193 42 48
17007 3 4
698668 20 11
820998 18 20
939058 18 21
1434538 14 45
3592147 14 98
2441814 40 53
208121 1 119
17937 8 1
3143195 75 24
2318162 74 20
305924 37 3
21018 7 5
1072157 14 95
531440 6 36
5556 9 2
70206 7 4
917689 27 17
146712 2 42
168765 11 9
1812787 58 21
965186 20 21
170945 4 39
470355 19 12
485562 2 87
1593401 20 54
272613 6 121
1136 1 2
4101 2 4
120668 1 57
150517 6 23
799819 25 18
3189014 36 42
1814564 58 20
994581 51 10
2014441 28 25
1443759 12 46
40548 4 6
333782 13 16
68094 3 35
180581 6 12
291730 9 18
1337683 33 18
1019878 4 120
15016 1 9
1744063 6 117
326269 3 36
2741 2 3
629229 7 42
59647 19 1
169801 2 62
1453779 11 58
77475 8 6
526625 78 42
226760 17 6
72878 5 6
1015918 26 82
394162 7 81
22778680 124 64
1302861 25 20
309895 1 103
6402046 69 55
129823 14 39
244087 2 57
6116123 30 70
722460 22 75
470100 8 51
2139389 42 18
10900384 116 54
117646 15 3
40980 15 8
27834 2 29
5391 3 4
15004 8 3
1199293 11 38
36832 2 11
3198325 23 51
73898 3 64
338334 4 42
114355 8 63
1440422 61 122
237869 6 54
767599 4 66
6351652 104 37
6761906 35 61
46651 1 28
178064 18 12
18747 2 47
998153 7 60
218510 11 7
54743 5 28
214410 10 59
68782 3 42
3705 1 8
237993 3 41
9953981 43 134
33925 4 16
164431 4 23
821760 7 40
248238 23 18
420269 49 3
875837 20 24
2622111 45 31
107901 9 10
336352 27 5
276384 7 56
144602 11 43
7561 1 8
66963 4 28
157352 9 77
6534075 72 47
192798 4 49
80431 1 107
453255 21 11
3071930 31 61
48006 1 19
2133751 11 88
399186 33 4
227569 2 60
699285 31 45
2040320 21 39
245458 32 14
2274812 27 68
534081 89 18
1143700 8 47
255698 5 60
850997 9 48
608236 14 15
1533959 40 18
2389892 38 29
119650 4 10
2461654 23 53
25470 1 18
2545 2 2
3378610 25 63
2004244 7 129
8001009 44 63
48140 2 41
1928073 49 34
223858 18 6
809978 38 12
470294 5 36
797143 7 52
544473 13 24
706588 18 16
1301488 15 47
279189 2 85
1248993 17 39
1535684 10 64
555451 7 82
1594 1 1
14817 4 2
7141533 54 78
770777 15 31
90375 3 12
57111 1 77
201310 44 16
108968 5 28
533449 15 31
1493664 22 22
411302 96 7
64287 3 9
47526 10 2
4068750 15 103
42533 9 21
989614 12 58
717360 7 85
121614 9 8
39590 1 36
1682819 34 69
10204 5 1
2399966 16 75
210403 3 33
2108364 8 119
111184 3 16
446143 3 87
2656707 74 44
765644 45 19
88456 6 19
90619 2 22
825917 4 69
1571738 6 86
220580 23 11
20243 3 7
12876 1 6
2338854 71 15
41009 1 19
506882 25 12
144138 1 69
9597418 61 63
146023 1 126
376465 3 86
3932082 34 63
52218 3 9
278750 9 102
4819342 24 81
20451 18 2
2482813 11 123
1233911 21 35
2044587 28 42
92228 2 19
5751075 39 69
2137142 16 76
690204 11 47
6851664 86 42
481366 54 20
360231 14 9
1279300 12 38
636485 45 5
7478121 28 91
2591167 43 20
1324165 14 32
1212976 7 95
36321 57 2
26165 1 122
183054 3 27
157522 22 33
389428 18 40
1046452 29 20
687894 4 91
35804 4 4
5371 1 11
529450 5 41
16475 5 2
41414 2 30
43150 76 3
13564 42 1
2867352 19 75
118918 7 26
708756 12 35
4185 2 9
2751429 24 92
2156050 50 42
2549161 52 17
5443620 60 97
35730 1 21
1958823 38 29
3190269 100 49
453339 35 28
4367 1 9
675736 34 28
1399955 25 51
89869 10 4
3219387 25 54
581504 12 18
24273 11 4
140706 11 26
5151902 59 40
484264 11 28
2751670 11 92
1488749 25 92
792912 13 34
36712 1 53
138621 1 56
1577354 11 64
5931119 41 60
37529 15 14
2691646 10 89
1090419 37 15
65206 2 105
399032 4 43
2588506 33 37
93343 13 4
3261521 36 54
28795 2 41
219793 10 80
116567 1 37
498974 17 15
265366 12 51
364206 9 22
24685586 122 102
29009869 90 121
333227 13 15
565684 2 126
129925 7 54
9028 2 4
6533747 35 68
1460167 23 31
495153 89 9
2891264 8 114
313603 2 77
23223054 91 81
31361 1 12
59389 2 24
210842 4 28
7600198 90 32
601776 29 24
1001745 7 70
59261 5 71
3925659 97 45
688843 14 19
10489794 96 39
3859289 44 41
769700 14 34
827755 16 102
179564 13 6
2371170 7 129
14405 1 27
9060047 71 80
13668 31 1
113547 1 86
21765 3 11
365513 11 13
161362 12 5
17271 1 8
125319 7 6
9399 4 1
257655 13 11
23702 1 34
420509 14 13
1726 2 3
270595 13 18
103792 4 50
2488917 8 128
2527478 22 58
17055 1 18
235953 8 11
4904891 19 125
974090 18 29
481379 72 20
31818 37 1
6266366 34 94
55248 16 2
48203 1 45
4006727 21 84
49187 2 13
532287 6 47
11592 4 3
113022 1 64
7754 7 4
9367 4 3
156567 9 59
4230959 22 109
1679215 18 33
4299161 35 71
426228 36 4
2073843 58 15
68206 1 35
1282579 16 79
698672 6 49
2247623 34 24
1331022 28 19
3713 3 2
64422 3 50
1674374 13 47
835096 11 86
359585 5 63
18686 11 3
184622 22 3
579191 19 24
29288 5 3
6156 1 7
2702861 22 82
9685053 55 87
312 1 1
64742 1 21
413838 55 14
36866 86 1
539310 76 39
111077 1 43
124418 10 75
451546 16 79
1290933 4 123
1121768 56 33
13008 6 2
2138321 19 36
24800 4 8
320430 3 62
1135692 108 9
5484665 62 63
284044 15 6
2400 1 1
101653 7 38
30716 1 63
2406725 14 57
124697 6 109
103688 6 6
11688 3 3
505592 4 70
5796757 17 134
25990 1 9
79596 1 60
1272402 52 24
2192610 13 80
8591 4 2
511579 55 11
2268590 32 43
18513 3 4
21123 9 1
1939412 8 105
192567 7 15
763233 4 80
131262 1 76
1027653 10 33
96552 1 44
5352144 53 40
28617 1 12
3958331 78 25
37608 24 1
4659 1 2
1645159 8 94
9400821 75 51
2314887 23 54
3866 1 12
4524922 28 112
247438 5 53
423986 8 45
89377 6 10
3233113 43 29
103506 9 7
461497 10 120
77234 12 4
168929 3 21
11635037 56 73
5115411 64 48
412942 24 48
186361 32 3
98591 9 28
16338 1 7
226098 11 44
120996 54 6
266685 4 101
2520974 38 29
1968748 40 36
1083902 33 14
1823895 7 122
71068 1 70
792925 22 13
44276 2 55
1206990 16 106
36945 3 27
1636593 16 47
86698 4 35
169758 5 53
1492388 11 64
263323 4 40
963224 13 36
2175 1 1
479492 8 36
280374 15 6
63686 4 5
368076 3 81
491763 13 21
1075274 7 54
100091 2 27
1406100 9 86
2407929 45 32
158666 2 29
4287569 33 70
19041 1 6
622229 31 9
63931 1 38
5175 2 6
24408 3 5
540920 3 84
6263527 70 38
15985 2 8
1427342 13 44
1392131 5 89
1231740 38 14
2515532 20 46
358989 2 77
143786 57 5
560359 50 7
304777 2 63
420311 16 18
481248 29 26
477248 3 70
210007 2 35
772201 64 4
54121 15 2
5252346 33 57
2106379 15 61
10050182 60 78
1637384 99 9
7028385 48 46
1913406 31 35
301226 7 35
587729 11 22
355074 8 27
618896 34 9
114230 10 5
15155 1 38
3117537 11 90
244265 13 41
955 1 5
251970 10 9
866694 22 21
1563925 7 95
2264436 53 72
3136702 25 66
335937 16 30
1296736 15 44
339927 6 77
8687743 62 48
689428 23 28
1877783 69 21
2734124 11 141
876879 28 15
450933 12 18
104166 1 54
212773 1 82
468475 34 7
97648 7 17
141918 25 9
392221 13 20
1087405 29 37
91496 34 1
770220 62 9
156740 4 22
756834 7 57
159015 1 67
478828 10 17
5450579 126 47
16392 3 2
31766 18 1
1994447 31 43
465024 17 14
337640 23 8
3398085 22 78
91547 4 8
3841087 18 80
73089 48 4
160256 6 15
1209641 21 45
33335 7 2
5693495 29 119
651803 5 77
246868 2 55
310781 6 22
54154 5 4
190370 8 19
2026643 37 18
2198986 53 62
132850 4 71
19030 2 5
10853156 85 40
2038865 37 33
37757 3 4
7246387 73 59
363129 2 59
2123667 10 120
3202156 38 31
1371874 26 34
43603 9 6
97976 11 35
53577 5 12
1105747 45 9
3077738 41 24
1933267 10 75
255165 4 23
363160 30 35
2394873 41 37
353269 2 98
455727 56 3
739158 49 20
15837 3 3
1390990 19 28
1363186 15 32
306532 6 19
318782 5 34
375717 6 34
38180 22 1
45451 42 1
298582 5 64
211974 10 16
51699 20 1
1915378 13 53
203281 54 2
8117816 25 124
73083 1 27
3416947 19 71
9294711 28 127
129122 11 14
178334 1 101
5751 1 3
6155 3 6
4222446 79 34
157444 3 41
11410703 62 119
537745 3 63
20143300 105 108
26556 1 21
15288 6 6
775335 7 56
2005734 14 62
856804 25 14
163080 7 17
217696 2 65
4473236 57 112
99088 1 108
156541 40 24
29528 12 1
442691 12 24
22972 4 11
180597 2 58
14144 1 8
446194 40 12
397362 4 33
2269067 10 116
188793 6 36
1371373 52 16
2171906 85 9
373127 16 78
1713685 25 83
959077 11 97
139648 52 12
4820 2 3
787138 7 49
104551 1 63
370571 81 14
4428412 35 56
1548031 55 16
67251 10 28
614323 28 22
36633 1 17
5565413 54 62
24813 5 3
4827488 35 92
9715 2 2
37224 1 14
27664 1 16
379320 32 8
308941 4 134
1398510 102 30
348539 4 30
24225 1 25
1226356 124 7
200896 11 71
10012664 43 124
223822 47 3
52337 9 3
6952100 42 60
5108930 47 37
846894 44 54
189052 13 7
491254 59 15
469397 25 14
961854 51 11
358110 60 6
50270 6 11
162659 17 44
1578749 37 26
688672 19 21
1933 1 3
175008 6 14
2492928 32 37
31362 12 1
626347 23 20
128569 25 3
37623 4 32
646 1 4
790124 34 37
597787 3 69
2134 4 1
9807 1 6
6732023 64 49
1726118 13 69
309772 15 10
815876 6 65
1555547 75 38
182390 88 8
36775 1 24
1517997 21 36
220023 4 61
511185 3 132
154844 21 45
2079511 6 119
887750 21 14
4191568 17 124
2469144 21 40
219221 4 23
655298 14 42
28323 23 4
5775 2 10
114140 1 54
589092 16 14
381304 40 20
4344866 40 40
3095171 43 39
12694 29 2
70126 36 1
483122 4 88
7115250 54 81
1082839 33 49
288689 8 37
952093 68 75
177636 2 75
200631 43 5
77293 2 22
5808932 53 109
142144 3 28
788080 14 22
502564 4 103
672883 29 10
77583 43 2
31383 4 14
3052936 44 41
109069 4 44
93704 19 3
403094 11 13
1213120 16 27
14910 3 3
481281 9 23
113411 1 60
40826 3 13
21202 2 4
287657 1 95
21971 4 3
89825 8 4
3672974 20 88
1012843 8 44
2155047 13 95
35871 14 13
2512497 23 64
55146 11 3
1906457 10 64
1783247 27 63
5411856 35 60
88957 1 92
1370019 16 50
36919 1 12
157224 14 4
144259 4 20
44847 17 14
273566 3 32
31987 1 14
6185 2 2
694143 13 23
214338 1 119
477324 3 61
2366190 41 29
483832 52 4
2358282 44 23
15046 1 13
4953240 41 50
79844 2 116
3105278 35 44
3063764 26 50
8892 18 3
4981623 38 57
39685 1 15
24087 3 3
1038606 10 33
1602445 53 13
8805 1 33
305679 3 63
267934 14 10
1938 1 1
97116 2 25
64865 9 21
71908 2 16
34440 1 15
1302638 13 75
230050 7 62
1528207 37 16
1175390 11 41
3726300 46 50
667671 5 58
33010 1 11
60190 1 87
2181124 24 69
93632 6 6
251155 1 79
733291 13 25
850084 11 67
1272 4 1
1103349 37 16
57920 4 7
26194 2 6
266013 29 3
15620 1 5
4014843 16 98
215612 19 13
2191784 54 24
70235 12 3
64037 1 75
164 1 1
307670 47 18
265042 3 35
1085594 8 81
179078 36 5
1412991 20 30
664149 6 43
20773 3 30
282105 5 95
71253 10 7
173785 23 16
57787 2 14
172589 8 20
172104 7 9
1690421 25 25
2885815 39 31
2093238 49 26
394979 8 27
9422 2 2
134823 1 62
154407 4 21
1331154 29 38
494746 10 119
133227 1 69
1423225 6 85
165614 6 12
2371448 60 17
1156509 22 32
291382 27 12
108580 13 12
48548 1 18
670240 3 80
81190 1 27
4651 1 18
72961 7 6
350860 30 6
1196816 6 99
270848 6 53
281255 3 52
3171495 72 27
872133 32 23
39602 1 23
634033 9 31
10013187 38 124
46113 1 17
743193 8 58
658335 27 41
109183 11 46
112894 2 33
24773 4 4
46888 3 6
101436 5 20
121105 2 28
33486 6 3
207551 1 79
2448924 21 47
1078037 27 98
1398792 40 21
14432 3 2
1174339 13 83
3321442 36 33
1072696 23 28
10585402 85 59
69226 32 10
21057 3 10
74973 4 10
600747 20 72
1945736 53 33
662201 33 29
571119 5 40
2717708 47 35
289444 25 71
42695 1 27
4647961 33 61
77126 1 47
712742 8 59
194891 13 11
1603870 10 97
69347 1 23
15394 1 8
39168 12 5
350 1 1
266084 4 28
1367257 22 20
3926471 78 16
2653 2 7
723948 7 43
2605639 72 36
1882451 9 88
856254 5 63
802060 57 10
70741 3 17
193018 1 108
1824302 64 39
7172 1 3
10974 1 4
858965 14 32
619807 6 96
92915 6 7
2922 1 1
62074 3 76
543319 21 10
9086 10 2
1109122 47 34
1904948 29 21
123253 28 2
9979203 44 76
2105540 41 22
1044183 8 47
13306 28 2
3651473 44 40
39124 4 36
22756250 114 120
1815945 53 33
351882 4 31
286631 15 13
144730 8 23
15455 3 2
50889 1 89
132223 4 15
1086072 42 10
2798464 29 50
980200 12 26
153955 27 6
401406 3 55
157423 67 1
4355524 65 22
1006360 21 37
2291815 19 64
1805 1 1
1023942 31 15
4084115 70 38
5356031 55 41
924788 29 69
51794 1 32
3482665 33 53
230715 9 26
37621 66 1
212649 16 5
2372857 34 81
348730 4 37
611999 14 37
2015398 75 24
28255 5 12
94836 24 2
7708 1 28
117980 17 10
84276 1 43
22247 2 11
5334764 41 84
168705 6 18
1879512 41 16
87746 3 102
125373 2 48
169677 3 25
25515 5 3
370852 2 77
40953 60 3
1090783 75 9
47793 11 9
2266479 25 30
28855 14 1
224581 7 19
2036842 80 34
612588 90 6
674352 9 27
51755 1 18
451054 6 33
101167 15 9
1544164 102 23
4735 9 3
13615830 107 67
234866 23 4
101698 2 29
1605395 10 79
495004 4 78
605896 9 93
21874 1 15
4671800 22 80
1274667 45 15
43408 3 15
13814280 86 69
4784 4 4
202502 6 70
295257 1 101
291991 6 37
19219 2 9
43114 2 51
4008 2 5
61439 1 22
295237 24 69
1503741 21 27
525132 10 18
164716 10 35
25026 2 39
1133250 25 21
193061 1 84
199148 17 15
6370 1 6
3863 2 4
280754 2 80
879830 4 75
401317 6 53
1515336 111 17
399346 44 45
355647 6 22
301145 4 105
287827 5 69
159050 38 22
235567 2 89
122703 7 54
7782941 70 55
670451 3 118
27057 15 1
120114 23 2
3561297 61 19
50860 3 83
1130109 39 34
41462 1 22
12120 4 1
199164 6 39
1619342 25 29
1592759 17 75
136503 2 24
3135738 19 74
1817477 14 67
7584965 22 113
25106 3 3
1617106 43 53
8225 1 4
29491 42 1
404831 2 111
654690 12 20
785989 17 24
94410 4 14
217872 9 11
99483 16 2
131647 3 23
434515 5 37
1698232 11 49
1300613 21 23
6380 1 4
45652 1 24
255366 2 73
9075 1 35
256082 41 2
3162650 14 104
1708527 28 94
597053 49 4
24693 2 7
97763 3 22
4132613 33 74
120635 3 26
352657 6 39
4547837 76 31
4012413 10 130
8474509 77 59
111266 1 85
65808 1 28
5839637 39 49
2063242 5 131
117896 4 11
162073 12 66
23137 2 6
2447711 44 22
5853 2 1
6153387 18 129
431957 9 19
630365 4 94
527929 5 35
37767 7 2
4567461 41 66
94135 8 6
713502 22 14
470057 9 27
2165855 101 31
545100 23 9
71324 14 17
681916 23 14
3310631 19 62
305830 17 7
5318351 22 82
940390 11 39
265323 30 6
433 1 2
102250 34 3
92256 8 25
137256 45 1
954686 8 45
28046 1 33
1900220 8 85
127773 20 2
233288 4 38
80538 1 38
15409 9 2
482172 2 81
13717 12 1
229157 5 87
926824 20 37
301258 7 61
3528656 46 39
205223 9 51
4826828 40 67
3041 1 1
42785 1 20
459780 9 28
1088231 8 78
161871 1 98
156990 4 15
254695 2 71
671287 43 8
14841 68 1
1360314 13 42
329816 3 43
5460483 58 37
9003132 22 131
187660 7 23
242164 8 12
19158 2 17
7356422 92 39
2236831 26 62
16839 4 24
135538 2 42
1718026 16 59
183004 5 15
852289 48 16
223750 3 52
394262 17 13
456301 5 41
914619 5 84
2139999 13 87
258221 11 41
3892096 103 71
902232 24 90
420038 17 12
118758 46 1
188845 3 34
2792606 10 127
2406857 94 25
10409639 44 118
1269 1 6
193734 6 16
281641 8 19
668662 41 7
235342 2 73
627466 43 11
518487 44 6
2470565 7 142
92552 1 40
2294114 20 68
127689 1 69
260705 7 22
40524 1 98
1002 2 1
291007 2 53
17216 1 34
1519337 20 37
673639 12 30
833680 7 54
240873 13 12
248518 19 14
732978 21 15
6780250 46 68
316746 15 8
40106 5 8
169564 24 3
35968 12 1
1026871 34 57
791065 4 69
6457911 49 55
2674439 36 38
328459 6 24
656248 30 12
176073 4 23
1117007 5 78
532849 24 54
100022 1 42
416469 21 76
1904831 28 25
2714 1 3
655956 14 20
644897 8 46
249687 14 97
45358 8 8
56930 1 39
1057775 10 42
12964 2 3
543779 11 24
106532 37 1
354024 80 8
843370 25 31
1018377 37 56
604505 22 105
8253794 84 55
374561 49 3
192149 107 1
24201 1 37
2430453 31 114
15648 1 31
29348 1 18
3302861 47 30
1077144 32 39
4455471 61 32
3088 2 2
21236 1 16
81245 13 21
1964713 27 40
433 1 1
574908 4 55
2240495 131 58
1759613 34 83
4217567 21 102
2248699 29 40
1911574 20 31
5351624 50 44
2105312 102 55
216657 11 12
425769 64 3
5222371 65 56
146214 35 13
5953818 54 52
584665 22 12
705441 9 49
829793 28 12
4241084 45 74
1539078 8 99
3690426 85 16
188574 2 40
2036260 33 22
80415 1 51
137086 8 23
1061829 25 61
328628 13 60
70863 3 13
209590 1 94
1745953 9 83
1461470 78 83
426330 6 106
1532520 10 64
124028 19 8
43174 2 14
354249 14 28
2804656 57 30
257416 5 34
180885 3 56
154436 1 79
1745421 10 66
199398 15 9
1177439 15 49
447906 8 47
10336 2 8
4036 1 21
2193206 13 140
129429 53 6
355578 5 41
19251 14 1
84026 2 67
322219 3 57
325661 29 6
40664 1 107
1155230 51 63
1535126 7 108
4713594 51 40
1360828 8 74
163659 6 12
704499 4 71
70012 99 1
64453 3 10
192904 2 37
3185561 29 35
38346 9 10
545117 4 60
484760 28 24
89184 4 110
2747457 18 60
3358559 29 75
3746 5 2
700883 10 41
18341 2 7
44829 32 6
177148 20 4
216885 24 5
62862 14 9
149623 4 13
374160 12 16
848837 9 56
11480 8 6
17889 11 2
113906 3 42
632978 6 47
665481 65 14
38959 3 16
1139326 5 72
4165942 18 84
438148 2 119
3192967 28 70
420167 2 71
6549681 21 118
83527 15 3
314842 7 19
303550 4 54
485692 4 106
281441 38 4
282147 28 18
366009 21 9
2652164 67 13
293922 14 12
25990 7 2
645362 5 98
230122 5 99
1352875 33 19
6270618 75 48
549025 70 3
186975 2 33
689396 6 68
19407 1 11
637372 9 114
5604 1 16
578969 7 53
1633512 7 122
2145574 12 80
453288 19 17
139819 28 7
17346 2 3
2801505 15 98
368179 42 4
12091317 104 57
503730 41 8
401439 13 38
16931430 51 129
815182 32 11
717968 14 70
169388 4 14
45448 3 12
1269494 15 49
538025 5 91
457496 21 27
978064 9 61
277299 20 7
1012367 7 71
461028 12 14
641017 7 96
2881098 46 125
1121884 7 89
25664529 84 131
189363 5 15
3734 14 1
418139 12 37
445564 24 6
524096 15 20
27937141 112 101
96579 5 26
523122 19 17
333011 36 12
2296472 30 44
11614 1 10
25201 1 8
22174 1 12
390516 2 73
2843208 18 70
68919 5 7
966273 31 11
10806 1 32
2478109 27 135
6613165 77 50
304263 1 102
71176 1 85
486486 15 28
1571619 16 39
89624 16 4
15136 8 9
194426 20 12
10584 2 29
609372 3 72
173209 3 33
21124714 64 118
104229 13 18
20867 12 1
221222 8 88
280251 44 2
2485290 47 18
129456 2 25
700579 6 67
798484 6 58
63744 2 56
4176 7 2
835144 33 13
456932 16 100
217584 115 5
503557 9 18
326533 20 6
926215 34 11
10523423 60 70
59459 2 14
12513 1 45
1924072 14 58
231696 4 23
137312 1 48
173476 88 1
7324833 23 110
698105 52 55
10362708 53 71
217679 9 14
4330353 50 66
54281 2 11
1086670 5 125
255615 1 104
2801537 19 81
157331 4 18
463808 22 15
387290 10 15
2000 1 4
1867685 31 19
842775 15 52
562477 8 53
3941348 29 73
1708178 9 77
375081 7 23
166880 3 22
9944 5 2
2587963 16 83
161655 2 32
222690 3 42
472967 8 26
16246245 78 99
406909 5 35
106306 8 48
1332834 22 74
561570 9 38
1469190 12 87
58028 11 11
743315 8 32
7353 8 4
94151 5 51
20993 1 9
62347 24 1
159713 19 19
1483542 20 31
3729973 50 82
793027 7 51
475687 4 47
40689 1 45
73819 4 12
302903 11 14
2098506 28 46
49055 1 30
96658 4 27
29400 13 1
69708 4 50
4723 1 7
37738 3 7
8146401 54 50
1820936 17 35
1190600 40 22
4309234 37 55
51985 1 56
373327 19 51
2137770 80 12
297206 39 6
15022 1 32
3397475 64 46
226658 25 5
238632 5 27
63615 5 7
2310001 20 60
100861 9 25
180283 3 32
16978 1 8
134407 22 3
6481952 20 128
10766590 51 68
982623 17 31
4744239 24 65
142123 2 23
38490 16 1
2931080 13 118
259720 85 1
50754 18 1
669827 5 68
762114 10 46
6174 2 5
227902 21 67
99227 2 17
312918 3 50
1435838 80 57
195117 4 17
2963 1 1
44088 3 6
358965 4 31
2752154 17 72
9203 1 11
24352 2 5
13492 1 5
1464453 10 69
42865 7 28
31611 1 15
558612 3 90
3479924 35 61
4477183 20 98
2017584 21 43
525939 2 100
1603789 73 10
1943807 9 131
589110 5 63
18915 1 11
11347 5 1
275358 27 5
71168 1 30
108546 4 11
372027 49 7
784848 39 53
118550 3 13
6385434 24 101
13219 1 24
68463 2 13
53803 21 3
449930 4 44
854137 21 14
1571308 33 113
115608 2 24
427936 9 29
9561163 50 98
38235 7 2
40278 5 13
616670 5 49
61820 1 47
5999 2 5
171283 20 17
239515 29 12
359347 5 26
259159 2 71
56667 10 10
82588 6 17
853056 44 12
427677 9 24
17967 7 8
3126257 19 122
3310303 70 20
4875187 38 55
18830 3 2
263768 5 19
537308 12 28
272284 5 20
5704922 29 86
120042 3 116
1533186 36 101
170225 18 5
81856 2 17
13271 2 5
678558 21 29
346158 31 5
107385 3 19
1509547 33 23
263732 16 55
9989 3 13
68385 4 53
32260 4 30
38000 17 1
183581 2 52
2327558 18 42
107253 4 37
143481 3 37
140819 2 64
15280 11 1
56489 1 55
1200 2 1
18637 1 26
4125 7 3
1723845 60 17
139345 15 4
3863989 42 55
1432533 105 8
20761497 121 71
223108 3 30
1554439 23 34
73216 1 35
81772 4 16
854791 12 37
5242204 25 101
65599 40 1
76218 16 11
45381 1 31
429533 19 11
134088 25 29
987487 41 33
1803274 61 10
2568545 19 56
229666 9 21
94270 1 55
2173619 41 28
199972 1 127
88995 4 13
773647 8 56
97986 2 17
4034279 44 107
4538228 34 48
110350 7 62
7617438 29 102
10153162 23 138
4808802 13 119
2999598 7 136
274863 3 45
74526 8 3
3311196 104 30
2084936 17 74
11228008 48 109
165963 6 10
2189972 9 105
1837776 32 34
55193 2 19
508734 6 32
320954 17 48
2687275 8 113
55936 4 6
2112293 20 37
139397 6 35
116832 5 11
2612044 34 29
2293799 19 73
1271816 43 97
717592 10 59
60056 3 26
251357 25 4
1007733 25 20
550471 30 34
1190397 129 10
6095787 82 43
3901 1 5
125292 5 9
27516 3 3
29252 11 9
153864 5 17
501243 9 49
1675 4 1
1390915 22 36
83892 4 10
4977 2 2
10121 12 2
329962 15 15
23666 4 2
396 2 1
3257819 54 30
51534 2 38
512652 53 9
3011967 26 66
305912 16 50
85386 18 6
7699570 68 51
1953826 29 35
45142 1 17
8560 1 53
4698983 60 41
90644 3 14
2140054 23 56
362656 6 23
1208279 38 26
227793 2 44
7718577 42 65
161120 29 7
226873 3 27
2049035 10 67
1465778 5 127
1814164 10 91
25504 4 3
3128805 18 73
113721 2 22
118054 55 1
10105374 41 95
2977633 48 20
185678 2 37
1258605 7 68
11518 3 9
102543 6 13
779435 15 79
256141 22 6
27276 2 30
96408 3 20
38092 19 2
48581 11 5
219205 3 27
11032210 95 71
168767 9 8
57616 8 21
2148766 63 11
2771427 37 43
5354491 24 110
83539 28 1
651048 13 47
11595 9 2
564325 3 62
108981 3 14
333765 10 26
79104 15 2
491601 68 3
84333 7 4
1178451 23 31
21935 4 2
502661 8 36
206801 9 9
335798 26 7
1438034 17 32
107355 7 51
91647 3 15
1228232 5 81
185305 19 6
23918 20 3
15056404 91 54
218691 5 26
19701 7 3
29928 1 126
1030330 3 115
56162 1 92
291822 6 20
3219145 49 59
84135 3 27
16494 3 6
5301897 40 47
2431605 24 40
90499 3 17
58439 4 17
18987 5 2
254870 3 35
11799 1 23
6927 10 3
131514 11 6
461853 2 100
147120 20 12
33625 14 7
3520326 66 25
55197 1 33
84956 41 1
34355 20 1
135924 1 55
64446 26 14
1363619 28 23
9564 2 12
11412951 79 55
2052615 10 126
7556 2 10
25911 3 3
8643685 90 32
2966226 27 41
838082 26 26
2590543 29 53
494354 11 24
537325 11 25
1318009 19 38
957373 13 25
42776 6 13
72965 43 5
1805335 26 131
3813789 24 93
1681316 20 79
1075560 61 9
1188372 25 19
150750 16 10
147718 2 43
38653 1 21
2120849 19 55
14346 8 11
8766223 72 55
1462244 15 31
84385 46 7
28282 6 2
27280 17 1
806856 60 40
2540043 15 72
15029540 105 48
2371804 26 37
9211109 33 90
99007 40 1
3121083 20 87
29761 5 32
6066680 72 37
1488343 11 49
32891 1 17
2228074 21 91
1532 1 8
505991 17 11
667922 24 11
849190 18 19
522489 24 106
61183 28 8
72472 8 6
27708 18 3
861577 14 35
302643 22 11
294426 19 5
721385 18 24
71402 2 19
126381 51 3
74730 1 36
408389 12 19
181330 5 20
1024058 7 92
204765 14 29
4148790 20 90
7605324 62 116
325757 7 82
410016 2 77
322077 1 107
739829 6 77
90680 3 20
127502 8 27
34065 5 9
45766 1 15
361159 6 64
209259 2 36
74568 15 5
159149 14 38
2383237 31 37
15688588 77 92
281967 1 89
71392 12 10
5226 4 3
2698 2 5
61198 2 16
444970 4 40
1580466 7 101
1215774 24 17
3308 1 4
3045092 40 30
4521 1 2
18822 2 26
223983 7 22
4433759 18 104
188460 4 49
115375 33 2
240899 4 38
110996 2 87
4813897 63 24
3225769 25 66
92555 1 41
7982002 46 83
14199 2 5
155977 8 26
976929 46 13
318496 22 7
22815 4 3
20832 9 1
934432 14 35
17160 3 5
27434 1 9
20394 1 7
72449 8 38
166407 12 8
92715 9 4
13033 1 18
50156 5 15
203190 3 31
7287 4 6
830867 5 115
330174 13 60
55336 1 24
994390 4 91
8158 1 22
405399 4 51
67092 9 3
7054035 84 81
1884189 40 17
711809 27 86
282670 2 71
2848500 25 71
1737 6 1
5399695 20 121
7396995 37 94
65431 7 15
10455985 52 91
59329 18 7
443844 4 51
72238 4 88
286124 39 8
81787 9 3
3828493 22 59
3801004 89 18
1583036 29 63
119909 1 62
1665794 7 97
58620 5 33
333430 15 17
253800 1 149
599520 18 55
981600 14 37
8613427 60 60
2099385 40 26
442602 67 5
131681 36 2
9591718 62 65
2937762 72 14
284171 11 17
50167 24 1
186817 11 9
32011 2 9
757237 8 58
165317 2 43
40162800 113 116
693472 4 88
207 1 1
4069928 68 34
361659 7 32
4879525 57 51
29897 3 5
3999922 22 67
973441 24 17
35368 7 21
5258274 74 31
4285428 70 35
2740538 43 20
230717 14 101
2981084 71 29
4749923 29 94
210763 6 12
1568058 12 58
50788 3 8
103301 5 39
24159 1 28
5569804 25 78
11716 2 20
21070 3 35
412724 29 8
48730 9 2
16831 2 3
384255 33 4
47846 2 15
20341 2 11
434696 6 31
121047 1 90
12127360 78 52
74734 1 46
260500 1 101
3149 7 1
49871 4 28
8492295 87 40
115071 22 3
123824 4 11
1027111 23 23
373989 16 8
1815080 5 125
903689 6 58
332104 34 25
5562485 41 55
2295654 40 33
238878 40 5
1945967 26 51
11958 1 74
372524 17 11
9970 2 2
56699 1 20
1806017 65 12
132935 39 15
107642 4 10
7088601 56 91
89678 3 102
410510 5 27
818107 13 28
366212 11 40
20256 4 3
4216342 22 62
351211 7 56
176725 2 28
1900384 28 27
225669 2 49
172826 2 107
1668709 10 73
557842 2 123
34291 13 2
546970 12 87
5095 1 5
108932 3 16
5561867 29 115
1176920 44 12
1205865 43 9
788560 18 82
16563 3 2
48608 12 2
2880078 13 75
1128 1 2
6213005 31 103
657425 26 11
1471129 5 125
171922 1 99
23803 1 8
4175171 62 34
13096 2 21
183946 2 50
341206 26 20
1144974 9 50
3738347 14 129
359202 6 29
556059 72 9
89366 2 31
3941 1 4
21383 2 36
829933 14 33
6671294 20 128
70067 1 61
1085693 9 49
16978 1 39
63824 11 21
241623 73 7
1561503 113 7
65235 3 8
2182566 17 73
59957 1 95
1760128 9 113
3786965 37 36
305898 10 12
36037 1 12
2013608 78 17
49865 5 4
2332836 54 47
781877 4 82
81811 9 3
23123 3 45
42905 6 4
181544 85 2
153756 3 28
3964055 20 91
219809 21 5
2751134 14 120
1378356 42 15
127692 1 53
27569 1 11
181522 9 8
151998 2 39
600980 18 35
834818 12 108
638196 3 71
396907 5 28
98821 56 7
483993 9 62
190372 20 3
3061111 58 17
303538 4 34
2161527 36 33
397117 4 38
26827 1 95
4763098 53 34
120803 4 15
357196 13 9
55984 4 6
7906 1 15
107392 41 1
337112 3 87
406253 16 11
64038 1 50
641647 68 33
284790 20 5
1786358 78 10
5242045 33 64
20086 4 17
73854 5 6
900187 5 101
445037 14 52
25175 15 2
266089 14 7
157637 7 32
652953 6 48
567219 4 48
913474 17 20
446066 33 46
3122000 53 20
112964 6 8
6759 1 6
802157 15 21
734915 9 45
814355 8 56
56768 31 1
1513592 11 52
281011 10 77
91674 5 60
504845 18 10
969077 26 19
7020 1 3
435811 6 33
43174 25 2
169103 3 41
99372 4 21
14713 1 22
1131556 13 49
64435 2 13
16066 4 11
2531712 21 47
258918 8 15
191037 2 39
666230 23 19
112706 5 11
32498 3 5
5863059 38 49
40309 48 1
141903 53 1
807711 12 50
29118 2 8
3604082 70 19
486322 44 6
5651296 50 69
4377863 62 32
355662 15 17
320739 6 20
66521 4 11
4422778 35 59
66286 8 35
205232 24 29
451988 8 24
2311106 11 86
709411 27 18
1331648 11 70
33035 18 1
1941947 38 18
387009 21 11
3418409 24 76
103349 25 21
211817 24 45
1381742 86 9
205635 9 27
4760793 24 81
190536 111 1
255505 6 22
330612 62 5
32174 18 1
3087484 39 31
37436 4 10
159091 7 120
343545 47 4
832860 14 28
76522 13 3
25905 8 2
737984 35 10
1868 1 2
79176 7 4
18228 1 10
534135 10 22
174767 15 6
3335783 17 83
2004597 64 86
93721 9 60
147115 1 69
2763334 13 72
558781 32 29
22711 1 74
1284867 17 30
11266077 51 104
3327263 47 38
355587 15 25
800209 19 24
926270 17 31
15056001 118 54
14799 1 23
889570 37 76
107681 16 3
534044 7 101
2261415 10 98
616739 27 11
137101 1 68
80937 3 15
17926 3 3
97297 4 20
5450046 29 69
1056997 17 68
738210 27 24
659996 63 9
19028 5 6
6033851 37 66
630265 29 9
12598 1 6
1107081 32 63
1305355 35 17
281740 35 35
45183 3 8
75867 7 10
1216702 15 30
90208 2 21
2052357 54 12
901831 16 21
12389 1 17
461369 13 38
155259 6 28
2050929 39 52
178304 1 123
113668 8 5
4035780 36 106
15743 1 41
643488 4 82
54854 3 15
13400 1 30
54878 1 31
218634 3 43
554850 53 5
101032 1 43
100016 3 20
9296040 87 36
6855 3 1
200386 4 25
146013 24 2
180378 12 29
200656 37 2
2938483 65 141
87982 3 12
46301 2 12
15271275 80 85
73916 5 5
780039 11 36
15237675 73 111
120729 6 49
1867180 18 50
88111 13 11
40337 2 88
1385904 14 54
4912644 58 31
25611 19 1
201701 2 33
1350357 57 61
167052 13 31
77729 2 16
35062 1 19
128527 15 5
119582 1 70
142118 7 9
194964 25 3
226334 30 11
1730266 13 83
192207 5 52
581417 8 75
1325287 23 47
8945 7 1
342015 2 67
6488427 88 38
2389 1 11
950134 44 58
131081 10 43
612991 7 36
56332 6 4
240051 71 14
315690 20 6
8904 5 1
101556 14 3
1417340 8 98
5497457 48 54
296587 5 22
1668252 9 73
3919312 28 74
2685567 68 65
1462787 30 104
1903089 27 28
35101 2 21
1147024 5 103
1776863 20 28
3099368 17 88
107350 4 10
2465166 18 49
162250 23 40
176024 6 17
1329725 63 18
104571 3 44
65723 5 55
12398133 89 83
231710 1 84
79408 1 66
1571346 15 59
4901 2 10
1791008 7 123
598249 75 24
323488 4 50
148382 1 57
7974811 52 55
539006 13 82
211216 1 113
1953890 29 28
921610 47 10
834619 72 6
677506 16 15
247031 20 7
382265 27 8
4424308 33 63
277875 10 17
1720407 22 133
4374295 20 78
29340 6 5
321713 7 41
851479 21 19
781321 3 86
1918878 15 50
794585 41 9
1618958 15 37
4959838 34 62
65266 10 4
3901661 36 51
2238831 9 130
876549 32 99
1053547 20 54
228987 3 34
591263 14 131
29556 1 25
3959437 60 46
5100985 36 71
78357 30 3
242988 25 8
220892 6 21
1117596 17 58
322020 13 8
705579 2 132
750325 24 14
3530612 27 41
3428011 33 36
204893 16 6
106899 5 64
864670 3 99
495305 36 14
2907 1 13
30746 6 25
27022 23 1
5175665 20 136
138112 2 50
62223 2 19
188351 9 75
2756237 34 41
2287603 17 70
1638812 36 15
1223860 7 69
94738 16 14
345860 33 29
990485 7 59
31949 1 31
212975 8 13
78177 7 20
12839 5 4
50449 10 3
500476 9 29
713015 34 9
6179560 82 29
456046 33 8
451502 100 26
3555 3 5
13820 1 48
296948 8 23
254333 4 74
18343 13 1
34872 1 11
689857 6 49
1009574 8 44
950428 6 77
660122 26 11
993630 34 42
53438 1 38
6403872 61 35
1480658 8 75
697687 78 46
9978 1 37
1025793 12 33
80746 1 97
3510694 27 43
265684 9 12
867672 21 16
1590806 17 30
107512 7 8
76106 1 50
652951 44 26
741792 55 41
2036876 8 94
2104329 15 79
131959 5 49
1762169 90 9
70011 4 26
410520 9 61
208354 5 103
67495 7 54
240755 1 126
331367 1 108
123528 21 34
1308793 17 40
130343 4 15
410588 13 44
98282 4 30
3162798 45 35
38800 32 1
1175460 12 34
199926 6 39
69098 6 6
169991 2 34
211486 4 37
287310 14 15
151404 4 13
1028375 24 106
383380 13 33
40266 2 16
1209353 13 66
2836704 93 48
420119 3 69
1351314 52 11
3025743 22 87
3195879 18 110
389750 6 40
146332 17 4
327872 7 25
1514517 6 105
9088318 45 126
348281 4 75
1065645 15 30
156451 2 94
139876 1 50
1236165 7 59
16482 3 2
711851 10 63
3821195 36 116
128984 8 16
696542 13 72
2054202 7 130
253743 3 97
1890764 18 50
3483414 23 55
316172 3 119
41366 26 8
41192 1 20
174962 38 22
216456 3 37
587023 22 9
6469 1 3
6303243 21 120
421594 5 41
2526 1 1
96442 37 6
407457 17 8
276505 13 9
53302 8 36
1596034 17 41
106853 2 107
22831 11 7
12256069 35 119
1220 2 1
221102 5 24
712751 35 12
174877 3 30
1047665 22 44
3589095 18 76
766334 21 49
328395 8 20
31418 1 34
24221 5 2
340824 1 107
34209 6 3
486552 24 12
24565 1 35
13918 31 2
3973 1 10
3889885 19 91
1801059 43 14
584373 8 33
38203 7 11
124921 2 31
123663 18 21
37832 6 13
411274 37 62
1153413 47 32
1101 2 2
272569 8 16
893498 38 11
569251 15 40
2789672 37 37
812718 17 21
3206563 43 34
210127 1 96
765787 4 70
647604 9 84
600961 22 80
256131 1 128
12566053 51 123
24368 10 4
2431819 41 20
972872 5 93
43084 4 8
135850 2 53
62726 10 3
379633 49 35
245069 6 53
42786 37 1
10580 1 4
493133 25 87
587 1 3
555849 53 42
7831 1 4
251972 8 32
14794 6 1
516321 13 14
81445 3 34
6674613 95 38
30678 2 7
1456970 45 49
4252734 28 110
366440 6 34
110221 28 13
146393 3 20
2276736 36 20
4365907 47 49
1765928 6 100
752165 23 35
89489 4 26
441332 18 14
1097541 36 15
311648 5 23
70424 13 29
300794 33 44
27058 1 87
14963 1 11
132496 3 25
179566 17 40
32633 3 21
64270 11 4
29938 1 37
145541 18 46
735371 30 11
68214 2 76
1245572 19 29
24305 4 7
107530 1 43
1023101 11 98
1046524 57 6
64348 3 13
116903 2 56
187947 15 6
5482211 23 104
2685005 20 60
286140 2 88
1435805 13 92
1184722 9 128
144697 42 5
3568760 37 39
18824 5 14
17457 13 7
70756 1 44
142591 1 66
115062 6 51
463473 20 9
3950674 27 51
257026 7 20
3782208 62 24
55887 1 18
132216 56 3
610064 5 55
65730 17 8
3897160 71 24
214830 2 48
277673 10 13
333604 31 7
1269112 63 18
1499061 15 59
534195 24 24
22421 1 14
2870203 37 34
519229 5 35
65359 3 23
7872 3 3
1378558 29 18
1169860 10 45
55600 2 11
739334 11 30
590651 6 54
303126 14 10
6127063 74 71
35758 3 5
25476 6 2
7826963 39 70
3164518 12 124
258300 2 67
114247 18 10
776828 6 71
143810 67 1
16985 4 8
16180837 66 84
137932 10 10
86458 7 5
165418 6 31
113772 9 25
47569 8 3
354952 2 108
6895085 29 94
4731509 28 73
337204 6 31
120599 18 6
3138319 30 62
5866381 38 123
48189 4 4
328495 38 20
11648367 55 106
10344010 49 73
17052 1 35
504609 11 22
574675 10 56
6158370 56 40
4305353 54 46
74690 1 42
21272 17 3
5138657 41 40
13961243 50 115
81423 9 5
3015684 13 117
2373450 21 36
953395 11 86
350080 17 8
611221 13 28
42128 5 5
1055768 12 52
113532 17 3
1562611 5 109
62243 1 26
552356 21 15
131317 11 9
517795 10 28
7139 8 1
3684500 45 27
10860 2 2
208566 16 25
229151 6 16
1876992 19 43
72582 4 8
30802 2 93
159987 12 18
63431 39 3
494351 4 51
5963383 126 27
1125891 25 32
25318 4 2
35029 2 6
1642459 4 129
54438 12 2
3751 3 1
507539 16 10
1430129 27 57
61528 1 82
1044732 9 48
147986 15 8
503318 34 9
245076 3 31
1898502 58 16
514715 53 16
515022 32 12
1935462 65 17
93749 14 11
1809 1 1
3812615 30 60
14750 7 1
1567493 16 40
59617 4 23
188247 5 15
93796 1 50
68817 11 3
315664 18 10
23725 2 6
10730 4 7
213469 16 26
1140017 28 14
40506 1 28
24347 4 9
219724 1 107
134465 7 45
821277 3 92
84823 9 8
41523 13 2
2113226 34 35
7199544 49 56
91248 11 8
9919 7 4
115125 6 51
100080 6 8
3372121 46 28
17712 7 1
2778475 15 99
1312268 25 23
49857 2 19
645934 17 16
350330 5 37
19529 12 1
250973 3 41
3358349 36 49
350062 14 12
76798 1 62
945588 27 11
39881 1 13
101787 12 15
12619344 77 58
135355 1 71
1112001 18 26
4046833 49 71
9970 1 6
64846 1 69
8341 2 10
3055745 32 38
395413 47 11
590533 5 48
2704645 30 57
93215 33 2
214442 37 16
18363 4 12
3450500 84 50
281944 11 13
52473 1 27
131855 15 11
3589897 31 72
766655 8 54
990468 24 21
5104538 23 133
5491 1 16
200092 4 43
281228 1 98
39376 23 3
1312116 8 87
428184 5 60
5384425 84 24
8416431 99 47
498243 18 10
195407 8 13
6153905 24 81
3942226 21 77
2031078 15 71
595068 32 17
616125 37 7
547134 15 21
2661253 76 29
877311 23 23
4705122 44 74
60164 25 1
340638 13 9
279773 11 8
3120506 25 44
106111 3 15
366766 7 19
2104369 13 70
46528 8 3
2267529 44 32
8148 5 1
697168 7 37
1778711 76 107
137957 2 29
1776351 18 50
11645 1 7
1380699 10 60
158488 6 23
3188351 36 39
223527 11 11
179450 1 83
42983 6 16
1529011 33 20
5214127 65 28
192168 4 29
745718 9 65
72585 5 5
61570 10 3
6233426 79 41
813476 25 128
752047 9 31
7545275 83 46
343203 16 54
1423125 23 20
10416 1 44
59799 1 20
3611 7 1
150122 9 15
1925074 11 79
927984 55 42
65627 10 4
349080 25 16
21569 3 21
3813513 33 58
103109 4 13
2586415 24 66
227256 33 35
340395 20 24
93875 7 9
327807 2 52
22289 15 6
5421 5 4
534954 28 22
153335 26 2
395501 45 12
4431799 28 57
883230 14 28
991940 116 22
623104 9 41
145777 2 45
838999 65 18
615273 38 7
7246224 38 61
353505 15 91
1099683 36 12
336065 2 75
1961260 54 49
58050 21 1
1287976 8 99
140022 1 46
261416 16 12
297237 5 33
168285 4 15
49179 41 1
840801 18 22
1761934 12 57
2015763 86 25
538866 9 52
5161325 37 50
348881 6 22
2597275 19 79
154888 17 4
48419 1 26
107683 1 36
4108690 15 92
7577471 62 141
1598291 23 43
385282 56 3
19143 1 6
1425288 17 61
223644 8 15
894729 13 28
315878 1 105
14167150 61 99
519339 2 101
1833905 13 81
1892287 33 43
497960 26 6
502881 5 39
299970 2 55
27611 3 11
1002046 16 20
20214928 57 118
83689 13 25
473519 29 25
1280096 56 17
933407 9 77
5501343 87 20
7013 1 4
26998 1 44
1530958 12 49
126017 4 14
1964801 10 68
11064 7 6
45094 13 12
7004 1 4
16710 1 7
210633 22 7
6867459 56 45
886298 19 18
10168 5 9
25304 65 1
221734 5 53
43166 1 29
55289 4 21
852804 28 18
12217 1 6
382475 27 5
22087 1 17
1122482 37 13
6013045 19 142
9616986 43 100
28244 1 16
13050 15 5
197216 3 35
1722532 23 40
962213 34 13
198912 13 9
98294 8 6
422688 4 69
7309 1 3
29347 5 3
140576 12 4
87733 1 29
34902 10 11
71323 2 35
2371801 15 80
42649 7 24
1429 1 5
2727314 59 26
133798 23 10
36653 1 12
582510 15 13
293877 16 37
7912565 32 93
57483 4 21
1690688 20 52
257365 46 3
28348 16 1
679285 12 24
192476 7 15
572064 10 29
1293057 36 15
1658391 28 29
10154 2 16
244950 9 11
1404391 28 16
1511542 75 12
31766 1 16
10070321 48 123
387673 6 37
1409894 5 89
375568 20 11
243358 6 13
47323 3 16
18814 1 8
76422 2 20
680951 5 55
730217 9 32
1623952 15 78
32664 1 17
34765 7 4
31775 6 4
1684337 9 85
1357517 10 53
69075 1 22
135651 22 2
36944 3 4
21309 2 18
33848 9 13
224315 1 79
384867 2 75
649462 6 38
135309 10 47
4113 3 3
203146 7 16
3449998 30 64
85702 2 22
3150499 18 75
1246932 25 66
397914 12 20
212078 25 11
17135 13 4
4633529 19 95
166019 31 2
18496 3 3
169420 6 17
52713 4 5
398927 16 9
48352 18 7
549628 16 14
92899 4 9
42425 23 1
3042460 28 35
4521203 32 50
35856 1 41
72090 25 1
896859 18 17
12041 2 6
233211 2 48
1317388 15 35
3965514 54 31
