150 4589 2309
129 28 20 24 129 140 100 90 88 82 13 63 50 14 41 32 108 24 129 1 118 97 53 88 100 2 56 131 113 28 37 52 106 102 135 41 106 51 149 131 87 124 3 86 131 4 136 43 149 86 23 22 19 104 73 73 28 44 4 23 44 99 126 39 6 17 119 79 52 138 78 109 41 50 10 3 50 141 100 18 118 124 115 132 8 108 96 61 140 137 37 146 137 129 75 12 38 32 146 117 24 137 30 70 57 41 56 135 38 130 48 134 49 103 54 148 111 51 53 65 5 5 17 138 99 112 23 120 12 144 116 89 52 62 62 124 34 49 117 95 118 133 49 15 57 115 43 146 73 76
119743 2 42
56157 1 117
1628600 22 76
110917 1 56
8084853 61 61
508407 68 6
34011 8 2
46388 3 12
93795 42 5
53766 1 42
1117285 10 60
284406 10 44
754004 14 99
34306 1 62
447269 10 38
7529729 63 57
237428 8 50
69588 2 28
2435708 37 65
58538 1 46
170833 7 45
578874 5 95
9428144 45 107
1259103 13 63
947850 6 112
145822 28 27
48012 50 4
400654 6 51
52289 7 4
13396 22 2
1136044 14 50
523177 5 113
206051 5 24
8914785 93 49
8168556 62 86
23507 1 92
106295 17 53
13370 6 1
87133 2 27
2206991 69 18
56201 3 26
2472210 40 34
5227 1 4
1358384 15 58
93075 3 105
1226716 9 95
525219 49 8
151345 2 53
1726866 20 43
117357 35 27
538844 30 29
46615 7 4
355928 42 9
70795 25 2
361852 6 28
48861 1 115
18893 6 2
373541 12 36
700870 4 134
19737 2 55
16477 8 1
613128 16 72
319646 65 12
160530 3 30
169920 39 3
2689389 66 34
1705359 44 94
11901 1 8
191034 6 102
5942 7 1
161170 12 6
180150 1 84
1385087 6 123
110924 3 56
34595 11 4
1730 2 3
146586 7 20
147594 14 6
58777 82 2
4575 1 3
603 2 2
73065 2 29
818128 66 85
11553 3 8
5387110 88 37
45786 4 9
11712 2 5
137963 6 15
246284 3 39
85414 1 40
809681 11 59
3947638 36 67
5608 3 16
7077 15 1
51376 8 5
8000 1 7
251240 7 46
241521 15 12
76701 4 86
2737153 28 43
477426 6 52
17724 2 5
74680 3 26
184411 1 80
2968833 16 81
3451523 71 25
302637 24 15
206988 5 32
8996 2 3
273945 21 32
146626 24 38
436815 56 9
69256 1 76
108303 1 66
682754 9 66
393117 2 115
18320 1 94
76053 10 15
378993 18 36
5530330 24 115
6257821 36 119
127346 4 33
259847 31 7
1886 5 1
3325 2 6
20862 14 3
11494 4 2
93726 8 80
9909 5 15
869199 10 65
188943 7 22
123056 7 10
1303751 29 42
3428370 61 56
458884 10 34
805831 17 27
8079 6 3
414915 33 26
64901 3 11
170966 57 4
5056 20 2
208964 2 58
14226 3 3
188828 38 20
481246 6 46
28965 15 2
126015 8 101
7407102 49 84
15716 4 5
1611410 42 18
113019 11 7
176411 109 1
5437707 21 123
3234548 28 57
207747 6 28
17275118 78 96
60029 13 21
54041 28 13
71433 10 16
11226 9 1
904280 40 13
207490 5 73
362054 6 35
691614 17 29
223981 1 125
55512 1 35
125894 11 9
157814 26 20
4059 2 2
173046 5 57
1221652 8 87
19980 3 11
123362 47 10
2292258 37 33
109512 11 5
244673 21 10
5827718 21 141
13349613 120 64
3039664 22 81
811766 26 16
2060144 53 54
107090 17 10
29367 2 8
271819 2 59
1040825 34 34
68895 3 12
218104 3 34
277565 10 19
197978 4 43
110711 1 94
42138 2 33
900994 12 55
123837 1 54
3273182 90 39
4063863 35 106
77159 9 57
5720232 28 94
6335427 65 85
352987 8 29
274376 27 27
48893 7 4
561165 25 41
47263 1 55
11993 6 17
299377 8 30
15273 19 4
34043 6 5
949717 4 106
491618 5 61
25279 19 1
218840 5 33
235477 4 37
79274 4 14
48775 4 8
20359 8 7
4365714 46 61
698378 37 13
8958 5 2
4649 17 1
29593 2 8
1096691 7 112
184685 2 94
616319 4 94
171170 30 12
96260 13 40
1015906 18 37
121151 10 8
99121 21 3
12981459 59 115
150882 1 125
211894 25 18
3291591 65 29
12849190 126 63
1060819 47 60
65965 1 46
1357813 48 90
191860 13 7
102671 13 17
45234 7 33
869661 21 41
28740 2 9
8708575 46 90
43520 1 19
210644 4 84
40807 11 7
3706508 29 108
188151 12 59
113485 94 1
1808397 37 36
30125 17 2
1129643 11 66
564077 68 6
546540 100 10
406594 68 25
323461 4 78
1055086 7 102
10300 11 2
7568 1 6
53267 4 10
2645118 11 128
693532 53 32
150625 2 35
162309 5 20
9536 1 5
363126 14 42
2836333 23 102
341502 27 105
2069259 28 51
630000 15 28
38170 20 15
22623 5 32
447380 21 16
28742 2 22
2849402 60 50
274505 10 15
249161 3 50
42508 10 3
575877 36 27
508810 2 138
583006 16 20
6899077 44 79
188473 4 56
239370 8 23
84242 8 7
555513 9 37
37569 3 14
27977 4 10
275659 15 11
113728 16 5
444128 3 127
770650 4 111
225578 3 47
42905 11 2
919706 37 12
4095248 33 54
881259 78 9
191704 14 70
353013 5 33
120228 5 20
39082 1 37
639432 12 57
233018 4 34
338722 5 42
302270 8 29
1669678 89 19
71184 16 10
478579 12 107
162771 7 19
1987477 57 58
3428509 40 72
195612 3 56
104093 22 4
99097 1 57
12863 2 3
30836 4 5
11202 7 6
20506 1 115
1628509 72 12
1301568 10 84
90275 6 26
192839 7 74
299721 4 60
257558 3 91
126435 3 23
1434719 30 25
13644566 94 109
361750 41 52
464575 18 14
218908 5 28
449879 6 37
37713 25 1
489013 7 32
143887 13 5
239024 3 67
36068 9 16
175048 17 8
968998 12 63
13040 2 5
165822 2 58
189322 11 49
333590 28 6
1414129 85 19
52351 2 17
390920 3 57
10772 1 60
52212 4 11
2526580 20 112
70659 1 39
22715 2 6
43507 15 21
161376 10 16
1047135 57 18
41471 6 5
147824 29 3
2051450 19 78
2701 1 2
3633727 32 73
224972 1 116
411537 8 29
2982679 14 131
80301 5 10
307945 24 7
1312347 10 102
8324781 53 72
92299 23 3
20628 5 2
1703735 55 22
3443721 25 82
2249852 34 124
181804 2 55
22888 1 19
69179 1 74
1187 8 1
211420 58 3
302428 10 21
140243 16 75
3280373 27 88
7155259 29 125
39210 10 3
34286 1 20
74865 2 26
1339 4 2
7234866 30 108
3110729 16 92
31559 16 1
306998 2 72
51443 38 6
170965 1 134
68818 14 4
983571 45 53
123223 1 75
72491 7 7
1277028 13 72
48424 5 6
1432024 8 121
197783 7 19
133730 5 22
636340 14 34
12886076 68 89
296106 5 46
429173 27 32
45557 1 36
111606 3 25
4511731 46 74
243351 20 25
144192 12 22
72846 4 11
15123 1 53
56296 2 15
99800 1 73
30413 5 36
529158 23 13
2421 18 1
228538 16 12
24357 1 11
575551 5 71
7790 3 20
145770 1 97
57352 11 43
3132 6 4
3765519 103 30
4567895 45 74
3240806 37 73
194255 15 7
3163407 27 61
17091 24 6
3083057 19 86
311095 13 11
273117 27 42
313792 28 18
4856123 64 53
983313 8 78
1011050 22 31
470264 16 13
246461 19 41
50163 4 8
558452 20 20
1031729 98 56
2518 3 2
546964 28 25
4387 3 1
619386 64 8
13069 5 2
328141 10 25
1822225 18 61
9075 2 2
31242 1 17
13426 5 3
61485 3 89
805953 44 13
679869 19 21
223068 22 7
2908085 96 74
72728 4 16
11811 1 6
78324 1 47
7950914 92 45
2196391 31 39
584942 36 23
403667 11 22
37486 24 3
1798293 14 76
1158945 17 62
57358 2 25
11782 3 2
2004380 18 78
1497848 60 17
181726 3 60
3829 4 1
87758 36 11
334474 52 6
3123039 16 113
46519 12 2
1052670 63 24
872118 30 33
201720 3 52
1278056 22 47
1752165 43 25
78493 15 15
215264 10 25
79682 3 19
103870 10 10
155564 11 36
289866 31 6
28639 5 16
36891 43 1
121135 4 20
229987 27 9
116012 11 27
440202 36 6
1938838 27 47
276699 12 72
29015 1 23
4388 1 3
34079 29 7
15619 13 1
179 1 1
262666 19 14
100460 1 51
548087 38 21
331207 17 16
2336507 54 24
736794 23 26
2128100 16 68
108723 6 42
250467 19 11
4085402 59 103
956008 56 26
48556 1 39
185193 96 1
1513672 56 38
530347 23 69
117784 5 13
26422 1 36
736619 27 67
23965 15 3
198064 2 63
227379 3 49
70242 1 46
35699 1 89
263683 2 58
1811135 48 30
2764378 23 89
65431 3 25
315753 73 5
57520 2 29
603499 10 43
229243 35 3
48208 2 18
214942 44 16
83566 2 88
54065 1 26
637842 43 9
37281 3 7
50150 22 1
143970 45 9
3264889 94 21
7304 3 5
412119 8 25
273918 58 4
419514 3 64
16844 14 3
58069 2 34
4101170 49 63
122354 1 82
90946 39 5
1902957 10 93
1223 2 1
30161 6 6
266994 3 78
866087 12 66
381416 10 32
12282 16 4
2241209 45 62
2962 1 11
408492 66 3
1248131 28 29
716174 44 12
112245 21 15
868341 10 65
126585 2 50
4358166 79 36
40755 1 20
4787826 37 107
137832 31 5
9560 4 6
1898072 11 113
152953 11 7
206514 5 19
1016050 34 14
1183 2 4
679560 5 65
108174 1 62
3327878 24 86
769529 20 25
40654 8 3
7306394 29 116
242968 8 32
56783 3 16
8039878 62 64
124369 2 59
213274 1 127
6496882 56 56
361403 25 56
591041 5 67
847766 16 32
6227887 58 48
270352 7 21
319002 5 29
910626 18 31
188039 9 20
5648705 35 118
80177 1 47
1587739 5 138
103481 1 83
3757236 60 54
8760692 69 87
6239 1 3
124487 4 67
13006 4 11
3214582 37 46
11246 2 4
380170 9 80
1138816 12 42
260260 41 14
249456 7 100
611995 68 4
212722 7 19
79587 7 8
1200787 40 64
193901 3 39
136675 4 23
374 1 1
91754 11 30
537919 12 24
811348 19 88
19913 1 20
22638 14 14
513188 19 60
42181 2 12
142008 8 8
999365 54 14
5455066 76 59
74940 3 14
591660 6 45
37741 15 2
219729 4 30
315733 7 20
3080228 43 41
13257 1 11
27665 2 20
531368 28 9
93244 8 7
13832 3 3
15419 1 7
3165014 36 63
31276 9 10
2371089 62 34
3262707 65 26
216314 16 69
588745 41 12
1071320 32 79
59129 5 70
171855 11 70
4111752 44 42
1895268 28 54
4108280 55 73
4493 1 6
849111 54 26
53650 14 3
1598767 17 55
235642 27 30
106122 1 61
20227 1 9
765800 49 7
868197 17 28
9179 4 1
75932 1 38
1050549 17 38
64647 10 4
17467193 130 88
23910 2 8
461969 22 14
125903 2 59
29137 22 10
104650 66 3
958716 29 27
13027 6 13
324882 4 69
58136 1 58
430905 14 16
213607 6 21
71373 32 2
787455 4 138
214923 23 28
404055 6 51
219919 2 73
507749 20 47
543007 38 10
1701853 19 42
687151 30 15
853924 50 26
190985 19 16
27430 4 5
229214 2 60
35533 4 5
487743 29 9
1162328 27 22
300297 13 88
2559145 70 19
42637 6 5
578407 4 97
6481 4 9
21883 1 122
1333901 40 44
733445 17 81
2226315 26 41
22719 12 14
2332416 51 105
3837524 100 29
5657860 102 48
429935 22 11
181185 2 51
35886 12 19
1177851 6 94
373740 5 51
183378 3 47
2096562 22 46
5782526 31 114
104683 17 3
419085 9 77
225052 6 21
4317 1 17
921400 30 59
11502 6 14
32057 19 1
103380 29 2
264786 6 24
18162 2 27
6493 7 2
975432 20 64
21547 1 68
397919 4 55
27287 1 21
1411338 31 22
458133 19 15
1378712 14 101
1085492 15 45
30114 6 8
2492395 88 69
202311 4 37
26057 2 8
5577023 39 79
2982686 49 39
768443 28 12
343527 6 44
23878 2 6
3695676 46 43
119553 19 4
258181 2 106
2886998 84 22
3811 3 1
1153816 30 43
341085 8 33
87604 5 12
201102 1 108
26065 2 52
5126619 45 56
78950 3 12
251049 5 81
33315 43 4
63011 5 16
160676 9 74
315718 2 79
10380 1 26
418714 4 73
3255885 22 73
221070 1 122
319779 58 6
3144 2 1
19018 3 6
360879 47 12
784892 9 66
112164 28 3
31653 7 4
116656 11 24
31275 6 12
11053 3 3
486076 5 79
1198472 16 49
1621296 31 52
196052 38 4
36868 16 1
1232730 35 68
307405 19 29
536745 18 15
1281749 12 47
1012760 16 90
17392 13 1
4012359 83 108
5765 1 4
159040 15 27
820380 26 22
422296 11 37
1214273 19 51
1691302 34 39
5740919 55 47
478891 19 16
115081 2 35
86317 13 14
42142 25 10
65473 1 32
48955 3 20
499211 9 48
605402 16 54
506997 51 10
10320352 39 129
706072 9 34
1081421 48 121
14489 8 1
29980 2 30
303580 22 24
426694 7 29
2024276 75 17
2997488 18 99
2245164 22 69
23981 7 2
76517 7 9
3219 1 2
2860437 43 36
2307 2 2
16833 1 11
7992 5 1
739590 14 48
525404 6 38
38871 11 29
126190 23 6
140111 22 11
767721 6 101
2151 1 6
217422 3 45
1449 1 4
12056 1 38
176477 56 5
334869 35 29
59816 1 27
1209478 16 37
3930656 33 102
16455 6 2
3149171 21 70
339499 65 45
111934 24 3
68507 3 15
544959 73 4
90241 13 19
26722 2 9
249958 13 10
550135 14 35
147264 1 64
356385 33 17
258208 57 13
606067 47 10
120659 6 11
1652682 22 100
166645 3 44
1717203 31 86
947522 5 134
156049 2 61
41962 1 29
246765 19 6
4115205 25 93
815722 19 37
3094 2 1
27692 30 1
29642 20 2
3201 7 1
1581448 30 43
9804 10 4
5131640 98 31
8056 11 2
14602 4 7
11161 6 1
41323 38 7
47079 2 15
730721 22 15
4326768 22 100
44664 1 26
9313 4 2
67878 4 9
11209 1 44
44884 1 34
808499 14 26
4148738 26 112
5305459 56 93
28998 1 41
75851 1 38
514537 24 11
991134 28 29
133152 14 5
277128 21 18
15728 11 1
51859 19 2
192001 1 122
3352 2 6
21168 17 4
191032 4 34
377852 25 8
2035561 20 66
47219 10 4
685250 21 32
3193419 25 98
3593188 30 76
48170 1 31
1901320 58 24
928755 15 29
293595 10 23
78188 1 36
413830 30 13
868026 29 55
45379 5 20
114471 6 16
4353955 52 56
561808 10 72
53094 3 20
1405169 15 42
188139 4 30
20381 2 8
1045734 12 40
830052 20 68
2266528 34 37
748344 13 30
613810 8 46
68157 6 39
2326 9 2
274613 13 12
39545 2 19
6582517 42 75
56255 4 7
697563 19 38
1838012 9 108
14655 15 2
808876 57 7
139706 4 19
438364 11 33
1245881 17 45
94766 2 36
4790694 23 111
4878524 32 69
396094 49 4
934290 10 58
194465 3 47
232889 2 60
599169 25 16
98527 3 20
291551 2 96
4678388 35 107
1238372 14 60
94695 9 30
741804 24 32
45766 3 16
158371 4 26
157827 49 5
56779 3 13
114201 10 6
318465 17 21
439525 8 124
25340 10 2
579707 5 63
144126 1 85
932063 27 64
31245 8 2
714896 3 110
71619 6 8
41172 15 15
1138606 35 20
639298 5 103
1510056 41 75
513581 20 34
83461 16 10
387923 24 13
365142 17 17
46416 7 5
11713406 38 144
173366 1 104
6523 1 5
431196 4 79
6665421 40 90
45208 14 9
33377 3 9
35261 5 15
17343 15 3
1962981 15 66
555774 43 48
209319 9 12
2586 2 1
879727 13 31
583924 39 34
703987 16 32
4826 1 4
44094 1 30
27584 1 26
375366 2 132
112185 9 15
21416 3 6
67273 3 46
2559462 34 59
91989 30 13
3742076 74 63
290307 36 17
545339 19 13
1285484 74 9
162573 5 40
175697 3 34
16146 1 33
9647 1 8
35278 2 55
241 2 1
4220299 40 85
313595 10 21
6723 2 13
693566 10 48
1351229 18 59
12559 20 3
13466 2 7
2612930 39 35
87604 15 5
76221 3 19
42078 1 26
130864 6 16
2837733 22 101
563629 42 8
1277486 53 12
68398 42 2
220227 1 121
2147991 55 28
38683 2 14
7512948 47 79
315367 3 53
864991 14 33
264974 15 96
3337091 102 20
30748 2 23
277236 15 12
209913 10 12
54908 2 22
236916 92 2
2889754 70 27
4559 2 5
2875 1 5
12861 2 43
990 7 1
1641322 52 46
106463 2 63
1610 1 4
44808 7 31
624039 20 25
264133 12 68
52266 3 14
54158 40 11
847134 6 86
983845 31 25
255990 31 6
103904 24 33
4460754 20 123
67037 5 61
1136742 54 13
174152 21 4
1762752 25 38
77878 1 94
2181090 22 68
53956 1 46
81957 4 17
1027832 41 66
495506 63 5
821717 14 39
532519 17 105
1089196 15 52
69511 2 16
344174 2 123
475394 7 34
229750 3 53
9390 7 2
2843 5 2
2626 1 2
657996 48 9
976426 34 18
80949 24 4
1318368 38 23
429398 4 80
78206 1 35
247172 7 22
83380 4 49
624506 87 5
34621 60 3
1099691 61 55
146010 3 22
2371 2 1
681055 58 9
325517 9 25
1050 3 1
212362 6 25
1662027 11 83
2012079 37 31
926967 49 16
635658 31 32
120991 23 9
232273 2 61
38130 5 63
214090 10 14
858863 15 44
603321 33 75
92906 1 64
110790 1 91
864423 54 13
10180 8 1
2923500 19 67
42215 3 28
941921 9 64
1122722 18 42
312575 8 81
7754 3 13
105071 1 68
305925 11 22
660665 19 27
243063 5 24
10041 1 5
270590 31 19
1203319 31 69
988694 65 13
36970 1 19
16607 1 119
28335 4 39
848416 4 93
82638 12 12
6271622 52 60
113003 10 7
741374 16 38
2059350 129 85
508208 15 15
265278 6 24
4318508 15 125
26960 33 5
1816564 13 64
42469 1 29
53390 20 10
381533 12 38
5042260 67 43
1859576 20 56
1301613 44 20
5503 1 10
47679 6 6
101359 14 19
7123 1 6
229097 11 86
143222 14 20
94060 3 25
596889 14 70
34904 18 2
70345 6 19
1061049 39 13
16382 1 20
201741 2 106
1850879 45 82
984338 10 55
2117958 20 77
5582 1 9
415369 54 12
40122 7 24
2068515 29 82
140098 40 3
3958 3 1
3154778 56 29
5516 1 24
3196126 19 83
659634 32 84
68778 13 4
44130 23 1
2197938 67 66
479049 3 86
472401 95 8
40442 3 20
1000 2 2
169033 55 2
2098374 76 41
4551819 22 116
27123 1 20
486 2 1
6985 1 22
17528 6 2
85315 5 18
227617 16 7
3289 2 1
902681 59 10
342306 9 20
506792 6 47
53631 10 12
101844 1 86
1599627 30 37
38486 16 16
98344 2 60
1499949 11 71
38699 3 30
633804 7 44
2289761 56 26
833776 32 21
38105 42 1
3740313 50 48
248668 2 70
775906 26 74
1340991 15 52
532331 31 22
284415 17 41
55775 6 6
1932031 51 17
4546752 20 133
84294 1 45
1536260 17 127
156639 6 16
7656067 92 85
3331741 44 94
209387 2 46
388 1 2
194320 22 4
398431 19 12
1177536 56 99
74654 35 1
200155 3 85
583978 83 44
145072 1 77
7693 6 1
33911 3 6
945458 10 69
781319 28 50
3806742 55 30
426735 3 109
954957 43 19
2894818 16 90
62390 3 75
40041 1 20
188450 4 38
734875 41 14
905177 14 136
32865 1 138
12332 6 1
5285932 77 59
437697 62 8
61710 16 7
108922 34 24
49844 5 23
37102 1 19
228534 10 109
288879 3 75
521797 26 24
4660993 20 130
1507981 9 86
255990 14 25
213809 46 4
628720 3 103
93584 14 16
269354 8 15
370739 5 41
48010 27 3
1841153 9 100
1822247 33 97
359660 4 59
1580540 20 41
12441 1 8
1140133 55 17
771661 26 107
2842165 57 26
29934 10 2
6881023 51 99
10095509 38 133
544625 10 30
187993 1 86
5056304 22 109
87818 12 6
30745 9 2
51432 3 10
2325571 25 89
29540 9 6
1293170 47 21
28382 11 2
688346 78 5
87682 14 3
458803 55 7
4899046 37 113
66214 14 3
48117 4 51
712192 30 71
158914 60 2
1587239 32 135
2676064 21 61
120833 3 20
54777 13 22
733821 7 51
342236 7 29
85575 3 17
568267 86 4
2371037 17 65
6011370 35 86
43016 4 9
1122683 13 58
66152 2 16
118334 1 77
177614 1 114
33643 1 56
61072 35 7
262876 9 61
4258722 45 46
254786 47 5
74938 6 9
10308918 96 58
1521318 38 28
438490 4 60
4513551 28 86
30442 1 24
824805 14 50
160205 2 38
262595 28 7
1150247 20 43
740620 5 75
346675 5 50
140890 5 14
192827 2 101
46554 14 10
7871 3 13
1776703 42 26
237755 4 29
422053 3 77
316397 44 45
736525 25 13
101059 21 36
120602 2 36
251028 23 62
63580 1 58
374730 2 103
42787 2 16
7239 2 3
753224 10 35
274977 6 29
2159 1 1
356766 8 39
2001825 96 38
2061548 12 81
208552 34 9
385868 29 18
403832 20 16
1185174 16 42
81593 2 66
14611 34 2
3226307 25 85
276822 22 6
174320 6 25
113267 87 4
837034 6 66
533214 38 11
1242076 10 86
55704 6 16
458460 2 113
1040751 18 29
169775 63 8
3718037 54 40
5147 6 2
1059136 49 19
207585 7 15
12305 1 8
4173061 59 47
304481 16 11
3716639 49 49
98082 37 21
339956 15 32
310332 5 35
44680 2 17
1512886 16 43
3213189 57 29
1437973 21 122
565258 6 53
549069 19 18
55048 13 2
10740 4 9
188266 24 6
572125 3 115
417578 30 65
16316 1 50
431290 3 67
78199 1 38
3720807 30 67
1139149 63 22
679157 33 74
877811 18 24
133954 6 15
154377 24 7
4008750 26 122
327591 23 9
5083388 67 44
228664 1 102
108869 1 80
83655 3 15
182901 2 64
1750306 28 40
130958 67 7
536026 11 28
987690 44 11
498829 39 11
11542 1 5
625398 28 20
1957307 27 45
42211 11 4
560899 12 50
17860 19 2
30190 10 2
414558 22 12
400857 28 9
165099 7 18
1584668 69 25
174220 2 73
2947386 31 101
1668681 15 53
19911 1 13
10634 5 3
1875 2 8
193092 2 62
152078 2 51
861636 29 84
195741 13 87
57179 11 3
298574 6 68
437083 25 40
86793 5 13
2919527 35 68
1258862 15 55
18718 2 8
581508 10 32
32508 45 6
85691 9 36
6170 3 9
594110 22 48
555390 22 11
2022150 22 45
510527 2 134
14877 6 2
208283 48 10
422560 45 7
846417 66 9
30014 3 7
1475568 37 89
5314746 19 131
1046 7 1
1400 8 1
28819 7 7
838826 49 27
1350 6 1
7286 7 2
936367 26 61
731635 20 39
61439 2 22
9274774 61 93
97508 10 6
102056 27 10
553888 15 26
1907030 26 61
3185428 85 30
553728 10 42
1770 2 1
1806606 21 49
58626 2 62
48679 11 2
171312 16 6
46614 24 1
2949328 36 44
109070 1 91
260757 4 47
2579681 13 131
1566265 50 19
18062 6 2
22345 5 3
831587 10 59
1476036 14 46
4126 1 24
233169 8 50
361130 7 27
55250 1 35
689745 10 43
294608 14 43
25535 2 42
334930 87 6
20131 6 7
246456 7 25
1520 1 4
15434 1 26
1033563 102 6
310221 21 44
228968 20 5
2328 1 16
245888 6 20
1309963 43 49
14886 1 76
6267 3 1
29812 1 17
1066705 66 13
32071 14 4
5474307 89 32
11888 2 9
2650903 18 72
519679 3 77
576337 47 8
15500 3 7
602261 66 20
123610 1 54
19113 45 2
218000 13 12
93741 4 16
203713 9 14
179641 12 10
64111 3 50
208452 15 7
1804857 10 92
49246 25 2
338760 2 86
38369 1 17
606760 34 13
151790 1 85
154421 46 5
322997 22 21
417156 6 109
297288 8 21
230683 63 8
157659 5 16
19523 1 11
29392 5 22
7237 9 3
1590 1 1
56573 17 2
8869 1 14
16754 11 6
20713 1 15
455509 66 21
175980 9 11
221821 5 32
1429333 13 60
23074 21 1
220055 3 77
1857 3 3
5864 6 1
283874 7 23
2746663 39 61
652737 42 24
681930 34 10
50497 10 5
2445 1 4
133339 9 14
295661 40 9
118233 2 73
47816 1 36
500206 139 2
692754 19 28
391942 92 16
6583 1 3
121226 2 41
1052169 54 9
46505 1 27
81762 3 124
80074 2 26
434369 9 33
195640 1 112
45663 22 2
126833 59 1
12580 12 3
157690 11 10
77518 2 39
89844 4 30
679757 10 110
5615706 72 66
74165 2 25
449548 54 22
14181 5 2
29766 1 33
403934 22 19
35123 22 3
9363 1 6
416938 18 13
6518 2 9
29180 12 7
205408 10 12
14736 4 18
2308227 29 66
27623 1 12
72959 2 68
1201815 4 133
5240 4 4
67054 6 5
333183 8 25
2115910 43 28
184710 1 91
1875694 46 75
110752 20 27
203952 19 42
7987720 47 86
135022 2 58
13096 3 27
26844 1 15
224960 46 17
721091 12 89
98438 34 2
98694 14 18
100594 2 30
2189159 44 22
718260 5 69
252351 5 39
330166 16 16
318209 3 67
94186 20 28
79410 4 10
2652131 23 60
2930 1 15
24180 3 4
538327 3 91
159629 23 4
803400 6 110
201843 2 65
142577 1 102
5848 2 18
37227 3 9
194897 37 23
117449 2 45
369428 28 8
260705 36 12
188391 8 77
450480 3 131
106026 4 35
3399644 28 63
19971 1 23
298973 13 22
316571 40 54
1701804 40 22
1579799 33 60
1344315 46 80
30306 1 43
89889 68 1
3669365 26 63
286285 25 8
36535 2 34
242364 5 39
63184 2 38
216020 11 9
796202 29 44
3457236 51 39
56947 37 1
144299 25 6
111769 1 58
29457 1 29
49412 3 48
6216229 64 43
606137 29 10
338008 18 13
4485 2 1
236457 2 81
205923 3 67
137685 13 12
465972 10 53
3430021 39 62
183897 3 65
1408892 23 43
102280 1 49
1981990 13 70
1353065 58 14
452745 19 13
335712 3 58
59440 2 13
439725 21 30
690122 11 33
1984657 80 19
150120 2 34
477848 16 29
11834 2 48
74607 3 41
200946 15 6
1949174 46 26
1073166 27 53
1304032 19 56
4186863 34 70
795125 8 46
4811071 64 80
727461 6 82
2405425 38 32
637333 6 53
58466 79 3
122613 7 15
57727 4 11
1277757 15 48
127969 10 50
135508 8 15
60464 10 5
406323 5 55
37149 1 46
162219 5 58
233160 2 75
14844 2 4
126266 54 2
473877 6 65
57894 4 10
389117 17 104
142992 2 58
49640 4 19
50207 19 2
2737029 68 29
64792 1 42
126143 3 36
171706 5 29
111517 2 38
84110 22 4
241568 10 11
16098 2 4
7793131 40 92
77682 1 38
36152 2 9
72647 4 21
178710 2 100
25272 6 7
613429 25 27
24508 7 3
1356128 28 38
2529653 61 23
363500 53 5
2631564 44 46
1265738 23 67
3069291 12 120
131104 6 14
250446 4 40
724407 4 82
15612 6 12
51740 5 8
499 1 1
63051 2 14
426157 9 89
2515679 26 46
1024158 11 72
152325 3 33
86897 1 101
65956 8 4
15070 1 9
580985 7 36
227408 17 35
1297690 25 27
55447 13 3
567670 32 47
272781 41 21
949456 42 16
389488 3 67
23031 2 59
143475 5 17
158347 6 27
228980 6 79
59993 35 1
1688160 34 22
5085 1 16
4891353 29 77
1047116 10 83
445522 12 63
117689 8 71
200734 4 52
1073179 10 55
21111 1 67
213914 58 2
116098 1 77
1551833 52 103
633555 52 8
61532 20 4
15243 1 28
65086 10 46
239206 2 57
28112 20 1
114198 15 33
7225 5 1
4499025 69 122
746935 52 11
253268 5 42
75902 1 59
191786 18 56
6445950 68 47
3196 1 3
66914 7 23
119152 5 19
6064934 63 108
998525 12 59
51693 3 12
296791 8 23
15621 8 2
110267 4 16
1204339 6 97
32583 3 8
127684 34 8
1648070 24 38
30321 18 6
257352 20 52
28560 4 20
17291 1 12
1720968 12 82
50757 37 1
434070 12 31
2029383 15 67
2161450 12 93
10016952 78 84
5932 1 20
681788 15 26
349695 26 17
46354 16 2
67371 1 43
1231392 36 17
1865241 10 116
879005 11 54
112196 13 45
4139 6 2
74497 3 33
240253 21 11
354932 11 19
336440 9 18
85418 20 2
10142 3 2
75221 2 18
633899 72 6
187121 6 85
76526 7 36
9591 2 14
1982017 19 57
109913 2 35
53360 25 15
248771 3 59
108320 19 20
253326 26 10
3504898 27 85
2318811 16 89
85404 4 12
1248 1 1
96584 15 31
22382 2 70
154624 7 17
324153 53 16
5423991 67 64
610787 18 58
324053 11 13
4226214 75 43
1060057 8 72
16021 33 2
470946 51 71
1433177 21 45
472383 40 6
1108123 15 36
129532 28 4
13573 6 1
1344372 26 60
2330569 30 65
33556 2 14
3533602 31 64
577715 59 30
106632 5 15
108264 3 56
2215090 69 92
37397 14 19
1098820 17 31
50270 1 37
1227811 16 55
1187854 26 59
158366 4 28
504297 45 6
44627 2 14
2911170 35 69
5388 11 3
5725183 49 74
63978 1 97
2844855 16 123
92052 9 15
118580 57 1
406081 5 47
259088 36 9
1023687 8 75
143085 6 20
223972 12 13
934673 6 104
232478 2 79
188690 13 10
184331 23 7
7309 2 3
49882 3 13
60392 29 2
20452 7 8
363851 25 32
3769812 37 81
4720 5 5
517217 47 9
3224011 23 115
7320 3 3
319491 32 78
133042 4 15
494688 81 34
51604 2 66
27690 2 8
136037 14 50
974296 10 62
814079 35 18
419148 28 36
727292 32 11
1028167 15 38
240512 5 41
256449 10 15
31031 1 21
1292045 13 86
5024435 37 63
45404 1 34
297682 4 50
2037046 39 93
3694790 21 80
469790 8 34
314300 5 32
937201 14 76
192744 12 49
24070 1 20
83623 22 24
348421 38 12
1015222 8 95
645062 5 70
410973 15 97
122636 2 28
171527 7 48
48712 14 28
25034 20 1
50630 11 3
211788 4 27
193622 9 62
43324 3 10
16744 3 3
50483 1 46
637620 41 32
1313879 51 15
2136328 17 103
275764 4 68
831727 50 9
25850 116 1
669056 5 71
2035841 22 43
149406 93 3
49111 8 23
4966 3 2
425001 4 49
73538 1 37
5841130 52 95
177139 7 25
45186 4 24
858422 6 65
439693 11 25
7805731 79 65
32045 3 8
8433 1 7
92634 4 20
64706 10 48
476647 31 9
40322 3 11
220812 3 38
420497 12 70
50431 2 25
154969 14 6
211739 51 2
57171 4 21
1737111 101 13
190406 30 35
17343 1 22
9512 3 3
32173 1 94
4254 2 1
1444956 78 16
219946 5 28
119864 19 31
753212 15 92
515887 57 4
10577042 62 109
7063436 49 80
28567 1 120
402552 5 50
1148847 9 94
71809 1 62
459613 41 8
23041 2 23
4386405 36 61
31102 5 13
3428303 83 31
1418545 8 77
282921 19 31
50046 10 27
104537 6 61
35894 23 1
622910 10 87
656618 5 102
135087 2 30
1937777 9 107
12318 1 6
65681 1 77
519117 17 109
342946 6 30
2650482 41 37
3898601 54 39
361182 9 33
13316 8 3
155051 3 23
677995 16 24
2004770 16 107
959005 62 13
92799 4 69
320531 89 2
13411 2 4
5718521 60 64
66898 3 16
803028 16 31
136613 1 61
2422223 61 36
8891 7 2
1355586 47 19
36705 3 42
342396 20 109
211326 2 68
172495 9 58
1913773 43 20
139618 59 13
85780 38 3
2158 3 3
14942 2 8
2152 6 1
1121313 55 33
6594 4 3
1449784 16 41
748574 10 45
9355 2 33
1311025 30 19
840196 15 52
73251 9 4
1036536 27 18
510842 3 114
497277 11 22
282199 8 45
10583 1 20
9336 1 5
375699 32 25
576396 45 11
8499850 63 100
577537 21 22
1371140 25 26
171070 4 20
37448 7 4
1046083 36 23
2845614 74 20
1026541 47 14
3373962 28 85
4558 1 3
39919 2 10
10184 5 2
2497639 25 57
3709446 23 81
322035 13 11
256076 25 8
4189 3 2
33946 1 15
40934 2 20
311879 6 39
280517 16 9
353747 18 36
124432 3 29
45286 5 15
404447 35 15
101925 2 45
29048 2 19
78370 4 41
19226 1 11
314675 2 107
113725 8 40
526857 11 37
2801128 44 30
129029 1 84
29753 4 6
1046 2 1
2559377 27 56
336412 5 37
13342 2 7
831564 24 21
291033 3 68
49462 14 3
1347643 38 26
162965 16 21
197680 7 16
1276957 6 93
225784 38 3
360136 2 125
125061 48 2
210522 23 14
81298 70 2
94454 7 115
943331 18 28
9531 1 17
416883 26 26
10562 2 4
2983658 50 26
46614 11 3
40341 4 7
329753 54 26
415653 8 115
187830 12 10
595486 11 88
35817 28 5
4364764 36 56
70582 12 4
7161 8 1
168284 9 10
257769 3 54
359605 14 32
1225880 75 14
27582 8 6
483225 6 54
1118873 14 47
89058 1 66
818732 24 51
212276 1 108
114566 5 35
494583 6 106
22585 1 11
174633 12 8
533898 14 22
1474707 13 50
112584 1 104
221182 9 19
841 1 1
2009975 20 78
1551951 56 14
138448 19 5
27972 32 1
23424 5 15
51239 2 14
552372 5 73
713424 41 13
183058 6 24
17226 11 1
30228 2 9
99608 23 20
17937 5 7
3053849 45 43
57491 3 44
962063 47 12
70074 2 43
175088 4 27
762641 18 54
2349497 39 31
731995 8 97
118338 5 44
39261 3 31
273683 32 12
584192 28 90
51615 13 20
524478 6 52
2184695 30 58
490404 7 34
579816 14 32
5222946 64 68
457356 3 68
12786 1 15
807875 9 40
52800 2 58
3576 2 1
348309 4 64
622431 5 95
35998 1 70
6067 1 11
2270 2 7
141468 2 65
65066 4 22
1860562 22 66
8335459 59 66
351622 94 3
206117 33 4
4524311 27 79
84938 1 92
21471 6 19
134348 6 45
959569 18 50
1300367 15 46
582 1 1
369305 5 49
1453 1 1
66973 3 19
48870 2 31
49133 6 6
1245263 19 36
1603681 30 49
48639 7 4
5645 20 1
126341 40 6
37982 44 3
189851 4 47
288465 36 11
327647 18 22
16105 7 11
1765212 18 145
263376 20 7
94150 5 9
43448 7 5
211203 16 56
866056 33 26
117958 6 17
328156 7 35
8161391 37 114
3917 1 23
1177619 35 15
687364 4 94
183980 6 16
1005180 26 24
195337 3 48
7025 1 4
25392 2 62
179090 2 59
110465 11 7
62838 3 16
2948 5 2
135807 1 88
928840 17 61
127172 49 13
14756 1 10
38576 3 14
227100 13 28
8222 1 17
103075 7 37
250747 21 6
1100017 19 35
523298 11 34
8026 2 11
33386 5 12
1146953 15 43
103109 2 37
315213 15 11
4448 1 20
822436 5 90
114392 4 51
32160 5 44
176533 46 3
252029 2 55
26195 2 23
276388 8 21
560519 9 46
1926989 18 83
46230 5 42
273867 12 10
163053 11 22
2642640 15 86
208292 4 69
1611 5 2
146438 16 30
967375 5 91
109641 1 89
1734214 17 61
2282083 26 49
614983 7 49
298871 80 25
300923 2 118
12409 1 9
79393 16 38
35551 10 13
341585 2 95
539122 29 26
7113 1 31
5462 1 31
4747078 66 52
124604 1 122
429171 11 19
11439 9 1
182953 13 8
6533781 46 112
580996 5 69
697021 9 41
740002 9 50
36722 2 31
9515 3 2
100717 37 14
15178 1 7
6567427 42 118
249854 3 61
7122217 78 52
10737046 90 78
73528 3 43
26489 3 34
257191 14 15
15119 7 1
62169 2 50
1305491 109 13
1759003 22 60
115647 15 45
7690 6 8
198913 7 20
3728238 28 87
58843 6 14
2749161 64 26
1098280 8 75
1154610 18 36
38166 10 14
1396601 38 19
1904095 55 22
3720909 45 39
4271779 75 65
277503 2 115
297789 35 36
1257973 34 49
9974411 60 72
122031 1 61
15068 4 2
82524 14 5
41332 32 5
80998 4 17
4358476 18 113
17705 1 9
213038 5 21
79782 28 3
3722 3 1
1987622 17 77
714730 8 44
958527 28 37
2050152 59 81
1606672 17 88
9164118 74 91
166344 7 86
124617 2 27
208298 7 16
150455 2 63
1681849 19 39
897089 34 16
2463206 94 26
280064 4 39
69080 6 7
839417 10 41
2901 1 6
1105306 58 29
45550 10 2
97855 4 21
99115 46 1
454 1 1
818887 5 102
426425 5 52
828514 11 39
12429 2 4
582178 15 97
104079 2 36
233364 19 18
2101114 61 83
601791 48 11
308423 5 28
61935 4 49
3952703 37 86
7273585 79 83
14192 6 2
1487805 13 65
332076 47 14
172322 34 26
2492 1 8
2310337 34 49
34879 4 6
1795548 9 87
7034 3 2
10976966 68 74
1595176 22 57
318958 28 16
2348434 26 50
611958 8 79
9002887 66 61
308557 2 68
195280 66 18
3106244 31 75
89985 32 2
28805 20 1
80697 25 11
1214618 31 117
84419 5 57
1160737 59 56
1472612 23 36
243719 5 53
1977334 25 60
6601 2 2
5621 1 4
5736967 85 39
1463358 29 27
701406 25 38
20194 2 83
223471 9 12
737536 29 27
104492 2 84
30764 13 2
866147 44 13
121270 7 30
509345 7 57
183913 1 98
267880 51 19
3599 1 3
24634 7 3
3896 1 28
737499 80 7
737946 14 36
269995 8 57
659718 8 61
4192184 48 45
229775 2 75
129677 3 23
40396 6 19
156732 12 41
219999 10 13
2239192 40 32
165937 13 15
126865 6 13
2058421 47 33
157356 3 36
30975 1 28
27891 30 3
174896 1 90
204670 3 100
17943 2 5
2699412 15 115
497493 21 29
511843 37 12
3169216 89 30
2273187 24 64
122165 1 69
24453 1 13
1647173 12 88
21043 32 4
2960393 31 88
134443 18 5
133500 5 23
11572 11 1
276970 23 23
79401 2 18
125485 28 2
647074 30 17
7629 1 18
49703 6 8
421301 24 83
71293 3 11
765577 8 77
7185 4 1
115133 11 24
5340239 90 45
44372 1 46
18446 13 5
184780 10 35
1104931 29 21
92621 35 2
325597 22 9
195747 3 30
23501 13 9
6209 5 1
10914 3 2
19375 8 13
1292951 14 69
2818479 20 114
2449486 35 62
20171 1 10
1152360 39 23
92455 4 17
7984 6 10
1618137 9 108
64759 2 26
25828 1 18
352317 10 24
420547 25 12
1537081 26 45
229877 12 40
612864 11 29
325231 7 27
360083 5 47
11612 9 2
236216 3 92
534701 7 53
182846 8 74
2135478 23 59
96306 1 49
2859 1 6
5037 2 2
63085 20 6
1853208 22 40
1277775 9 75
173608 10 20
919814 7 93
31947 1 19
2028 1 1
1725319 63 94
6963 10 1
808230 16 23
7281699 29 109
495242 18 63
2536730 21 91
3938456 53 59
1001975 34 30
96847 5 11
20030 1 22
27551 4 42
19546 42 2
149897 10 7
67211 2 28
170797 10 102
1006624 24 23
203711 4 29
529135 6 39
375541 7 47
625398 8 57
16382 5 12
92223 1 78
1765901 37 58
4127665 31 79
4228916 63 85
191889 10 14
584329 13 28
220806 3 61
1685322 48 18
11043 6 1
1194733 6 118
624211 10 83
66118 2 19
391780 42 16
10929 4 2
82964 3 23
552231 13 32
2953378 26 91
19530 2 15
269828 14 10
38746 23 1
449497 14 125
966434 29 79
337460 9 30
1067831 38 26
4627213 63 61
220615 18 25
1066098 29 22
136052 5 77
777524 10 66
523596 5 89
5079 9 1
60798 66 4
631704 26 44
21767 22 8
99780 4 11
179725 4 23
663608 9 58
24990 10 2
3115 1 25
1141387 52 44
224973 5 26
610632 64 5
29308 5 5
20256 4 4
154519 1 86
68724 2 19
28776 1 57
102638 1 61
73057 7 23
132282 19 5
120257 16 6
48620 12 34
1934352 20 76
1432 1 7
205695 61 7
27387 1 12
92806 70 1
696106 27 17
686863 34 28
335391 10 15
4406 1 3
122671 1 54
141826 15 9
1310216 61 17
1515619 24 33
127199 10 70
169080 4 33
748203 8 48
110574 13 46
3426432 68 31
398267 6 45
1343252 31 27
18809 3 10
3606922 48 91
3636380 21 92
1217416 16 46
1883757 49 71
162181 2 46
30055 11 2
2124651 47 24
357772 85 31
80241 1 55
83308 1 64
498330 13 30
370033 42 6
78640 2 19
875382 39 64
52541 2 41
1104103 6 87
259514 6 90
273202 17 67
36943 5 46
313879 36 4
910287 41 14
737460 10 48
278484 65 13
906621 25 26
289945 33 26
128995 55 17
50468 3 68
587208 43 12
51865 6 4
4308808 93 110
88900 5 9
3883 1 3
62974 2 27
222764 10 16
472271 4 80
3752053 21 79
1301 1 1
1096682 55 15
455640 29 43
832294 112 11
7703 1 5
41750 8 4
3553241 76 28
1134715 16 55
862250 8 70
568419 4 79
1062213 10 76
1840882 26 31
212181 4 130
621801 14 119
503657 9 93
312501 13 14
145406 27 10
13388574 65 116
2449676 52 48
1955 4 1
31170 1 24
2569 6 1
166968 4 37
1928397 19 52
92816 1 74
110976 3 17
66659 6 29
42584 2 21
103128 16 36
2767336 22 89
4216 1 36
252610 4 35
115049 9 11
587186 23 40
188726 2 85
107165 30 24
336906 17 15
1793 1 4
648 1 1
167821 12 18
301063 4 65
1190691 42 63
16859 2 4
9053 2 17
99652 17 34
66086 1 33
4764418 27 109
7054 1 7
1207 1 1
109010 1 105
380913 32 66
1552387 30 29
229689 6 100
2926625 44 34
106844 15 36
2104008 46 78
1280215 49 17
108494 3 21
971732 13 74
13635 1 8
28206 6 4
10965 1 16
5835 9 3
114182 3 26
6275916 75 56
11740 15 1
77095 37 9
5313983 44 70
96664 2 25
178965 25 4
20057 7 19
257718 11 15
38153 14 10
1125542 45 15
574578 30 34
34729 4 5
144430 6 20
154505 5 19
173154 2 38
256366 7 36
1126601 45 22
5736659 35 94
195225 14 11
800402 9 68
113277 4 16
1917898 42 28
355600 11 38
13382017 94 111
1580597 28 42
1401851 6 122
986028 79 7
256630 2 69
3703063 96 47
6369 1 4
51326 1 115
349044 36 9
1354285 13 54
14055 2 4
1805377 40 27
302843 17 9
44549 33 1
43457 1 36
20273 1 92
45011 3 54
117934 3 36
142630 5 19
134903 3 22
426914 18 11
75837 35 7
268732 13 45
34797 13 11
3861561 77 28
3202866 23 103
439668 28 12
3625702 29 121
1304115 8 82
449334 4 54
104266 12 8
2532930 34 46
5904207 96 56
55069 3 21
4162619 72 27
38280 12 2
1081913 52 76
866687 40 31
276703 3 61
582495 45 10
1727848 23 57
68025 1 33
469687 19 48
15916761 92 80
1169029 13 71
155321 2 95
77640 1 90
4350987 37 95
49087 3 31
395550 7 39
2694170 21 86
96533 28 4
1576966 34 31
63692 1 75
486248 3 76
155834 6 49
48696 2 40
310223 4 57
96595 11 4
335861 2 101
346356 7 94
12465 2 16
782073 4 92
757668 49 15
232930 15 46
676187 5 59
206594 18 59
2470766 18 61
1261180 45 13
208066 8 21
16508228 105 76
205091 29 16
901216 38 45
22178 3 10
2711256 28 55
553339 6 75
14404414 101 87
23886 7 14
2057450 82 44
250962 10 50
378421 27 9
499341 31 7
264043 22 8
121670 42 2
138227 3 26
41299 11 14
4468 2 8
8119 4 3
3298 1 17
27576 2 10
22415 2 7
786818 5 69
1197169 9 87
349714 36 8
199957 34 39
2507911 17 74
365360 59 20
3497062 24 97
10580 8 1
433850 8 40
8531212 84 138
380013 14 15
2455028 34 105
49383 3 28
274710 14 69
16170 2 9
15803 28 1
719061 3 118
35316 1 39
707345 13 90
26973 9 8
429836 37 9
953262 13 52
19280 5 5
373398 4 59
3411864 31 54
1096660 46 30
306383 7 86
281945 5 31
1172 1 4
1172336 7 81
1025909 9 62
110771 26 16
1396313 128 7
150568 1 79
1890485 36 27
1552 1 1
10400 7 12
976681 21 109
713012 60 7
4020974 71 51
1691886 33 27
5402197 40 89
454774 20 10
5539 2 7
264601 4 46
70899 38 1
3611 1 4
6130371 91 45
4061190 62 53
218050 4 25
160592 5 16
2640305 15 94
12782 2 3
34220 22 1
1212442 9 87
53270 17 3
229131 10 12
107551 53 5
199077 12 8
2175980 8 124
1789289 17 77
2031374 12 82
818018 9 40
137305 9 12
1399240 25 48
96501 8 33
1548666 14 92
3609877 83 20
23746 4 20
1589648 38 35
325755 8 61
601954 48 22
27259 1 23
82543 42 3
2034668 27 57
34423 11 2
4050405 21 115
28109 1 18
13240 1 6
1375753 19 59
693070 68 34
183304 9 62
359548 33 6
236406 9 64
9939 29 1
2188885 43 23
65689 6 9
17151 11 7
908 1 1
11551 1 6
174325 53 2
227240 3 39
27770 1 24
175856 4 29
381147 14 12
449035 17 44
136847 3 36
19641 7 2
869771 18 35
1476158 18 66
223691 2 63
136894 15 5
115582 11 32
1596506 68 53
3835701 62 75
2647 4 3
9687503 41 109
58567 1 37
3242110 58 26
33594 1 23
20136 4 8
21826292 95 122
145103 1 83
55754 6 8
166819 39 3
683933 27 14
39485 3 44
3919917 63 66
53265 12 6
561444 42 22
923350 33 17
186836 8 15
75553 5 13
313725 3 66
289311 2 66
361705 39 10
7694 2 15
408216 30 10
1442449 33 41
2191 1 4
436040 24 21
345947 5 63
32510 10 5
399528 29 36
998554 11 53
112580 8 12
384046 29 52
2245200 25 43
2887797 17 81
792393 11 43
28885 4 5
279623 17 25
59778 5 7
5307578 53 58
1271182 16 47
49624 33 1
998433 11 48
4494065 41 52
244084 15 53
2737510 79 21
437784 5 54
2686 1 2
328242 7 29
170131 3 34
664151 77 9
5426521 64 38
1530252 27 65
5908 8 2
755217 51 9
376957 8 34
844664 9 57
465042 22 25
1923441 54 38
180986 1 114
1470545 42 23
461093 33 11
105117 12 18
49438 1 25
158491 7 10
3043356 29 47
57823 1 42
318469 27 19
17396 2 40
432177 48 8
1313396 12 80
5048242 40 80
59403 32 14
370638 12 21
4136707 41 83
5485792 86 64
976683 27 25
202111 13 13
10875 26 1
185140 11 14
672595 15 24
186606 23 5
23577 8 4
106090 4 46
825636 14 27
2138367 33 55
3906024 22 112
281939 11 22
1205187 16 48
195093 4 27
388837 3 61
671668 11 36
97876 13 5
2890252 45 34
329311 6 31
844693 13 127
239341 32 18
1281138 127 8
172406 8 12
268145 26 6
76339 14 3
99770 1 71
1822993 8 103
138074 10 28
75286 4 9
1230298 24 23
144863 87 1
95094 7 92
811771 31 18
274004 8 52
1050945 34 62
1561130 30 40
103566 2 32
68374 7 20
3043 1 4
11784 1 21
4543339 33 105
1054832 26 31
236552 9 17
97633 11 26
3565064 24 76
62830 1 48
548574 5 93
8782 6 1
2599158 38 44
6889 1 6
509235 36 27
367961 3 90
2569726 14 93
325983 40 17
19542 2 6
89794 9 29
224973 11 16
199838 14 23
147681 12 9
144066 8 102
362577 32 62
9775 3 9
157445 2 37
203443 38 3
667563 21 27
1691004 8 94
214867 2 72
352428 13 16
176597 37 40
237827 11 16
8037 5 1
136470 52 21
290808 11 98
1788292 26 96
1350780 12 53
30634 12 2
16511 13 1
572240 9 31
1829489 23 40
9572 15 2
208264 2 66
1077698 44 32
2613150 21 93
386203 7 27
129078 5 22
39570 3 6
3310658 23 69
1046605 26 29
1030895 10 86
3064523 43 61
146184 9 24
1465901 28 44
11706 6 1
125377 18 5
113945 17 5
126880 10 15
545351 26 13
2068357 8 128
129125 1 64
83357 19 3
3895860 37 56
1794699 17 64
16701 1 79
417467 13 20
87467 2 25
127358 1 92
8928090 87 71
208439 72 2
57209 1 37
85256 19 2
18460 1 13
70373 1 76
20587 2 16
6231 7 4
285806 4 55
433170 15 21
48102 3 13
538519 16 28
72791 4 9
129809 14 11
49843 19 14
1012215 7 76
171696 11 69
17547 14 2
45964 3 9
4740173 54 66
3711 3 5
12543 13 1
869006 96 5
51900 7 4
1420915 20 40
5079480 71 49
683156 23 21
59484 2 16
30820 21 1
5407916 33 91
51535 1 31
58073 1 44
2574 11 2
32076 6 25
308980 23 12
464914 5 86
677164 6 58
5745119 81 34
2953495 19 84
23872 5 12
14565 1 30
29810 20 1
122012 3 18
672755 12 64
44122 3 53
695424 17 23
8003 1 14
29229 9 13
44162 30 6
6830 3 7
571458 85 15
307469 10 26
1066427 29 74
1241739 24 24
902543 12 62
185641 28 5
79309 4 61
8364561 63 112
231853 2 87
129485 2 31
498647 5 44
2001749 77 14
53707 3 109
506189 7 40
17648 32 3
122457 5 14
43537 10 24
90376 5 13
322700 11 48
219129 20 10
2458 1 2
33020 26 1
17311 1 10
532035 14 60
201928 22 41
45223 18 11
19263 52 1
641304 10 117
120572 1 76
1622848 9 89
466824 34 18
767526 11 69
305756 3 65
35027 6 4
44674 1 20
4021 3 5
839785 38 16
2631874 47 41
54071 10 3
243280 5 41
320364 72 4
61194 38 2
219936 24 34
185004 10 60
177773 3 42
265949 97 6
93730 4 17
112066 24 4
2909 1 2
571330 24 27
49948 3 8
2360974 16 79
49525 1 105
1122474 9 76
29992 4 19
147587 93 1
416143 24 16
737754 5 69
733154 6 69
4068 1 2
877134 44 10
2618692 35 72
820558 27 28
255193 31 7
1098775 102 24
19467 2 5
29566 5 27
794635 9 61
2318504 64 66
2354608 91 52
40600 1 30
841089 14 45
19311 2 5
519009 6 64
697554 11 33
11684 3 2
131310 4 28
2204628 8 142
46534 5 23
3359375 57 37
17007 3 4
721364 10 47
634804 4 72
1041564 22 31
17326 2 7
1676 1 1
389750 10 64
2710 1 7
23897 6 2
175713 2 117
226261 13 31
99870 2 52
68502 26 4
2298588 26 70
114224 1 66
410812 2 90
268231 3 44
638404 87 5
641721 5 69
410893 6 39
20905 3 7
3002661 79 28
1262857 13 81
805249 10 57
1377628 7 114
8874980 100 74
125640 4 28
640574 30 31
219214 7 77
954962 38 25
810791 10 122
23604 48 1
1726123 30 56
18782 8 2
4409716 45 54
5193 5 7
803179 7 85
215016 16 11
1221869 20 64
867031 69 6
1524670 9 105
204206 41 37
484089 43 9
91774 31 2
286347 22 81
97905 31 2
158008 14 84
1998879 39 24
178809 9 37
14545854 93 110
54634 1 72
489143 11 32
425363 7 28
4240389 64 47
1135052 15 48
4990114 45 92
157759 30 13
148953 5 137
1101607 10 81
806033 4 105
16134 30 4
2116539 23 113
3571698 44 43
1708321 21 39
844658 11 47
7754 1 10
20563 1 13
498086 4 60
3489409 90 18
148268 9 80
3294034 36 48
4447 2 1
153337 2 60
6656 4 9
48609 7 18
10992 3 2
27168 15 7
1772 3 1
156225 4 85
10675 1 7
2025034 66 25
568411 8 57
33516 25 1
341733 18 72
266936 9 17
2102031 50 37
270993 29 7
15502 8 1
4906 4 8
33599 17 3
111200 1 63
94449 5 11
67556 1 46
37082 21 15
2045617 35 28
127484 2 42
149724 5 13
441827 11 40
757156 42 128
553951 3 95
11583 9 1
1940924 66 24
152391 9 13
444360 22 59
329041 60 15
1764902 74 16
3268107 28 55
72841 1 37
1299800 43 24
629909 37 50
3721 2 8
124958 5 39
617957 23 14
18719517 81 111
395848 9 29
13854726 73 90
18539 4 4
6735099 64 51
158836 3 30
2101023 64 24
2082596 20 84
540355 27 49
18583 1 15
446725 24 16
316208 3 97
902019 20 21
500963 3 74
601746 26 11
525422 5 74
1373019 18 63
832340 26 73
64928 1 33
4991 7 6
56657 1 84
617155 33 14
30854 71 2
267891 22 77
1055450 16 42
92459 5 21
37364 12 21
279521 10 59
52476 11 8
855264 23 21
1115870 13 55
6278961 98 51
228190 30 32
7150303 59 70
394981 33 15
1231006 29 27
31983 3 38
263172 50 17
97487 9 10
432598 17 75
169672 7 19
2769935 87 96
54986 34 5
6244850 39 86
112306 2 44
316786 3 78
4005 1 9
497015 10 58
562577 32 12
3430 1 2
909254 42 13
401319 8 23
862090 12 53
8567 2 19
142398 5 135
195354 12 26
2189660 20 75
1390245 21 33
1801543 16 85
349666 58 16
338028 50 23
746902 62 7
335776 28 7
136348 22 8
726723 10 115
362519 4 76
546546 12 34
325147 27 37
366201 49 11
26321 12 7
140636 8 62
985834 22 27
416973 8 42
1596702 11 86
1568151 18 138
291664 6 79
240434 35 3
344764 3 91
39448 10 3
53018 2 42
1495618 39 81
172961 13 9
29188 27 4
163110 9 31
61298 37 1
1888985 69 12
113597 20 42
3179 1 3
75161 17 2
807924 20 20
21126181 118 116
1035373 16 55
498869 4 62
208777 25 4
13019 1 39
528575 10 30
38552 3 9
37255 2 79
4464 1 4
42080 4 7
1553306 16 70
1564129 8 131
1471531 41 18
95677 14 3
1434094 9 81
4427 2 12
497540 25 11
19377 1 16
1922946 12 73
913820 19 28
459066 6 62
199678 6 25
625431 4 134
17048 3 35
24394 16 1
55151 5 9
505127 53 7
95373 7 39
17146 1 18
23024 3 39
78024 7 51
112676 20 10
30852 1 50
92332 5 11
5976954 54 75
65054 4 11
147560 4 30
2093711 30 36
84630 29 2
122878 1 65
2018961 29 39
33627 1 36
219046 28 4
79239 2 20
4477 1 8
259752 45 4
4173 5 5
374851 16 20
329178 6 43
801345 19 20
488330 15 24
400168 5 52
386946 13 17
25835 9 6
256489 12 52
220817 12 41
120832 1 138
13346 2 16
3107639 28 94
9971 1 13
11654 2 11
1872821 36 26
13575 1 8
329294 45 35
33881 3 5
19781 3 5
169215 27 4
200789 4 42
257971 5 33
1876288 30 51
382880 19 19
58154 20 2
257337 14 9
36658 2 10
1557 1 1
100792 2 23
649070 12 31
506787 17 117
129928 1 58
1587803 26 66
802831 29 94
990903 23 23
93755 2 34
591805 52 8
1695245 19 61
218380 10 31
224842 5 54
127643 17 5
2923107 21 96
340731 35 8
41250 1 61
1491529 58 14
5661429 41 118
108284 18 14
379135 8 95
6358 1 14
26059 6 3
1201282 11 141
4108 3 1
103455 2 39
13848 1 8
533411 3 84
102662 18 4
21657 2 9
1059261 13 56
517424 24 36
110947 6 104
36513 1 19
30474 19 1
734286 40 19
69880 3 40
194139 16 9
80422 20 3
2435339 35 48
1732622 10 87
200250 7 83
47199 1 22
1846180 16 66
59491 7 70
264860 10 12
183089 2 51
630432 13 26
387961 3 63
418038 23 121
17610 2 6
278667 2 84
50235 3 12
1688899 23 66
154633 47 12
1346081 22 48
1695506 18 45
18930 2 62
6802 1 27
1760737 27 135
1426445 10 103
11526 1 8
1487416 13 84
861389 77 65
756 4 1
381643 4 52
24124 2 19
384109 20 86
662365 20 20
30805 41 1
637832 6 53
86344 3 44
4324045 48 43
392044 41 14
3257289 29 71
217774 22 5
1071649 17 30
57452 3 9
5485 1 3
1798228 50 26
742857 8 56
135787 75 4
431696 6 62
182191 5 21
76708 11 6
931658 24 27
6927742 42 125
1388379 14 77
3100 1 11
202132 12 62
986306 68 8
542442 4 68
12618 7 1
3558949 125 15
389919 8 22
831254 11 48
1635 1 2
47157 2 15
87644 18 30
155004 2 119
72678 8 34
1149551 19 74
706891 8 52
977876 57 17
630325 55 41
607389 9 33
37921 49 1
3303255 29 88
393009 18 11
28878 15 9
2527939 31 53
160323 27 50
342760 24 10
357089 6 64
31819 4 23
1650 1 1
572576 6 104
1562365 11 64
2552 2 2
1849825 26 49
854035 13 93
387858 8 29
13344 2 21
62589 46 1
10468644 39 143
4973571 40 97
149399 1 87
147392 13 22
112367 1 71
2448616 45 29
383278 2 95
117822 2 113
3200137 21 81
296778 34 5
220898 4 32
2326686 51 43
1849811 36 44
27868 5 17
8720 11 1
14945 3 21
481137 38 59
527616 23 18
2327411 55 27
721463 19 21
1645812 50 20
198478 5 34
372302 31 6
61882 17 25
91482 13 13
957668 12 36
919788 15 42
38715 2 10
232889 10 17
9749 2 32
548672 19 17
68017 4 52
6696 5 1
370033 4 46
5818110 23 132
7302 2 3
4408220 44 53
709099 32 12
290233 49 34
941785 14 36
481029 55 34
578725 19 68
385780 9 27
406065 4 62
369317 27 21
31382 1 20
181701 7 52
433893 7 51
255970 15 54
1406610 17 52
38169 9 4
459885 28 55
1731953 22 47
399854 16 81
418771 14 14
108410 1 72
566071 14 45
1263517 28 30
578663 3 102
240949 5 57
200086 35 3
147857 8 13
13115 11 1
197347 5 30
108263 8 9
279562 7 115
359850 10 17
137523 7 21
15507 6 12
971919 6 77
7743 9 7
38581 8 3
3413207 119 53
497424 6 96
1288824 14 40
99103 33 3
23862 1 18
261228 19 10
964000 11 110
805208 28 24
469048 6 56
458117 8 73
2953367 30 67
68031 3 78
292579 9 42
389446 9 33
7198 1 5
753198 16 29
14915 1 24
1400 3 2
285135 32 25
37532 2 9
5082258 39 61
19997 1 19
401896 4 44
842370 41 21
15896 2 6
100644 2 23
991671 72 7
159585 73 2
1343565 17 38
1034215 25 21
1178487 33 17
211597 1 113
1379129 49 36
86218 27 11
349555 4 86
2927963 53 41
47126 1 22
722762 55 48
41249 4 5
615469 44 61
30513 2 48
3959 4 1
121109 5 46
16547 12 3
231644 47 4
243386 6 32
2010501 36 64
4096975 36 99
277415 35 21
59515 9 47
755351 25 120
737391 16 44
39966 4 23
30408 33 2
58683 2 20
21077 10 1
138898 14 5
2667 4 1
9972446 73 98
7889149 41 110
721318 11 66
2804316 43 32
248866 3 39
1249349 55 114
13082 2 19
212482 2 49
85080 4 21
700329 11 45
82571 1 39
3857 2 3
765993 29 47
80269 3 23
2386373 31 44
584675 70 5
8568133 55 89
32532 1 22
143719 2 53
1631208 47 29
186458 8 22
2431612 56 28
9820550 74 94
38782 1 31
775664 24 19
3762656 31 79
1019365 27 19
1191 1 1
1375352 16 43
220699 5 35
2439912 65 77
196253 2 102
135284 3 21
21902 11 15
29989 2 13
701563 5 83
48580 34 5
59769 4 49
125946 12 38
4787903 23 123
485581 12 33
22432 1 24
175161 5 28
8867 4 1
1337 10 1
2049498 78 18
2676097 65 23
1688492 26 45
411303 23 9
376529 68 3
468351 22 15
2641494 31 65
896516 17 52
569169 17 33
2451 1 2
289933 6 88
442423 7 62
9602 1 7
17465 7 9
16163 5 2
1454723 40 18
811 7 1
68315 17 7
870580 73 8
16978 1 28
2160370 64 27
23877 6 11
36605 1 75
6737858 39 77
205629 15 19
1260418 85 18
175526 41 9
445239 21 14
169500 6 48
2623 2 1
261253 12 99
65824 1 31
11328 5 9
2637652 17 92
240852 3 73
784691 11 35
1209481 26 21
918858 61 13
46522 5 32
115455 10 7
42067 1 19
5126 1 4
1255781 19 53
566515 26 100
172871 3 41
37902 1 97
262409 78 2
32180 5 3
2030424 33 30
2943777 55 24
412886 2 96
242377 3 74
17005 2 28
45565 4 31
54949 1 35
615303 17 16
6306062 31 91
19226 2 8
138864 2 108
1264253 65 97
18854 5 3
60272 1 29
16890 4 33
8755 2 19
182135 23 5
1059472 7 66
3684451 62 105
256823 75 2
229266 41 31
745467 27 51
280533 5 26
4316153 40 58
3702747 45 49
280965 4 33
83723 7 23
692612 5 68
7443 1 9
2235731 25 67
1497432 12 92
112188 5 113
131647 11 8
494011 8 102
2089360 25 70
2864 1 2
157300 35 2
34196 2 18
1021574 23 35
944 2 1
4638661 64 37
117995 4 23
1439760 44 19
221371 3 56
153004 14 32
9838305 75 70
11399 19 2
1126281 33 22
2624319 24 61
480912 16 65
554748 55 6
185976 1 86
10378 2 4
6475 1 16
84272 100 5
5468555 67 51
174755 14 7
1336098 14 44
2225474 54 24
205595 13 9
1102225 12 137
97648 1 75
2225110 31 84
2399473 27 47
237149 6 37
177717 47 3
8069936 106 35
2969138 43 66
65922 1 35
487494 34 7
226317 18 35
658871 67 8
2162669 49 33
138151 12 31
1654738 21 58
127127 6 63
5540 1 31
26020 8 4
72371 1 39
248767 25 27
125277 13 18
54228 36 9
99930 47 5
160702 32 3
998106 16 50
102408 12 7
42364 29 6
42436 11 9
99012 3 44
3815014 38 53
627364 6 54
1224088 10 78
3129877 44 51
86727 1 132
810278 65 35
1105051 19 72
198952 6 21
1708395 18 105
107185 13 4
67592 2 23
2270 1 1
5225327 27 97
6159 3 14
148222 15 6
3234880 19 92
2170690 47 30
51634 4 6
1017387 39 36
45932 1 38
2239150 58 37
21222 1 28
409036 13 21
968154 37 16
215726 4 35
2418300 21 72
298420 10 55
19774353 116 88
26656 1 13
2847876 43 53
7158 5 1
36454 4 57
154808 4 35
162107 1 77
51401 11 20
1510600 84 8
292076 4 43
3862934 85 44
16083 1 17
3543428 34 88
56395 1 69
160289 5 17
97533 13 19
138491 4 55
708329 7 81
36170 1 16
814561 57 65
67795 32 4
13090 5 2
1987381 56 54
6616244 33 95
1105101 24 66
2332371 26 42
16190 1 14
194049 3 86
57135 7 7
625893 25 13
1147784 84 7
115599 3 25
191711 5 23
352676 12 14
64625 7 7
218661 48 2
34700 23 1
78061 5 13
142146 6 97
1415895 19 64
6586261 33 100
894588 8 95
45635 2 105
8605020 80 65
267976 6 25
119114 10 6
848 1 1
98648 5 12
4599012 57 62
353210 40 17
42838 54 4
639605 24 22
4266 1 31
228550 8 35
395577 19 55
36012 2 14
373899 4 53
148806 31 15
49713 2 12
4680 3 8
92635 8 6
690264 15 27
29881 1 18
2177185 58 43
2074 3 5
17959 1 33
437336 29 82
270265 4 58
104230 5 10
25008 15 2
4304343 48 42
982472 56 39
51164 17 7
262909 29 29
29141 6 3
327323 22 35
375168 2 99
1690015 56 15
424592 25 10
887120 36 17
1487658 51 15
8116 3 2
445076 5 70
137454 4 35
1028295 23 35
576277 14 18
117167 10 40
138777 9 9
29880 1 24
1058459 32 29
315268 11 69
375394 12 23
37651 6 44
94858 2 25
251679 35 24
189345 15 7
208548 2 52
5473955 61 57
757134 31 26
276850 7 93
1337594 16 46
1526189 41 20
722819 11 33
643976 16 64
9811183 78 74
112119 13 7
349437 7 39
2424743 91 66
64945 8 5
1620049 18 49
46922 15 10
110105 16 3
105686 26 3
83092 2 97
2726573 18 94
1587767 44 113
1331244 138 7
45474 2 10
91486 5 27
25951 5 11
1284907 110 89
197032 9 47
183629 49 29
795571 10 38
62197 4 8
7315 2 2
63482 1 45
1465306 108 24
1279824 15 74
122637 6 12
5203 1 26
38897 1 105
10333596 49 123
81631 5 10
12382103 47 116
1441 1 5
181422 9 13
84379 30 14
2007925 16 70
610963 15 25
1281218 35 36
600341 33 11
1819702 57 40
16317 3 3
286990 18 15
3508362 46 71
723930 8 40
25447 22 1
188765 5 18
173026 1 100
8430285 58 88
171495 1 78
2039082 13 112
638141 14 23
4081011 20 142
58552 2 57
2185112 55 29
22946 2 11
2107390 33 75
383990 3 71
159910 46 11
98833 7 37
148545 1 81
74436 5 31
43793 2 48
58614 9 14
93718 7 8
115853 55 1
1755104 14 87
46572 38 4
1117790 21 24
25683 1 14
2430 1 6
84641 1 65
53086 9 4
35492 4 55
24640 9 14
1534388 70 46
2829823 18 73
130341 3 72
464937 28 33
16591 1 9
398495 37 5
600419 5 80
2607591 123 30
64839 3 12
767378 4 117
1975637 55 16
587468 25 33
932745 10 45
719268 20 23
6805809 36 83
2285 1 6
6562808 67 75
4029 3 8
30548 11 3
93272 7 47
142014 5 18
41179 46 1
310838 10 17
4555544 64 46
114819 7 8
23237 12 1
4877105 107 36
248489 29 7
363051 24 10
94682 2 41
29381 4 10
245622 6 20
36711 14 2
124075 4 14
76805 6 10
895786 20 30
153694 13 19
227317 1 115
171914 9 10
3319 4 4
71533 10 21
25688 1 13
931117 93 6
689922 14 36
30348 8 20
11256 6 1
4686 1 30
153155 2 54
235927 2 56
623990 4 114
26097 1 23
593671 9 73
1537931 8 86
2800 2 1
1136757 17 49
1329496 28 134
429685 89 32
19520 5 2
5927 13 1
666166 31 19
232 1 2
1186374 6 126
134814 11 29
210533 53 3
8131674 49 95
2124634 20 52
4801334 23 91
778209 10 40
4937993 40 73
13554 3 10
2479170 16 78
156157 25 12
43347 1 34
4347355 45 72
130614 1 94
1342322 24 38
1638956 62 57
2778753 30 78
7830 1 24
868789 38 18
71385 16 2
10010 1 8
744862 30 12
120456 9 51
18440 6 2
12874 2 21
28140 9 11
207876 2 56
8930989 110 38
5534912 32 76
147993 10 7
229478 19 9
2180619 18 64
13340 2 4
144579 49 2
2283042 68 27
89326 72 1
121773 20 12
547956 14 26
2229211 81 37
529962 11 23
230012 3 45
4469335 21 116
9437 2 4
3724737 53 56
851453 7 73
9428608 112 67
166940 1 114
152322 2 60
102065 80 8
1198815 30 24
1691376 61 14
2718333 53 36
15406 8 1
172559 5 56
1729 1 14
503453 5 76
334753 4 37
19746 14 1
442724 3 83
2729201 41 75
235371 14 13
22605 1 21
614393 43 37
1892095 14 131
7898393 81 74
3495571 53 30
53409 8 55
20295 2 20
213000 2 47
22094 1 10
25018 5 3
1766690 22 87
5122827 27 128
721 1 1
256296 10 19
74360 21 3
7426496 29 114
5126 1 3
32186 57 1
20304 2 11
1022271 40 17
1162667 24 25
4818970 47 87
1389285 12 93
589356 5 105
2376004 25 71
2498213 32 63
572783 4 87
1858404 35 30
453774 26 33
97638 3 26
36086 9 6
263328 5 34
780468 46 12
644119 25 34
1056135 61 8
1383029 28 27
17963 8 4
379158 10 17
1047196 10 47
64539 9 5
921690 11 65
166116 62 4
27109 1 23
2902 2 1
3554011 99 18
4643999 38 71
69167 4 45
508662 49 15
286289 6 34
15246 4 4
177124 66 18
1982443 17 77
44910 1 24
740177 50 12
53291 8 6
1612220 33 31
42785 14 2
136842 2 50
707161 8 60
1443408 9 138
620265 69 62
1081622 107 8
162977 17 7
9267 1 6
443874 22 16
131079 10 16
1285547 57 138
12096 1 22
822738 36 19
537269 7 35
2291054 16 71
1699228 27 39
2538578 47 37
740616 16 40
218785 3 88
2021901 15 72
11075 1 9
85183 15 5
962 6 1
2628220 24 87
461427 2 106
1225765 56 61
1133791 18 40
73303 3 31
6555 1 24
306972 5 58
4661 1 39
37169 2 23
27812 6 14
318266 40 10
237437 9 12
3345 1 14
4022 3 2
3886157 44 42
87649 1 46
15398 2 7
281505 31 6
842776 12 31
722825 47 9
105553 3 22
58153 25 2
39945 15 2
2450002 33 69
4380 1 2
23542 11 10
1196052 33 84
413098 14 15
32313 18 1
335081 43 7
75004 1 62
3380677 66 30
78939 31 3
107090 8 6
1743662 42 30
85903 30 14
231865 42 4
2062073 15 99
739465 6 62
269403 22 8
628582 6 55
55261 2 87
2898806 58 25
63046 1 37
327870 13 21
3352897 25 97
997409 11 83
3087767 30 60
1305392 28 40
274907 5 82
4368947 66 37
85975 1 106
107951 7 46
208142 12 13
81884 2 46
33864 1 46
125993 15 16
272393 7 27
4276 3 1
46359 2 12
17562 1 10
23509 4 15
479682 68 27
483066 5 84
934922 11 45
171158 3 84
13345 8 4
1454724 26 27
386537 22 53
215860 10 70
19972 10 1
30379 19 2
29169 2 68
316274 12 44
252140 15 37
34986 1 26
114469 22 13
2957602 58 32
104728 31 20
199075 12 26
30980 2 36
71793 2 55
1413 1 1
34475 19 14
60229 10 4
1022239 55 41
60737 50 5
1491602 75 15
456028 9 28
404192 2 124
8611 7 1
442952 9 24
42281 1 36
96806 2 40
16132 7 9
392116 52 4
4126095 45 75
2796559 43 35
97142 2 37
649725 7 73
161044 4 29
263724 10 18
7383766 62 95
619571 12 44
188587 9 38
157684 2 54
5290858 51 47
3728621 75 22
1399327 12 117
279305 37 6
836379 16 39
70154 1 109
3650403 51 45
20237 1 15
464909 25 39
802465 9 51
111666 2 58
807487 18 36
126756 4 17
124101 14 10
1054594 19 40
317605 6 48
8904 5 2
510746 14 72
20152 2 6
829424 20 49
27350 1 20
712429 13 39
199843 34 23
91934 1 41
4311677 79 29
163800 6 13
67749 1 34
75621 10 19
1423865 10 108
345935 40 12
1164637 9 97
17837 1 8
2603 1 2
3013322 105 18
550297 3 124
3372045 22 88
4683850 23 93
31774 2 10
960823 5 116
560827 7 48
144716 7 79
482326 19 29
2412887 40 52
219758 24 5
5133196 29 125
156731 11 14
1674097 51 15
209826 50 7
2218972 76 37
1090087 17 40
612637 30 13
85788 4 34
294275 8 19
796104 21 26
840844 14 29
270852 4 62
7160610 101 42
257305 58 15
88164 14 3
693031 35 14
1047351 10 66
784874 6 79
13820 4 5
7129766 65 62
106705 32 17
862964 20 23
102063 16 14
309489 20 12
1098146 115 7
3842518 76 35
1018036 72 9
170006 9 33
117980 14 5
630720 13 41
446270 21 15
102135 8 10
261252 5 39
258489 6 25
51499 3 12
8923 1 5
1285022 8 93
505985 14 45
605087 8 77
106187 16 15
19979 3 26
1739931 8 126
3929801 43 64
1228140 16 37
3296 4 2
4714246 29 91
655212 38 9
122578 8 12
39978 5 16
4156 2 9
581988 77 4
272327 20 6
45475 2 76
63779 3 28
78099 1 62
724213 50 22
3320 1 2
57320 1 27
286916 17 34
14605 10 2
28299 1 87
972816 9 61
5555776 66 63
3874031 25 99
32984 6 4
14870 14 5
92273 1 58
266937 5 94
103475 9 24
914782 61 14
10235 2 19
214516 1 100
16996638 77 137
66466 12 4
1214205 14 62
6652275 34 87
68662 1 38
792717 22 31
122304 1 54
23284 5 6
59942 13 3
152453 2 134
50650 1 24
1528316 18 80
167894 73 5
33459 10 11
874750 25 37
379578 25 60
117711 46 3
7478958 65 77
45378 3 12
23077 1 34
587025 55 74
23276 21 5
429431 4 79
1539167 15 86
63803 14 12
177548 66 6
555371 11 24
57202 10 5
809936 11 33
458080 25 91
129234 6 15
1291979 23 26
121620 30 3
604758 22 29
336477 12 45
873 3 1
2404662 51 28
89162 51 5
582081 4 78
38012 4 15
3400428 72 35
12101318 51 144
17852 1 23
6622712 37 90
82678 6 37
115253 6 12
562660 7 36
821123 22 71
139980 6 138
9979 14 2
11064860 43 119
249882 9 60
689180 78 7
740123 17 21
535634 15 40
21426 1 73
228201 2 82
3114518 25 83
283877 28 30
1952610 54 23
