150 5798 585
45 84 95 127 63 28 62 136 14 127 111 26 45 141 150 149 57 68 146 75 39 24 16 27 63 113 80 60 84 74 75 104 83 64 145 96 36 55 5 131 26 101 65 8 40 98 17 140 8 58 76 65 83 112 81 90 35 30 115 86 44 10 79 126 58 129 16 148 122 51 39 102 124 25 130 86 110 72 130 18 130 58 10 2 65 123 53 50 133 95 35 22 58 1 33 144 20 115 142 97 40 147 149 42 63 144 90 8 64 10 11 63 51 106 120 142 115 94 5 140 41 41 116 1 54 123 98 35 48 36 149 109 93 48 4 36 43 6 36 123 123 42 19 95 148 107 94 69 31 128
79681 3 87
1130605 54 61
33785 9 9
2728 2 3
1732222 41 80
23745 1 62
336554 11 77
160039 44 17
64505 3 73
3117 2 10
30795 1 67
3268 1 31
35265 16 5
374777 22 32
299071 38 14
18953 5 9
4468 11 1
334982 14 44
100741 24 138
658817 12 121
3322 5 11
77549 15 16
738 1 2
23070 2 93
226221 22 24
55682 26 34
53049 18 21
343230 11 132
44726 18 51
5089 2 17
118175 5 72
177546 54 28
253497 72 36
36443 13 6
15829 2 14
326 2 4
35866 9 16
3745 2 53
4347346 94 140
11075 12 14
3485 16 6
75473 30 8
14987 7 5
103733 16 14
70500 10 20
148043 34 126
16824 1 57
912435 40 77
70750 18 15
16113 14 7
58846 21 62
8278 2 17
18402 5 63
199662 31 12
115744 6 37
52704 2 52
98910 6 41
8286 7 4
4032 1 84
29979 7 24
224 2 1
407868 15 103
226003 6 79
224325 28 27
384241 97 13
27552 19 6
6230 6 3
8574 3 19
401345 26 52
38142 28 20
97009 116 9
3431 29 1
261580 49 26
40411 7 15
1980 5 7
73876 19 9
239321 85 7
2298 1 23
40230 22 6
383006 35 63
24665 3 25
43888 12 13
519255 129 9
305174 23 42
22589 4 12
135571 24 15
10484 9 17
7741 1 20
15527 8 4
30077 3 40
461425 51 16
86748 7 39
667 3 1
125218 6 62
758110 30 62
569382 33 49
226 6 1
407293 39 33
23667 5 13
11989 2 42
434371 45 17
4878 65 1
36278 1 72
132589 7 54
8603 5 5
618075 21 65
14281 30 1
22677 2 45
18936 60 4
88582 32 5
284283 11 57
978 10 1
444 1 15
88768 29 69
176994 32 13
251305 71 11
195053 13 30
1863 4 1
44603 28 16
1185 11 1
82459 42 26
108328 41 6
64441 3 51
3795 1 7
7699 25 1
2186393 73 88
5616 34 2
53098 4 45
7105 2 18
610212 36 54
22824 13 6
7390 29 6
398481 13 58
606801 55 30
537012 17 80
2269 7 9
47028 32 11
857260 32 65
923052 23 116
183330 4 138
84237 35 7
1589290 36 90
63 1 1
14943 1 39
77573 5 27
453285 58 36
349992 75 40
117021 8 44
68636 6 38
20488 58 1
14263 1 41
164198 22 30
2826 4 20
465171 89 16
1418935 71 44
22122 34 5
255697 21 34
735158 55 71
961 9 2
31581 65 12
632960 22 58
260034 15 52
30970 29 33
404079 36 35
19316 6 23
17130 12 24
88863 34 35
17200 4 13
39661 10 26
18701 34 3
71348 4 56
37837 7 16
28403 11 7
58100 21 9
220390 57 13
34526 8 29
2065035 87 67
805 3 6
11171 18 2
182523 7 51
57257 4 94
23861 38 14
243531 60 10
5756 1 14
48824 11 37
3266 1 8
513764 13 71
115 2 1
399794 9 93
305070 108 7
61584 46 4
301669 18 45
292330 10 99
330565 22 36
4792 2 54
7219 4 11
36283 1 63
54643 1 119
2889 9 3
523146 35 118
116303 5 45
915596 24 75
114693 23 16
41764 4 55
324994 54 13
55399 10 137
427888 22 53
149425 38 10
43591 9 30
50984 5 56
48282 5 33
129551 23 17
29435 1 64
312984 6 104
288579 16 31
123014 33 28
143262 7 52
58576 2 93
120596 25 13
226053 86 9
11008 18 12
3653 4 2
12430 2 16
20103 4 11
8728 37 1
90942 4 47
1130464 69 40
398571 49 106
1423 3 12
80730 2 138
51024 5 86
202128 6 58
800084 14 116
84247 23 29
2601299 81 58
228608 8 70
29288 2 49
343882 100 48
138158 22 23
108710 12 25
84820 12 13
8595 2 22
4825 4 28
9159 2 15
99150 12 16
226982 69 6
23889 19 4
612089 93 14
356473 13 58
18768 1 39
54135 10 26
30711 2 48
266009 28 43
16539 1 52
690075 35 49
228107 26 16
82122 12 15
72623 9 23
3382 4 2
8694 1 18
505071 20 85
39286 16 33
58408 4 41
11496 1 24
246167 75 44
5677 7 7
660122 25 64
4117 39 1
16126 2 20
292583 7 127
243579 86 21
439 1 1
3073 3 5
36593 41 3
1131895 30 102
32798 3 35
79979 9 16
397736 8 120
504 1 2
11889 8 6
999095 24 86
405399 27 51
91127 6 34
827 2 12
1239546 53 60
39761 5 59
497941 22 71
10986 53 1
12055 1 105
1835 1 6
164500 17 18
498433 23 51
6443 4 19
58032 11 15
13999 2 34
69054 10 76
531968 13 107
139721 35 13
445213 69 51
34735 10 8
528545 22 50
4518 1 81
642394 42 40
991845 28 88
13581 7 4
398316 55 56
10548 2 10
411180 22 50
331645 30 27
3173 4 2
566 1 1
32651 72 12
34061 31 13
1377 1 16
17092 3 17
5193 7 7
69783 6 51
27598 31 3
19496 14 8
121259 42 9
3230 1 26
26753 9 7
349668 9 69
6154 5 6
52111 23 16
3328 18 3
5796 6 21
12431 2 13
79999 7 59
178873 4 90
597516 24 67
14698 1 46
216762 11 66
17785 40 4
1259417 46 84
23648 23 2
64565 19 10
34891 7 93
479 3 1
22868 1 74
130106 41 25
1234345 29 133
30029 3 31
95309 27 11
1385 1 12
663111 74 21
366274 48 34
308208 21 90
44333 1 84
131096 9 34
8626 48 2
1871 1 5
749930 38 52
10511 6 6
117741 17 44
49407 36 4
54969 38 15
39040 62 21
14138 58 1
1340 44 1
11487 2 21
5277 20 7
19150 8 6
16280 14 2
8602 3 36
554626 19 63
19554 1 51
19549 3 32
39958 10 31
13469 26 8
100038 2 104
2583 1 57
14202 2 18
253295 114 44
2946 4 3
57002 6 25
3279 1 7
234304 5 143
96188 7 25
196656 17 33
36389 8 8
20763 56 8
744264 70 87
19819 17 7
18461 3 98
142087 8 84
10790 1 20
72969 5 27
142722 9 125
38062 14 31
5878 6 7
13074 2 21
219599 10 64
312448 11 76
32018 31 5
67848 7 29
160586 15 23
34557 23 4
261111 83 10
26526 32 5
194941 68 92
1074443 61 38
527269 37 47
91207 2 94
183840 3 115
1293867 58 75
15254 8 55
865941 32 71
2107924 44 84
10001 4 42
372 1 1
552622 133 11
4081 2 45
168433 67 9
15386 19 10
1767 1 4
475 1 1
350410 13 56
273294 27 55
12270 3 9
59835 2 80
90243 26 55
3744 1 32
12915 20 17
11808 1 30
307189 9 72
26744 8 71
106295 5 47
40144 51 2
336168 8 94
15465 2 21
74549 2 68
16464 3 26
27059 3 23
67112 34 4
29878 9 9
55001 11 10
4297 4 6
13162 2 18
35559 4 17
230895 9 64
13274 7 9
709336 22 61
20876 4 9
11596 1 26
217882 19 38
6597 7 25
25200 1 113
14502 1 32
15423 4 27
99138 13 39
6922 2 7
195930 11 77
863001 20 110
75499 45 3
81088 11 25
99871 8 93
13075 2 34
102056 29 10
80865 22 108
49707 13 8
1438939 75 52
46754 6 24
6737 3 7
34656 9 10
20435 9 4
28752 106 2
1599 3 14
175471 30 14
2916 2 7
125139 3 94
436214 30 45
2639 1 8
38 1 1
369007 15 68
4525 9 8
1023670 24 113
1682 4 6
481 1 1
3087523 58 124
301536 6 107
1926097 57 62
4441317 58 146
70390 3 111
72087 13 16
24176 3 17
99239 30 9
25843 3 17
35017 41 2
27746 4 26
630861 72 15
12330 58 7
24766 15 4
2710 4 13
339093 32 22
4089 1 68
71526 30 12
338328 43 23
257513 49 11
2216876 56 70
1570798 47 63
306138 98 15
131107 44 10
1082 1 27
1104788 57 56
138011 41 10
880 1 13
295623 47 20
41141 27 4
615671 16 86
63054 2 76
44561 6 36
242702 12 66
16804 2 27
85308 37 20
322153 38 20
125664 9 34
12334 4 9
1621 1 5
95950 7 27
534241 31 38
83312 2 85
364875 12 98
221 2 3
823 1 11
148082 17 19
5311 7 2
14864 46 4
796517 79 39
26015 3 20
650 1 10
516 1 1
92289 30 13
43608 7 96
20554 2 22
64730 24 8
20937 2 25
20002 22 3
87140 4 38
42330 8 62
299639 6 106
1132948 36 80
25294 9 7
435093 33 24
33426 6 37
1811 13 3
29929 1 67
148222 7 43
71718 28 48
36173 7 101
1949 2 19
165213 14 26
102530 46 5
138118 16 77
20783 7 9
5234 22 8
59542 4 44
84 1 1
36436 3 26
21151 21 9
48118 6 100
2728709 138 125
2617 1 7
1394432 93 53
3204 8 3
853055 46 40
17232 2 60
38246 8 12
688472 27 103
9092 16 1
321180 23 28
18229 5 38
26193 2 29
1280138 47 80
54351 3 81
3676 4 9
1363189 36 67
39267 4 19
11523 4 21
13759 7 4
2482 6 5
31185 6 73
2632 1 27
61638 2 63
7558 1 20
112076 6 49
8697 2 42
14373 2 15
844 3 4
139254 13 35
825124 121 24
26649 28 25
30902 17 4
2024 1 66
123772 19 18
25975 8 45
276040 20 25
587202 13 107
63187 2 65
2617 1 20
1095 2 1
31809 1 103
296967 55 14
146501 9 35
22682 1 52
12305 1 40
36002 6 75
166708 19 15
13174 10 3
7057 4 4
57435 13 117
62493 3 69
1914 4 2
324403 32 22
1104094 72 42
200145 8 49
4372 7 6
121 1 1
35961 30 4
10675 13 2
72490 3 57
1742 3 1
97109 3 60
204125 14 36
868625 75 29
8938 10 2
74154 8 28
162882 25 64
1084 3 2
37763 9 9
44404 1 98
1009798 54 53
241 1 2
9957 3 44
45455 5 25
1136319 45 53
8805 9 11
24874 12 7
6258 1 28
53366 44 27
745599 85 20
33781 4 51
57265 17 8
17493 9 4
1200164 66 75
7004 1 14
106434 26 30
682559 68 54
112506 9 25
3298 1 107
821743 30 87
439808 91 12
267616 28 71
337099 33 18
738116 55 38
31633 11 11
56938 7 53
23991 22 32
70191 22 16
4441 30 1
390436 12 60
47582 50 3
22488 1 65
152156 45 6
6253 19 2
581940 34 46
13284 2 12
20861 1 51
1020989 35 50
495868 42 31
391081 47 21
35242 3 53
458769 41 22
1522 1 4
384291 59 13
336557 5 119
1395600 57 46
45626 1 85
2454 2 4
29280 3 26
40116 3 27
7843 1 80
51869 4 117
40014 41 25
2285 5 5
74651 20 34
79356 38 22
48130 10 11
389131 68 18
285343 17 44
69893 9 66
13123 1 24
4703 6 21
41719 1 92
134812 17 23
7544 2 20
8324 2 25
106816 54 20
196835 6 66
9192 2 49
869169 18 87
111919 3 109
72191 12 16
17536 15 3
173288 17 22
16233 12 4
50724 12 31
14127 23 14
1660397 47 72
44115 3 39
28500 1 93
188592 29 111
41732 4 80
473301 16 68
3529 1 42
221579 7 93
19079 73 1
1822 1 16
197563 23 29
1459667 64 97
4345 1 24
229597 15 37
207293 12 114
1434 5 2
26658 1 109
9388 18 5
950336 53 55
12450 59 3
3305 25 2
164404 13 22
6984 3 60
570489 62 28
146480 23 31
31753 1 106
24090 4 15
110739 9 39
10635 25 2
6422 7 11
156208 23 48
78632 2 112
1458 1 26
7202364 101 139
53112 37 6
21115 6 7
70837 10 41
110734 7 45
103575 32 36
3722 10 3
13735 2 29
173668 15 61
1793468 58 56
407721 21 49
20980 3 34
461507 24 33
5201 2 52
48316 23 6
23460 18 9
966450 25 74
205519 5 110
275205 15 56
34931 12 22
439539 64 17
789 1 2
4664 6 20
305441 43 31
318 1 1
5535 1 35
2611 1 20
13701 5 5
28858 3 24
69812 6 35
500841 91 13
222880 6 94
154500 56 8
379163 10 127
307831 11 59
4292 10 1
85680 41 9
60207 16 7
45205 15 9
1964193 43 113
21074 3 29
175383 46 7
198224 8 70
120139 26 16
176115 7 127
248110 27 36
18695 2 20
149248 7 49
524974 43 84
165854 6 53
189110 17 57
84370 57 8
82088 26 88
34287 2 52
80248 16 59
202593 68 8
181978 18 42
21800 71 1
13551 39 4
31245 9 10
64 1 2
148600 34 12
80624 8 54
262534 35 25
36050 9 15
3077 1 95
5065 2 41
507506 47 47
9679 28 1
256849 29 109
270846 30 16
94171 10 58
88578 11 23
17853 9 54
9184 3 14
3334 2 4
1734830 102 42
150702 21 53
277508 14 50
145801 16 30
373992 19 56
90797 5 60
2107818 95 45
1036052 71 48
81222 11 15
126776 11 30
50445 14 9
44137 16 29
22933 2 37
221791 66 63
17485 21 2
105624 25 11
22785 3 22
186503 76 7
12961 5 6
6322 1 42
590 2 1
1310734 71 84
232300 20 30
9525 16 19
98957 6 55
181686 10 52
1600 1 4
541731 32 37
143008 15 28
1119 3 1
21373 9 10
35359 9 27
208344 25 24
769745 44 75
285111 18 54
82416 20 13
3610 1 60
14991 5 8
6337 3 5
310510 7 120
19908 10 25
1415726 33 102
246585 17 132
419661 25 38
506289 15 63
17369 3 40
4349 1 11
171708 13 71
1060423 24 79
85063 17 9
325220 48 19
156571 27 58
85013 57 15
106002 24 9
2882703 45 114
2689 1 7
72075 3 78
9602 9 19
1556 1 9
7393 2 24
2557 8 1
59555 3 51
6765 1 16
732655 21 124
1091 1 3
271390 19 29
20898 8 25
93423 13 67
2205 1 6
7274 3 30
6770 1 113
50245 1 108
1330533 23 118
84119 24 55
182698 42 24
16177 2 23
123111 70 10
33201 3 24
102633 4 72
289312 12 43
84680 3 77
378109 14 50
306940 58 84
60229 23 12
795 2 1
108400 9 53
43625 4 22
56632 2 53
8224 3 6
1718 3 1
135182 6 67
177868 25 17
233254 25 17
132549 33 15
49947 5 32
233770 28 24
11050 2 12
58342 4 32
129673 5 49
8544 5 6
75664 11 14
651321 25 60
160403 30 52
1944 21 1
234 1 4
79434 19 104
6468 1 29
140927 4 95
20324 8 27
8411 19 14
585463 29 59
93180 40 27
11512 1 67
105378 16 13
1541168 28 105
330867 11 68
16406 8 16
5733 6 3
20960 1 40
2518 1 51
362930 24 84
4123 1 11
116030 27 9
7540 6 4
229873 8 82
175018 10 58
43417 42 20
151892 6 82
340352 51 18
31553 4 23
2042726 37 97
2921 9 2
25722 1 50
181272 19 26
526791 27 38
168212 5 109
2452 2 3
22346 7 48
597211 26 57
969214 116 16
17087 8 14
8274 18 1
27662 96 3
30369 6 11
144145 11 36
24284 16 19
8526 1 22
1332 3 4
513 1 6
778676 25 97
22857 5 36
390937 37 33
1358 1 8
183764 19 30
20980 4 14
281 1 3
33155 28 3
654689 37 31
82693 18 18
4734 2 8
12373 1 26
556772 32 40
13546 1 83
136608 6 51
124155 19 21
11040 11 19
58674 12 15
25703 2 58
1049 2 7
2263655 79 51
137 1 3
170340 5 87
709823 20 126
37615 17 5
327912 11 93
378241 18 42
687005 77 60
705417 63 71
256409 9 52
67447 7 22
8870 12 2
1656448 46 109
19869 4 11
291333 12 55
98149 10 46
2560 1 86
415 1 1
1711 1 5
119690 35 6
96 3 1
5887 18 1
5794 4 33
57140 3 67
102380 7 29
101854 43 29
91204 3 71
2746347 89 76
924780 62 41
477789 18 96
37629 3 91
25927 1 70
453266 33 79
193855 37 11
173045 9 81
774705 19 95
31417 8 22
3723 4 2
11703 3 82
628052 43 44
21341 7 8
4380 6 2
1343305 51 124
5137 2 75
607756 38 30
45167 7 38
11361 65 4
7671 5 13
304031 25 109
1952606 77 44
25709 8 26
26475 5 11
1402682 55 66
102055 35 15
44945 1 117
13867 1 115
25194 43 2
19329 32 6
67166 38 13
8658 8 4
8358 6 10
316584 19 42
67518 3 74
68061 13 9
300609 18 47
26230 10 5
350654 22 41
174307 13 28
291550 30 32
782730 21 84
11789 7 5
449078 9 128
3980 7 17
41799 25 50
186025 15 22
600146 43 29
526744 58 28
67348 2 108
360897 84 113
381541 16 81
41500 19 7
425546 7 124
26632 14 43
1162561 118 20
3995382 56 123
2037 1 5
712438 26 68
223701 6 80
11677 5 4
10340 4 20
61329 4 45
1285 1 33
341174 41 76
69374 20 26
67586 11 35
15047 2 35
56380 11 13
25150 12 34
727572 26 91
4420 1 21
51091 8 18
41233 1 119
2404408 93 59
16667 7 17
758294 16 130
513233 11 130
11081 1 49
657 1 7
455710 35 36
120 1 4
3615 2 27
77850 4 45
700722 28 62
61437 13 43
183835 6 70
4972 1 82
84 2 1
539891 20 66
7021 7 4
7945 3 10
599848 57 34
6286 3 5
8893 2 11
27502 3 21
22464 3 16
140627 15 26
8601 1 95
192108 32 25
65782 11 16
1198142 50 46
19727 3 17
4231 10 1
7841 1 23
15313 6 41
182891 17 33
304392 11 48
720071 51 99
6163 5 11
279819 9 69
631753 18 93
548838 13 73
454365 45 58
85536 3 78
4479 3 5
159270 4 69
77356 11 90
13878 1 81
156835 104 38
42800 14 6
28419 32 10
45173 15 56
71780 80 21
12578 10 3
197248 60 19
265590 64 11
69203 41 13
294755 25 37
20579 66 8
116639 84 3
2010422 51 122
11185 1 32
13070 30 11
711 3 1
26495 4 47
8590 1 20
356176 31 21
142437 7 62
7866 1 31
82093 7 61
12001 2 11
61023 3 68
51641 4 29
9383 1 30
84659 38 33
60350 13 46
50642 2 57
2093204 93 41
128206 43 12
1049365 27 75
48079 3 41
185110 5 86
3042 2 42
68065 10 19
3883 1 63
109000 5 43
249 1 8
525 2 3
59958 16 30
50107 19 37
4181 2 7
25451 9 7
34859 6 24
446659 51 20
93152 20 67
35587 13 71
89388 8 25
13137 1 68
5300 1 30
1868 3 2
680064 16 77
66487 2 144
363217 56 14
114555 19 49
150364 20 13
32584 6 16
266545 21 72
133257 54 14
23413 11 5
5207 2 8
19211 1 45
8324 30 5
12809 1 128
43689 11 32
2741 1 10
268 3 2
96756 6 77
1044947 16 118
43085 67 20
476747 23 54
5910 1 20
11519 2 48
459024 27 51
14322 2 21
11779 18 10
27226 1 61
10072 15 3
175967 32 18
26526 2 25
377571 64 77
36218 9 32
145960 59 6
370704 13 55
34596 13 15
43675 55 24
1209062 51 74
163256 8 45
304194 20 144
689613 67 94
23743 5 12
82760 39 4
66217 3 53
1306088 78 46
314889 41 24
5686 1 19
59476 7 15
69516 35 18
468991 20 64
1355871 54 65
40801 1 80
31838 8 9
136427 5 61
231542 29 14
335694 39 16
68307 6 22
705271 24 53
536525 63 102
85648 27 7
954904 15 134
1442681 55 111
317912 14 66
43068 7 39
17386 1 44
22563 2 24
543492 35 40
1972 4 3
278767 10 59
413001 9 119
289623 22 34
132504 22 75
373585 28 126
57361 7 18
2564 10 5
332 1 1
83948 5 43
525980 32 80
55346 19 66
18914 7 91
232898 26 25
351137 11 83
10712 8 10
47856 1 88
98409 16 13
642309 96 90
15563 11 18
1592 1 13
80702 11 23
125022 72 4
10944 12 21
74177 23 48
348729 12 71
338 1 5
14297 37 1
1198728 93 33
35695 44 9
213482 19 91
151240 6 84
188112 9 43
20862 8 17
587 1 15
145913 7 64
61678 5 60
57326 3 60
3163488 96 61
58086 11 104
163296 31 95
558514 10 103
26517 5 35
277623 4 135
465797 61 17
9016 39 2
353947 18 60
38258 28 6
269270 31 25
54981 8 57
15313 1 28
609 1 13
374223 26 74
17649 44 2
13573 1 36
8061 2 7
23789 8 85
9976 20 1
12138 3 50
9269 4 64
10445 1 24
4065 1 7
35054 47 7
313268 5 138
98675 10 20
396660 6 122
41067 8 11
107540 26 15
657431 31 43
112618 16 22
24626 2 23
49640 28 6
5332 3 37
55856 18 22
1776 2 26
329493 33 54
170211 33 33
101474 6 31
91775 2 93
25342 4 86
133350 12 24
193743 14 33
10940 2 12
436512 35 37
2381 2 4
75572 12 46
809009 12 118
737546 12 120
12672 3 8
4001 1 10
50206 5 27
700443 35 47
21948 8 34
389179 21 33
110137 58 5
61708 10 19
3366 11 1
143873 4 89
245322 25 36
102826 18 10
160827 7 59
69557 22 29
1856736 50 65
17297 14 6
21937 4 33
369239 32 37
21916 4 10
55411 1 103
1791 1 18
4297 2 14
1547 1 29
375603 28 37
17035 1 52
7194 14 5
15389 4 22
13518 12 6
736811 37 65
566292 14 90
15652 2 37
14459 4 15
16274 10 50
298734 51 21
19756 1 35
322 7 1
73283 6 39
341673 32 37
173922 14 23
6591 3 5
21644 5 86
1235912 93 70
13656 1 63
9033 3 19
9402 15 2
952843 60 52
956833 41 93
3318822 75 83
805 2 13
25637 55 1
8614 1 42
4809 2 18
1812372 27 121
7936 4 4
27962 5 17
19277 1 41
182016 28 30
4057 4 5
164995 8 59
18935 17 22
386687 6 146
122782 3 92
215686 96 29
291008 15 110
29950 29 2
78736 14 11
84 1 2
26127 1 82
91031 9 58
137410 41 6
373496 60 57
55053 3 99
361772 21 40
2837 3 2
3426 1 20
30412 5 49
3773 14 1
35345 4 30
622166 41 26
2617 3 7
932640 66 61
13499 4 11
1799007 73 56
4433 2 17
2343 1 8
29947 2 106
195045 8 62
102485 7 30
751831 45 134
195848 48 50
931561 89 42
163929 57 13
1669338 22 131
264325 10 54
6166 1 24
137543 4 66
906332 46 49
425823 63 25
278876 57 10
5450952 117 139
3221 1 36
7026 8 3
294144 11 66
33756 4 37
11859 5 34
136993 13 54
230204 31 18
120803 9 76
391492 59 33
5374 10 1
34693 21 3
64061 27 72
261878 14 61
326985 27 45
472404 24 34
108633 4 78
22913 16 3
244288 9 73
2116 1 5
74776 17 46
11892 8 5
774356 37 51
162885 16 47
22582 4 54
399075 38 47
192205 6 77
31795 12 64
23777 3 19
25573 4 14
1715966 48 101
219775 24 17
19195 26 6
131252 8 29
42214 4 24
124483 9 30
15461 7 5
8570 3 9
9223 1 43
10657 34 1
116520 27 9
225230 9 66
110287 8 39
200510 65 30
19473 13 6
17502 3 17
83953 34 7
106774 19 52
11482 5 46
87974 27 10
24292 4 14
48668 28 4
123786 48 10
297 1 3
55759 6 35
1692637 36 84
413151 15 84
29312 10 75
447126 48 18
3689 14 5
147321 51 6
216252 20 40
11832 3 10
189831 50 53
283780 22 86
4873 1 31
155001 4 94
114380 11 22
207658 14 29
442 1 9
36713 2 44
246199 42 37
16730 16 2
475151 26 46
336936 51 59
83872 27 15
59037 3 37
192368 53 27
874106 25 61
6551 8 3
941139 26 66
74450 3 84
50358 19 12
6983 1 121
79123 2 76
16528 2 69
1015143 115 27
186483 15 26
166921 16 33
53397 18 18
49674 4 26
23119 11 7
25847 16 17
222 1 3
16431 2 26
17746 5 100
13083 1 46
35643 5 16
17090 6 22
34862 10 75
480753 21 56
177400 8 46
3521 2 5
19478 1 72
1251491 24 93
17972 33 5
10353 9 2
853470 61 61
254896 11 45
237838 28 24
456642 59 20
431349 10 121
108505 20 14
343075 14 52
354152 34 32
43784 53 6
13665 4 36
131704 4 58
7265 4 18
239039 68 43
74838 26 7
8712 6 3
3841 2 5
239526 7 102
21591 3 95
220610 6 116
3798 12 1
396245 8 86
58438 23 29
10010 2 9
30799 3 25
394082 24 33
134331 28 9
855500 56 41
1985 1 23
74152 17 9
31163 3 23
202313 62 28
190391 13 35
98121 56 14
5616 10 2
548328 24 61
250060 13 35
19686 24 2
16668 10 3
99301 6 46
10781 38 1
14473 11 3
21037 13 5
432213 119 13
13332 16 5
58537 1 105
16845 34 13
275501 25 28
392122 5 136
10627 5 60
100382 31 11
47037 14 8
342713 75 12
6519 1 20
160263 80 4
108403 5 64
87418 6 75
165824 29 36
6052 1 49
986830 52 47
732024 29 61
56277 28 5
229140 19 59
110058 4 83
27462 22 31
22436 1 63
407057 15 60
14783 2 17
407354 15 80
230510 11 52
202376 19 29
787475 44 42
44062 67 2
370076 47 15
17563 8 47
1930 1 33
4742343 99 126
3531 1 24
24374 28 20
1617478 32 114
13408 29 1
14463 2 31
2064 1 8
79538 8 58
323059 56 53
2533 1 13
19065 25 2
172694 3 99
393830 71 117
51801 6 39
1371698 41 68
827 1 28
3134 22 4
7154 13 16
59874 12 11
106013 6 53
4771 1 37
94311 47 6
339625 29 25
1084 3 2
345651 24 27
2327025 65 70
23963 76 1
11711 38 3
40070 5 19
80585 4 67
1589570 66 49
54586 67 14
256190 71 38
1456 1 26
89203 65 4
56522 5 25
20965 1 37
69854 24 17
224460 30 57
17432 16 7
98330 10 30
126605 11 33
20754 16 14
806394 30 52
91174 3 63
217570 26 24
115897 113 2
178313 9 50
608099 75 18
27060 9 20
24020 1 54
121063 6 36
768 7 2
222664 22 37
13986 2 14
82350 7 25
1380724 52 90
70523 9 17
11867 3 10
9769 3 6
3616 7 1
74316 51 28
14820 4 83
63449 72 2
625069 40 30
39571 1 88
4104 10 2
38542 4 24
460028 21 48
66654 2 88
399255 14 57
129337 24 30
194175 21 83
40333 2 91
42906 2 56
971214 33 100
1843 9 5
17152 26 9
9081 2 10
9578 1 71
10131 3 9
10322 25 3
619085 43 46
281125 19 26
106439 29 90
25936 71 1
241093 16 41
113932 12 77
337032 16 39
2912 1 61
464538 15 76
427147 11 81
224917 6 99
4757 1 13
4612 1 30
93372 16 35
706211 33 71
44419 4 22
717509 19 74
8629 22 3
237889 12 38
34563 9 11
720397 54 38
259261 8 104
36642 12 10
19120 6 31
6936 1 17
19189 1 39
69325 52 3
423794 12 97
62863 12 92
647443 37 54
2787 1 23
339 2 1
2490 1 6
6921 50 3
29884 12 31
41523 1 91
28953 8 12
178501 32 12
2475 1 6
8034 2 12
2229 1 49
2248777 63 96
3622 1 32
15774 1 30
97388 4 46
577 1 6
17650 2 125
51758 2 106
44361 19 5
3275238 48 118
32289 2 30
170046 33 10
8044 6 3
813541 32 66
61422 1 114
47902 36 5
621981 12 92
162847 48 24
21904 4 17
120761 11 41
31250 6 28
34681 1 77
81198 4 99
588258 46 28
104203 25 66
1406 1 40
126069 23 16
130760 8 41
9365 8 16
43109 11 69
45400 8 16
9243 14 11
7866 8 14
9391 2 24
677181 69 32
527683 16 83
51705 7 15
171 1 1
109658 10 26
1638280 46 77
1582582 91 48
3270422 67 111
2695 1 5
174225 7 56
31606 2 38
105906 6 58
286248 28 54
11566 36 1
34007 6 39
32316 4 15
5611 15 5
201602 55 60
4195 1 34
384154 33 33
21785 1 63
1294157 21 117
52560 11 14
1069260 30 66
277215 23 28
48540 29 5
141524 17 18
284078 32 44
49935 6 16
1058765 56 63
255134 26 29
11072 2 16
1415377 65 59
6006 2 6
321810 47 18
1265296 80 28
34442 9 74
564201 32 100
41622 5 79
13054 1 54
98696 52 6
324984 43 14
365389 38 80
14968 3 24
1617300 38 81
7055 7 3
137250 48 18
9018 1 37
200 1 1
43842 18 10
77912 34 5
183489 29 45
1622243 74 91
127845 5 66
64148 9 17
356819 14 141
15075 3 12
2518 2 3
69191 7 40
38052 24 23
16035 1 39
93752 4 46
281419 41 14
163998 15 29
271807 12 92
384876 11 115
42470 8 65
55578 5 34
746806 15 110
75145 19 11
24475 11 5
25071 11 23
15401 5 24
43658 2 43
496910 19 84
387708 11 107
1038074 39 107
8632 24 1
125073 5 66
45048 12 20
195629 7 62
385636 12 106
24776 20 5
734 4 1
88345 24 9
348889 11 89
15488 1 29
17291 3 12
3623 4 4
729611 47 29
12222 2 30
110528 6 55
2134 3 2
597069 42 36
407594 56 18
83145 10 17
967 4 1
493426 41 27
5529 4 9
3385 5 4
106444 16 94
227206 10 48
1270739 39 72
73969 7 35
51746 23 53
11119 1 26
459048 17 54
10382 1 27
798992 21 101
9668 29 1
106695 23 41
16200 2 91
72073 14 29
39759 9 42
58692 9 30
7723 7 9
901825 36 57
117010 23 97
4435 1 93
245164 10 103
76241 17 14
1260 1 23
1983 1 6
4430 8 16
76445 3 81
46669 1 86
36452 7 17
442026 64 20
31991 27 4
316899 33 17
26432 5 10
117830 23 20
37499 12 7
903016 21 122
43142 28 3
10412 1 27
291005 111 8
6120 2 11
1131173 28 105
74356 14 10
6437 1 20
128504 60 5
27266 14 26
83608 6 105
261567 4 127
75496 15 9
99051 11 69
124234 44 7
387495 9 81
100329 10 25
99956 27 12
27564 2 46
93802 38 8
84755 3 73
10317 4 5
308531 20 44
193221 8 107
3873 3 6
47969 33 33
81371 3 68
24561 1 60
134578 27 13
142151 12 30
793011 13 105
5306 5 2
3369 25 3
686595 29 68
78156 3 76
26551 3 26
33686 46 12
45218 111 4
33614 3 23
113058 42 5
47631 2 59
11337 1 56
547558 42 29
958 2 1
8802 2 61
3555 4 3
100566 14 34
94826 14 48
125262 11 31
1626 2 9
66729 4 45
64572 3 86
2019 43 1
47203 8 31
1635 2 19
239384 60 15
1565773 39 97
1937 11 3
223646 51 54
5002 33 1
2311 32 1
614407 46 34
898985 48 65
86413 4 65
2344866 60 76
29400 7 11
40325 94 1
343797 90 96
19847 8 43
282952 11 55
235465 23 25
186596 5 74
161 1 3
11950 6 16
179856 37 13
365398 31 30
71292 10 40
48391 4 70
244456 12 56
18582 1 61
40844 25 3
235881 24 17
72744 2 85
793597 60 68
2684 1 46
23094 1 63
9866 29 3
210212 11 61
81473 9 20
121158 65 39
109123 6 94
4981 1 16
10576 3 19
19675 1 66
2536 2 4
15133 5 7
7077 1 13
56173 27 7
1353 6 1
61875 5 52
401659 7 109
78048 37 4
1074484 30 62
1435 1 3
12190 6 5
36837 8 32
779310 51 44
55490 13 93
71703 9 90
128739 2 112
161154 59 23
2208 11 1
1940953 76 143
73203 25 13
642957 34 64
28084 4 23
76873 18 23
23733 8 31
6107 12 1
12559 12 17
35298 9 11
1502319 60 70
496306 23 49
131423 23 20
124368 2 112
195648 64 9
30762 31 29
14815 4 12
1790 1 38
11774 4 10
142759 9 42
114545 15 15
9428 2 12
549390 31 32
8181 1 17
1806 1 5
16456 11 3
8830 6 5
11593 1 24
41600 4 19
73337 11 18
3373 1 11
2003 6 1
218057 12 93
4060 2 4
470829 19 67
120722 49 22
31869 3 23
1130337 98 26
168639 3 111
37026 3 27
270815 64 10
283337 15 36
2058 1 14
11368 3 28
39600 11 35
856 1 2
130889 7 41
12876 4 41
46940 2 54
56374 2 51
46281 25 11
3093 7 1
22032 3 28
114605 15 62
11026 15 20
413286 74 13
165461 71 75
10788 4 5
73416 2 99
38926 2 61
3577 5 21
14518 1 43
3338 4 2
416 1 2
153060 71 9
13904 2 12
1417724 61 90
82114 13 21
17640 9 28
32870 2 51
39184 1 133
1885369 32 134
37342 6 18
28669 52 14
45789 5 24
2115 3 22
266484 49 81
526585 68 60
65574 8 17
120220 9 68
43906 5 44
277304 20 43
13799 1 93
364979 13 57
8508 2 10
217971 29 19
460464 11 94
98093 14 30
11501 2 40
828834 22 127
1055520 40 50
132381 32 9
11909 2 20
6346 28 1
22276 53 7
614 3 2
21943 12 6
12920 1 47
23609 2 27
98999 16 101
39455 1 115
206552 28 112
243827 8 73
622745 23 51
14970 7 14
172873 42 8
42131 20 6
685590 52 39
43995 31 18
666510 36 35
21917 7 7
1408033 42 71
232725 12 55
186767 22 19
13029 44 1
228113 6 94
6960 1 20
182796 10 47
77167 83 2
58282 5 67
8804 2 9
155737 4 82
6149 3 6
6922 2 27
9342 10 6
732662 24 60
131767 34 8
744259 35 52
147933 4 92
1922973 55 96
42982 27 13
59088 10 11
216032 8 70
26598 11 66
40215 3 105
527199 39 41
21350 2 22
1257993 38 78
216215 63 33
1647980 67 60
13846 23 16
17923 4 61
301576 7 125
1890 2 12
8242 3 9
31113 3 20
30134 16 16
578586 27 46
453034 20 39
415419 43 25
47620 4 36
184839 23 45
202803 80 65
84670 34 57
58547 14 9
39169 6 19
1029069 48 60
208679 5 83
655 2 3
972511 40 66
24475 5 78
853447 110 15
190974 9 43
514 2 6
96261 41 14
3403 2 54
789446 31 49
1733 1 56
19624 2 39
869868 69 118
46080 43 2
19744 3 14
12773 12 31
359130 33 91
1920 6 9
6783 7 2
367763 17 41
14376 30 1
566986 11 117
482603 51 27
27940 2 35
15716 3 107
270615 7 91
2381 1 69
188349 12 50
620368 20 59
2130394 83 52
304080 35 19
41337 8 10
24930 15 39
373054 64 11
4255 1 12
813 5 5
88604 13 16
47565 4 25
534444 54 25
7065 1 17
191258 15 26
2065 1 24
485 1 12
4571 21 2
2867 1 9
194879 20 39
2393 3 2
10517 1 31
41651 4 34
21592 10 6
49499 2 108
41934 8 10
1416991 87 53
132110 6 46
3701 8 1
702871 21 104
2863 1 8
123550 13 24
7859 4 66
862610 81 76
18110 1 52
492758 15 63
364331 48 32
2548 1 43
52481 3 39
38349 14 27
409490 14 55
32844 2 36
145329 11 80
38067 1 69
121236 33 7
677897 39 36
293121 19 49
27166 27 23
614130 12 108
509898 13 107
664791 33 41
171704 41 10
112220 8 50
170637 41 8
80491 8 23
207686 14 74
678495 18 73
40918 2 43
1927 21 3
105885 5 48
298950 11 66
243570 16 62
10948 12 21
1800717 86 48
6955 2 26
4575 2 24
46327 31 4
68511 39 23
8368 4 16
79146 16 15
92143 5 57
30907 1 64
746703 81 26
851 9 1
31913 8 18
30428 4 20
51699 2 83
32628 1 63
6461 1 21
52573 13 8
5261 1 11
764 1 2
79105 52 8
994232 21 121
32498 16 6
138321 43 27
70942 5 39
72147 10 22
977325 31 63
6996 13 1
198701 39 35
11915 20 3
10800 3 11
1463 1 7
107593 38 59
98112 61 14
176447 8 51
3106 7 11
137765 30 99
245499 6 80
743472 35 40
30571 50 2
5535 43 1
532105 87 55
20482 3 18
1051235 21 113
48476 10 15
20239 1 66
484329 18 71
165578 40 14
106007 23 52
22810 8 54
49541 6 21
329943 16 43
208778 5 123
16459 4 40
38714 1 67
5990 27 1
13075 1 64
598869 30 40
10580 1 20
223933 33 21
21222 1 42
1648 1 4
958255 39 63
75095 11 17
29397 1 66
40342 2 42
4284 11 7
268358 71 11
96556 14 27
439959 97 34
1138633 57 41
105374 25 20
49381 9 13
13385 37 2
37664 5 20
37477 2 53
279546 12 115
177075 18 74
174575 64 37
1210565 29 79
2782616 83 61
143629 42 8
27448 53 3
21614 39 1
1159696 37 63
54829 26 5
50245 11 9
41986 11 10
107576 20 14
40524 5 98
16141 10 3
206094 7 56
1290309 34 71
93564 11 28
5896 11 6
9857 2 26
985 1 7
258049 13 35
56178 12 14
449017 54 38
27380 2 46
36790 2 35
126872 4 100
50668 16 6
41836 8 13
19044 1 91
60973 9 23
38515 3 22
4666 3 4
10971 1 31
3677 1 15
1108933 73 79
3385 8 1
32488 5 22
248917 11 55
29681 58 5
88470 16 24
30305 11 16
30173 3 81
241572 7 79
3637 1 25
282294 12 45
1057139 36 71
1080 1 2
11473 2 47
273521 41 16
13448 1 83
850464 50 44
230541 61 21
3078 1 38
64774 52 9
6376 6 3
164337 41 9
342348 12 88
1104 1 19
13151 2 13
973951 57 36
23281 1 47
4598 10 8
8087 23 1
45491 11 9
2292 2 28
16655 3 18
210564 6 102
1194689 48 65
713439 22 61
12029 1 28
294787 14 62
331051 31 25
47218 4 30
107984 6 45
42056 1 127
23407 6 7
210448 7 133
1301 3 7
233 1 2
66176 3 40
48284 12 10
173922 9 42
198779 12 37
77649 12 13
18346 37 8
183458 27 22
19606 5 40
557893 31 69
112721 11 110
26519 43 7
27270 1 57
71165 18 86
252404 37 40
752335 23 61
37233 2 33
28504 1 86
122225 8 50
122098 22 61
287 6 1
41596 33 27
382741 23 50
278008 15 35
34016 1 116
281 1 1
65984 34 10
2007 3 4
11300 2 19
1415784 47 108
180768 4 144
957940 52 34
1504271 38 72
377571 10 73
1313 1 12
92600 15 29
64579 36 43
204770 20 29
51040 6 35
19790 5 20
152393 20 45
11368 1 20
31121 8 13
29979 50 2
105455 7 68
386021 25 51
7402 30 2
341782 13 78
50282 2 65
1935145 55 73
1298 4 5
291439 25 33
1158 4 1
2356049 80 65
10045 2 9
21824 3 18
3459 2 11
19122 3 17
1464269 31 110
11794 8 9
57697 16 14
50591 6 21
554699 38 26
3942 1 16
290055 10 79
2205334 32 141
11518 1 28
113147 6 54
16167 11 17
1244335 69 55
340457 42 18
61276 17 11
245576 33 83
277093 25 34
510417 81 46
17377 18 2
388867 31 30
26648 9 12
4408 5 4
84823 2 99
2183294 112 65
3397 17 3
427858 27 46
115134 28 16
52394 18 7
1344776 28 96
156284 57 5
5168 2 7
807106 45 43
231738 5 90
206965 69 38
55538 19 14
9176 24 13
1804 2 17
70750 25 51
90575 26 97
246721 20 28
128181 5 83
690518 18 71
17626 1 60
101629 20 13
65925 10 75
24474 1 48
12939 1 54
33368 20 19
1128200 36 97
4733 3 6
299463 16 96
261234 14 44
835343 29 91
15885 1 29
69705 2 83
35689 12 48
15112 2 18
50860 6 44
958435 27 61
94593 7 30
401138 53 80
68664 11 20
17112 52 1
1946 4 1
265207 76 34
213790 31 60
10793 20 16
1163999 49 61
82442 28 29
474095 16 66
60970 14 13
269526 29 26
1819 1 27
151218 5 70
262048 45 78
9506 1 23
273220 51 39
226876 13 49
26098 6 28
89186 19 69
539608 21 44
163900 105 8
203970 9 70
156670 40 7
87713 3 63
14337 1 44
37040 2 36
504 4 3
36461 9 7
1015860 19 127
641069 22 106
34599 3 24
95607 4 79
325759 10 56
549930 63 26
446840 19 88
287558 31 54
13501 1 55
843759 40 48
19032 21 10
195727 26 14
884 2 1
2419 11 6
86784 12 17
65637 5 34
579400 25 41
282264 51 11
10208 1 41
546523 19 68
24522 4 15
665157 39 112
1866647 35 100
263619 12 38
338713 66 15
58832 3 66
505384 26 103
14436 3 10
9152 2 14
814956 38 101
324581 104 8
191044 30 16
81345 73 12
7341 5 3
3812 6 4
171964 16 50
32332 6 21
85721 10 17
10166 1 29
94407 7 42
20751 35 2
258476 10 60
45991 15 69
152625 4 146
1851 4 9
31084 41 6
25507 8 40
268356 45 129
178337 30 79
76169 6 35
522324 35 30
17787 1 34
10605 4 79
12994 3 11
100953 19 60
8869 5 6
318918 72 20
18934 2 21
5138 26 6
2035 4 2
43630 39 3
8258 10 4
24698 4 13
242469 28 52
2844 1 6
22632 4 11
639986 35 47
266206 65 67
4162 1 30
27837 7 31
462813 18 108
1370 2 3
2771 1 5
299043 24 34
2068332 61 75
33164 1 59
320983 34 27
9638 76 2
5140 23 1
53848 8 12
362053 37 34
60221 4 63
32280 8 23
25650 25 7
7917 2 10
21299 1 44
581083 89 12
12673 1 27
1812 3 12
98693 10 35
12590 21 6
34062 88 1
29388 1 55
63438 57 2
37754 2 45
853 1 2
217073 33 120
17701 4 91
9192 17 1
60959 11 54
23525 28 2
4729 2 16
565807 13 91
7565 1 20
52848 13 53
4736 3 15
1346397 72 35
96057 69 4
4375 16 7
16381 1 52
12344 5 13
46829 12 13
323260 8 124
513501 44 36
443254 39 108
12997 24 7
133208 5 80
15368 1 31
122317 13 31
893186 70 33
1889854 50 105
12873 1 61
48767 16 9
15414 28 9
491449 36 51
68257 2 110
92782 38 22
344932 40 99
80763 5 36
592086 51 30
21603 7 6
80419 8 25
81700 53 12
82711 44 20
595 1 9
830579 18 137
1339 2 2
365782 12 89
1104711 77 49
616263 12 104
24987 17 5
122436 17 37
22419 2 62
25342 33 2
149688 8 69
2044029 35 101
77769 3 45
15517 8 12
10624 5 14
118858 105 34
212603 15 26
480 3 5
205266 52 10
750175 35 82
404363 29 40
1942 1 55
6801 1 39
52022 6 38
463183 14 73
101392 30 73
6963 8 12
13392 9 4
459074 25 43
242425 16 48
54017 9 13
43314 39 11
317675 23 67
194492 7 82
12785 3 33
67120 11 30
391124 9 86
25752 61 6
10688 22 2
145779 17 26
290962 15 55
12822 1 74
34461 1 114
4469 1 122
194462 34 14
150900 13 35
34538 8 79
67946 24 6
900925 44 62
26098 3 49
354217 14 60
9965 39 7
10238 13 11
57249 10 47
33268 1 87
631408 17 84
16175 2 19
1281940 33 87
377 2 4
62163 35 10
50425 31 3
7062 2 14
7922 3 8
54395 8 12
87629 4 63
227182 19 80
25366 3 63
576542 21 52
318459 18 60
705272 12 139
5017 3 5
124 1 4
1783 4 5
884171 37 101
400565 8 95
269858 24 23
3987 1 7
3777 9 1
1038411 101 27
108320 8 33
4529 2 25
4097 3 8
1204196 53 50
40026 14 7
256359 45 33
185688 70 64
763388 21 80
9020 3 9
1466741 59 51
49608 5 17
57498 12 15
48933 11 12
563440 18 68
91088 13 51
37501 5 25
355 1 5
63806 31 6
183434 42 110
101964 24 13
28429 78 1
74367 15 24
9445 5 7
436318 20 53
49746 2 72
1560 1 4
33553 3 23
2799 1 42
6792 4 4
222431 10 45
17503 1 51
36360 6 101
639 2 9
8904 2 45
45044 1 93
273400 42 30
347317 50 124
42533 7 123
1190348 23 127
2916 6 1
1008 1 31
2182980 52 80
879605 47 33
106506 13 17
277131 20 33
624 1 6
47077 3 30
12331 4 24
30396 6 35
427 1 5
376471 56 24
64375 2 78
107007 48 5
7709 3 5
41595 20 7
91961 12 55
815107 20 138
237719 5 94
322359 43 29
435663 55 46
74824 4 40
25237 6 28
5938 13 1
1945 2 5
11748 54 7
507280 59 26
91845 14 19
450527 17 87
15343 2 18
96417 23 14
28057 2 45
323791 40 17
180444 26 52
306 5 1
6731 1 12
351032 8 88
129103 9 45
17511 5 35
38961 14 22
17864 27 2
19106 3 33
24724 3 32
6433 8 18
1202 3 1
11331 2 75
231250 7 73
134518 19 71
16076 23 10
19649 1 64
299922 18 31
51578 6 79
95310 16 23
5196 1 35
29626 5 37
1951 2 3
133970 115 12
219767 10 88
29247 5 26
344758 12 89
909928 41 38
78133 13 19
23386 15 8
474403 13 89
2881 1 19
571814 56 32
88476 4 38
10327 4 28
265290 9 100
31709 2 48
1460 4 1
20981 4 50
1759077 42 98
262088 8 73
142077 12 28
27936 12 33
39625 1 90
31192 15 6
261173 56 10
216287 36 14
13002 1 66
14908 5 6
33123 1 71
1343386 36 67
1186 20 2
31892 3 36
1455292 42 70
11268 1 36
56989 7 43
304903 11 82
22686 12 62
552135 15 90
8597 1 68
7120 1 25
47758 12 8
7789 3 8
248314 34 19
51770 19 5
168954 19 16
35674 2 53
24270 3 23
619413 33 59
271318 26 23
368927 41 115
63789 16 16
114063 37 6
62126 9 23
58554 30 5
121093 5 67
116233 8 45
50158 42 10
14908 4 22
13798 9 3
5704 40 2
9583 7 13
42046 1 91
76020 11 46
957 1 11
34134 6 11
1357006 25 118
9647 3 6
2778 2 9
2001 2 3
1054 2 4
184667 7 67
8853 7 8
99488 5 56
22341 14 5
61408 34 39
1704414 104 44
404956 21 61
8027 4 61
73254 33 34
268347 8 62
334785 24 29
99592 10 29
12992 1 40
6739 2 8
294738 17 43
409674 25 38
44574 3 37
9713 1 33
417264 16 68
67331 4 38
2746 4 2
808542 52 31
187179 31 14
28181 94 1
604160 56 24
1168 1 11
409061 20 36
4198 5 2
3509 4 7
36869 5 43
1304 2 16
46869 18 12
20656 8 51
1376943 87 56
293543 11 55
55034 7 21
105332 7 66
265025 16 47
141928 17 31
362190 43 45
7854 4 30
1662012 36 80
48094 3 34
104393 16 12
45815 3 35
552370 35 49
14343 1 35
9958 6 12
360839 36 18
13246 2 22
264366 75 27
512835 17 138
38422 88 14
51626 3 31
40246 32 4
229 6 1
297698 9 92
468616 24 76
29722 15 5
169915 13 59
137366 2 119
890033 73 48
114 2 1
230512 38 16
737855 21 98
92791 24 60
8632 1 48
6010 7 2
55085 10 20
42406 19 42
40887 2 66
471761 10 92
3857 3 4
4024 11 1
86776 4 53
45519 13 11
117 1 1
1151 1 21
438993 34 30
1054826 41 44
206593 28 50
208923 83 12
12847 78 1
909960 38 60
24078 1 74
64347 9 38
141832 36 11
174505 9 44
8025 16 11
9292 7 3
908874 29 96
386158 90 26
183937 50 12
312848 48 15
117317 3 97
109246 10 24
585797 27 85
1092955 114 47
159 1 1
285155 26 24
4397 3 3
30097 3 29
34998 42 4
258863 9 80
15127 40 4
1951063 50 98
8419 10 2
8089 3 6
1830144 122 46
104365 2 106
100715 12 69
7570 4 9
8537 5 5
3807 3 16
3080 1 8
20673 1 37
124690 4 67
185684 81 45
9624 15 4
51532 19 15
92633 31 7
459412 48 23
1797 3 2
24099 1 48
264171 17 27
29853 33 3
402047 13 98
37746 5 59
1621809 35 99
7253 1 137
1838427 68 67
709347 73 66
189067 17 99
107513 25 31
10554 1 59
17174 8 8
12593 31 1
34672 13 7
564020 40 36
341726 22 42
23015 6 9
335785 41 24
29681 2 57
45993 1 106
3509454 58 112
191117 5 67
74239 12 12
187091 33 18
62306 17 12
446242 32 51
3068221 70 84
41394 6 25
873364 73 37
36350 3 36
78272 29 55
94767 35 35
222056 11 44
235152 13 97
812329 20 130
197818 6 65
7401 35 5
48662 3 46
25568 2 29
80474 24 8
118830 6 65
1996280 64 89
496 1 1
22183 2 36
4552 2 14
7193 1 97
46461 3 46
10065 1 87
872707 28 55
735 22 1
83517 5 49
34628 4 92
63192 6 52
3777 6 11
95695 4 81
57956 2 92
35270 20 5
47051 16 14
199086 20 20
407056 11 86
4924 1 26
60015 16 21
66317 6 80
12958 1 123
628 2 1
40437 1 79
25672 10 7
8977 14 2
41814 2 71
7007 7 2
163707 4 84
139292 9 110
3578 1 8
30821 5 79
145001 28 51
172830 8 48
154454 38 9
23487 10 5
6542 1 96
98624 2 115
99901 2 91
53353 61 4
481559 41 53
605465 94 23
15697 9 4
11476 9 4
409406 27 50
185013 4 93
144530 5 63
1252 1 4
5781 1 19
6176 7 5
41750 15 9
26237 1 69
5750 4 33
452776 63 13
452321 30 31
14253 3 15
9598 2 80
34382 2 31
6909 4 38
16580 7 6
118381 7 44
77272 2 68
151291 6 92
1443999 34 73
70913 36 9
167472 20 26
335442 66 10
33000 2 32
837 3 4
52539 6 19
62392 4 42
67811 8 30
130484 21 11
39396 10 40
2258600 45 88
25687 19 6
2047604 43 114
4784 3 3
20674 8 5
2743 1 5
7288 19 1
1102992 24 90
5053 1 10
4389 5 2
123559 15 27
52840 18 61
1843934 54 66
4767 1 13
884290 96 29
386398 19 63
15472 1 99
135012 19 46
1757610 44 97
4395 2 5
56979 5 21
44907 14 6
1006295 49 46
50334 2 48
28613 10 8
530427 31 48
15885 29 6
3272 1 26
76601 4 128
134121 25 17
77784 43 6
34273 36 14
132823 26 14
70841 3 87
16822 4 17
26380 2 33
244712 33 16
46854 20 6
257386 23 23
79018 64 5
773602 47 51
1937 1 57
227265 5 109
11256 26 10
174135 29 15
345294 82 11
5627256 106 132
318491 23 42
781007 79 43
40666 6 34
2701907 44 110
8839 3 10
170504 10 39
3776 6 2
39372 1 100
2340476 76 70
44214 1 106
223952 14 29
19360 4 22
408428 71 18
692312 22 69
189980 14 39
486685 22 75
497 1 14
1218175 74 34
5737 1 46
438357 25 37
16155 2 16
194016 4 86
1280319 32 117
36328 4 19
2428 1 18
14262 6 22
1179374 67 31
7601 5 31
102425 11 24
112117 12 35
140344 8 35
2723 1 28
307780 74 13
79624 43 23
96027 2 114
478428 35 43
8040 8 29
695812 12 121
2151897 67 68
14400 2 16
12061 6 31
380807 17 72
122068 5 136
29261 2 46
202490 54 28
11554 2 12
5922 1 15
71965 4 40
693214 22 66
68827 6 30
36359 34 35
7905 1 18
245 1 1
655002 71 138
16921 9 6
15379 1 40
52008 23 5
135786 20 27
62999 4 33
144879 8 60
3960 2 12
45894 40 7
4015 10 7
243055 10 63
8860 20 5
91208 37 31
22083 6 39
2944 3 25
104031 56 37
90714 3 59
50915 53 4
79958 17 41
636850 18 71
42524 3 65
1392336 43 70
34881 43 5
3453 1 22
3391 3 3
168924 7 57
9605 1 19
23792 4 60
23827 4 18
1660 5 1
16272 1 38
521172 83 38
248171 21 30
137550 10 29
359507 26 35
88716 56 3
100674 6 55
397609 11 115
20568 7 6
265966 14 79
14197 1 40
125743 10 41
495 2 2
26002 15 36
20901 4 22
61391 15 40
439 1 1
102111 13 39
1474384 47 106
250617 48 12
6732 2 67
25703 2 81
877541 27 64
21071 11 14
4852 8 2
419841 16 58
1028820 77 24
12244 3 8
96806 9 23
10846 13 7
187734 56 8
56685 2 70
660820 42 53
2769 1 9
42176 19 27
27275 6 51
170855 9 54
27369 14 42
563596 56 29
10031 7 14
2476 1 12
444700 23 72
8786 11 6
409796 10 97
662175 77 21
406972 55 16
275314 5 106
3286 1 24
79964 12 13
8758 2 10
2545597 95 90
29752 14 6
10860 12 5
272707 7 104
19453 15 3
30984 1 70
80162 9 21
338494 33 52
162039 42 7
35345 26 10
96549 15 18
34571 12 45
78524 39 17
43423 31 30
84368 11 14
180459 10 46
253729 31 19
5344 5 3
121046 4 55
353908 43 26
3531 1 8
44232 2 59
238249 16 49
99864 9 26
78565 25 8
19584 5 75
8308 3 18
76133 68 7
92965 6 28
43155 13 76
460584 60 17
10706 18 3
662970 43 41
599255 22 55
345173 11 85
29448 8 7
27832 70 1
2432 66 1
19873 2 31
7340 81 3
11215 4 8
2649179 94 65
67192 19 80
29951 8 22
500528 28 39
590 1 5
35276 5 16
149226 13 25
949931 39 86
18027 9 4
966304 25 94
19644 19 2
57741 2 55
5448 7 7
18765 6 9
34586 2 133
9415 6 4
419 2 4
28758 10 9
772747 28 53
91579 2 87
602 9 1
12641 1 30
68823 19 9
1575879 94 42
233746 14 35
21363 8 5
60275 5 28
616967 18 77
3399 9 6
92623 38 23
65525 22 12
1190630 34 70
254840 47 42
160117 36 68
58009 3 64
109190 13 25
59339 28 42
194783 9 62
284824 5 102
46039 5 19
17520 9 18
51824 2 81
679475 21 66
217231 72 6
43483 84 1
16779 10 4
30727 4 63
1052 2 1
58102 14 36
481300 25 34
370099 15 95
2738 1 31
156256 27 11
447542 10 91
7554 15 1
26264 17 3
3363 1 11
26878 18 11
30432 31 22
23889 1 55
82281 2 97
2749 4 2
6346 1 17
139699 58 27
51463 4 36
49171 28 24
77982 14 11
1564192 99 45
276886 41 12
97499 4 65
217814 8 76
40528 3 31
3266 2 14
8887 3 7
19541 17 3
56284 10 10
23099 1 77
72279 13 47
68074 9 27
18092 1 95
1207 1 3
1255 1 22
59059 4 79
29870 39 18
1289960 62 57
7487 8 3
1924 2 8
378447 11 62
992195 56 73
64162 19 67
310838 30 19
360543 18 66
325743 26 25
59620 12 33
44199 23 26
48318 69 17
90033 5 37
5966 1 19
55277 12 17
5103 5 2
492362 57 69
881719 50 52
38030 11 21
40035 8 12
103 2 1
26563 7 11
256154 39 26
12119 11 7
2806 4 4
9113 5 9
49207 2 71
13485 3 11
205701 12 37
140294 15 23
187953 46 52
557394 24 46
8160 2 12
37022 2 87
66185 3 66
2170 3 14
213845 23 31
192685 5 80
38388 6 95
228721 5 99
348426 36 22
17972 2 51
167450 10 40
49859 14 7
156560 5 64
669729 23 92
222447 30 23
20745 13 26
441216 28 27
92291 29 8
888 1 2
15741 5 7
260 1 3
198062 27 21
63151 9 47
7520 2 34
12392 2 38
289263 12 57
31034 9 10
39721 1 101
50650 3 51
3413 2 22
190410 3 122
223275 105 4
26219 25 8
21613 8 18
260835 25 18
258764 41 22
510034 48 34
114655 6 52
23473 19 34
27676 19 11
451390 23 45
97965 46 22
16291 20 2
7694 1 22
251692 10 78
42196 11 48
220623 13 47
72424 27 31
12379 5 65
85692 3 49
1742282 53 83
17403 2 64
10987 3 39
66769 16 31
64688 32 11
10985 1 54
171334 11 42
137654 3 81
322011 9 76
27128 4 17
446497 32 25
14759 25 2
19692 6 9
23873 2 38
62526 1 108
234554 68 83
23811 1 50
10987 4 77
31707 6 14
100044 32 19
95923 10 28
403577 48 18
7811 5 3
617313 25 48
185760 10 52
12420 8 52
696156 53 25
13979 1 24
97449 17 71
5001 1 19
156417 12 85
40331 6 15
34629 34 4
8719 1 57
671541 82 61
186113 8 53
12493 31 6
20658 3 40
29257 5 44
198756 7 53
128866 15 15
890425 29 88
65631 3 41
194458 11 47
9972 10 11
48797 58 2
16881 4 14
38064 3 34
103470 4 66
432704 62 19
526742 28 73
16644 2 15
826 4 7
444756 78 11
4368627 76 102
52039 15 8
5211 1 82
20505 25 20
175162 13 30
292850 37 15
49856 5 27
217787 88 9
413 6 1
8009 1 23
92266 48 33
816352 13 126
52038 17 6
79772 8 30
107865 20 11
39938 3 29
7715 1 26
960256 42 70
11275 27 4
1507857 73 50
11967 1 29
36445 16 8
7497 2 21
253737 20 22
74353 3 74
13251 1 70
10799 33 2
86045 21 25
180846 12 49
4573 2 7
46912 15 6
3333 1 8
67531 66 29
5217 19 5
83070 10 16
114394 13 25
129692 57 38
5109 11 8
1054155 22 104
35779 13 37
8583 2 8
122832 10 41
29453 4 29
1298199 52 64
18767 2 24
18239 17 26
833940 36 46
191602 6 85
12263 1 86
437087 43 19
65949 2 61
1933 1 7
162352 19 21
845791 73 34
272602 12 65
2163013 128 39
106195 4 125
254415 31 15
92197 4 47
77621 17 13
182827 9 72
26548 5 12
153722 7 97
75383 8 110
4605 3 38
4345 11 9
20696 2 61
11623 4 8
796017 18 88
205836 13 47
63029 2 90
4541 1 23
1897825 68 64
143299 89 26
461177 48 78
936 1 2
163233 12 34
8812 6 28
100257 49 16
1946 2 17
780 1 13
245360 20 26
32297 10 9
3565 1 29
18377 1 89
133386 6 56
399843 8 100
2319 15 3
63343 4 45
293334 4 140
106085 11 23
4796 2 7
81531 4 58
10708 1 55
8601 3 93
306257 13 50
537685 19 53
5209 4 18
3718 1 12
236 8 1
260737 89 9
235365 8 72
212920 21 23
368382 48 18
37144 6 40
6570 2 81
79531 21 7
861899 27 61
3421 3 5
128444 16 27
13951 37 1
708423 23 56
14154 5 6
32870 2 100
116479 10 39
73453 7 33
85214 8 30
1647 3 3
102849 33 8
311053 21 75
112420 6 38
43021 8 78
14737 4 7
735018 40 62
1846 6 6
288078 7 104
882494 98 22
8833 8 2
575323 51 22
8726 8 7
82473 22 52
713937 30 48
177511 12 80
11156 12 27
2031670 54 111
313346 42 31
3211 26 1
208832 24 35
7558 3 6
26002 34 2
1408141 35 89
17135 1 56
9242 50 3
218541 10 82
20529 23 2
228034 84 5
846238 36 90
2099 1 8
546348 33 29
147492 12 35
265881 19 33
20101 9 5
236615 9 56
801271 22 103
36879 5 108
294563 67 26
554845 25 103
161 2 1
7579 15 1
8210 1 21
6666 4 4
538032 22 77
136544 15 23
2472 4 6
12237 6 7
338118 17 44
79768 29 7
156217 4 125
224614 20 39
139059 7 88
21578 2 50
514454 72 48
246390 13 39
636066 22 74
1758189 83 41
144673 7 38
53283 5 25
3566977 98 117
670957 75 56
149449 55 18
574148 39 31
678923 25 90
144907 33 10
1441221 20 143
159810 27 18
388873 10 88
3523 9 2
1457 5 1
2752 6 4
738093 33 68
96146 3 80
1517407 113 34
42891 2 41
461663 45 32
20988 2 21
1010245 77 28
139008 54 6
5483 2 5
114173 6 48
9552 7 37
441191 27 31
6761 1 23
551479 28 44
824327 48 38
1230703 53 68
58340 5 28
109130 4 69
83738 25 7
423911 21 56
428684 52 79
1526 2 21
660364 40 41
188137 11 79
16980 2 28
21525 18 4
174636 9 41
203965 4 95
50622 3 50
3491 4 2
492053 17 65
92613 23 17
19968 21 7
134803 94 43
17294 4 15
83574 2 104
1047559 32 79
985343 70 33
247973 26 32
84294 6 95
558434 14 76
2788 2 9
133633 21 12
313822 32 89
42023 3 28
610800 35 45
17551 1 37
4282 7 12
348487 15 43
351542 31 32
29683 1 87
296102 33 25
13369 43 1
3048 1 9
839421 101 36
210716 93 7
297905 33 22
1378 1 23
13761 31 1
28317 5 13
81194 27 10
41123 4 35
1087620 57 64
21669 2 24
536082 45 37
1085 6 2
573121 30 41
1117663 67 40
1509 3 1
14448 2 14
290061 11 68
112007 38 10
55013 15 11
1759 7 5
929 1 6
1509 17 1
2981 9 1
205761 22 25
12246 8 6
315161 13 111
80036 2 82
34152 38 3
17127 23 25
983718 31 56
202597 12 50
3665 7 4
13814 20 4
194146 27 19
91010 17 12
14193 12 3
25163 1 85
92653 5 39
339879 13 72
53350 10 21
188463 3 127
357277 14 77
45782 7 83
15446 31 9
160970 15 36
53916 14 16
15733 1 31
5113 24 2
61035 7 27
25244 2 38
1906330 52 91
770 2 10
11647 10 28
55037 5 48
68268 7 63
119968 3 70
501426 102 70
55543 19 21
55842 13 35
115070 75 10
80421 6 39
8656 1 21
7196 4 23
473438 81 31
581 1 19
12405 5 24
20484 1 62
1484223 57 86
17193 25 13
6189 1 24
1007527 62 32
68392 11 42
800522 20 97
43741 2 72
410075 19 65
688086 17 93
6087 3 5
20506 3 17
737 1 19
292128 15 41
1410 1 35
293 1 1
3863 4 5
10343 4 5
371195 32 30
1929 2 7
62136 13 15
3061 34 1
25455 27 3
443765 17 55
1152 1 2
1853000 68 61
624006 15 99
27262 2 48
23312 2 83
22051 1 52
110955 7 30
132355 53 5
11997 12 2
13055 6 6
218013 14 51
11045 11 6
6191 7 5
42428 21 23
373073 45 41
75939 5 33
4249 1 12
104498 3 99
24172 4 39
42658 7 17
257794 7 103
165194 15 118
4483 3 49
270541 28 126
385085 13 62
167793 3 118
12659 10 26
1049059 93 26
220 7 1
92804 42 28
839683 20 98
260716 28 52
99300 13 26
42117 6 108
4720 5 27
11469 1 36
246488 18 24
19584 15 11
6237 1 12
94114 7 39
147735 8 79
184061 89 49
1722884 56 78
322878 12 76
198568 58 25
298479 57 26
13841 15 5
296337 68 10
223107 19 93
54322 1 118
1523440 55 53
286746 9 74
23154 8 6
12965 1 33
469661 64 20
578282 24 69
83213 11 69
23760 4 97
17242 1 49
9709 3 18
60659 14 14
683554 16 132
812 12 1
76424 12 54
30525 4 50
63055 58 15
2849 14 1
78207 22 9
4705 4 10
289268 26 30
1205803 34 81
260171 25 77
3657 1 12
3149 1 42
44910 2 52
462988 36 25
5436 1 16
897861 53 42
13597 1 37
589796 27 105
103109 3 79
42891 6 16
270640 10 65
4208 2 9
750332 33 59
203623 18 33
568533 25 64
139935 17 24
42469 9 26
22641 1 55
1264774 71 59
9307 2 55
399 2 4
46261 5 30
110252 18 53
173729 27 28
75089 9 34
8712 4 5
28443 1 70
383393 113 13
7588 8 3
1260 1 4
14242 14 15
27280 5 12
30359 15 36
12070 18 5
1044829 48 53
243358 31 18
129347 32 9
92332 12 19
13683 2 55
41281 5 66
12285 4 8
24211 12 12
163085 55 37
54509 11 48
189179 43 13
100329 31 36
174843 65 9
153335 11 25
2587 5 7
922727 17 95
24805 1 99
3836 1 9
147521 31 14
114374 37 13
89423 60 9
464589 19 43
40869 17 60
8791 7 31
171072 6 76
2220751 44 93
709620 29 44
16996 2 28
5057 12 11
594558 68 45
69082 5 50
461191 10 81
131623 6 101
886486 62 40
429310 73 20
343175 53 43
34467 6 55
99574 14 22
362662 32 42
98523 12 19
24671 10 5
1708648 42 74
11403 2 11
2573 4 2
96154 14 20
21830 34 9
23933 9 6
387 1 1
7127 11 13
256224 43 58
44150 12 18
123963 12 33
603442 99 20
3338 1 13
7140 2 11
40261 33 29
148919 20 14
20963 6 56
1605 2 13
276352 10 82
717888 100 17
121981 3 77
36133 1 62
7872 1 20
3480 1 8
86063 6 69
143676 13 33
196991 8 53
9136 1 35
1549356 72 105
40703 3 43
93952 8 35
21338 2 48
6060 1 12
867 2 2
2298 3 3
36994 16 5
21619 58 2
418639 19 86
1689 1 17
279505 65 103
52501 3 39
9078 1 69
570760 63 93
39221 32 13
82209 24 10
347573 14 82
3360 1 17
4061080 85 98
31376 14 18
518943 43 62
1159929 36 77
290459 36 19
49411 2 70
514091 26 66
532046 14 124
62476 4 47
20872 1 40
470078 24 51
444797 37 112
242381 7 67
1328 3 1
5983 2 8
27656 8 24
146736 42 19
619154 18 124
14828 9 29
1237763 69 42
121618 37 11
1346161 32 76
33534 1 94
6521 1 51
9365 31 1
518930 30 55
494542 15 88
30355 2 40
526 1 3
80158 15 16
1822736 80 39
22589 1 41
1447187 99 42
10863 26 1
157519 40 59
513846 9 135
171368 48 23
14430 7 43
79743 6 45
158159 20 18
1783874 29 124
17732 2 29
20309 16 3
187416 12 34
197896 40 12
17162 1 54
239131 20 25
69332 21 10
53820 8 12
54823 14 12
1241 6 5
13831 1 62
1875 1 10
74286 3 44
65201 16 10
9195 2 13
2759 6 1
386669 80 10
123535 21 15
143488 45 48
64670 14 33
99971 40 17
389628 13 84
115580 39 6
241630 15 35
1987167 54 133
136238 4 77
109471 15 23
138645 21 22
64002 17 12
72975 16 15
4458 1 8
6335 2 31
90506 22 12
86737 20 17
1177046 27 80
61672 17 11
420157 75 18
5786 1 18
436234 16 103
91325 41 5
454452 46 30
553002 39 44
24950 2 55
1633047 58 57
384311 9 79
455 1 6
113167 16 16
188965 27 12
456290 12 68
1000986 82 103
181881 21 25
10664 25 7
2136 5 1
43001 39 7
164643 34 41
183614 30 28
1019620 33 133
13345 1 24
17616 8 18
102820 3 75
35935 7 24
211697 14 52
58029 6 35
196470 32 22
69989 21 17
56671 40 13
746379 90 17
41180 16 36
29302 1 66
5105 21 3
46419 17 6
31224 30 2
85134 4 53
57276 22 74
96920 10 27
3064 5 5
30373 16 8
92791 17 119
19418 10 14
47867 5 57
45158 5 17
11514 1 52
129940 9 45
3074 1 7
21980 1 75
1026711 24 86
51357 9 16
124642 5 44
26915 4 27
11407 7 3
17901 9 17
718903 26 48
78808 4 68
213514 20 60
619606 76 140
26335 13 17
127509 4 70
467799 30 61
26983 2 119
3076434 42 140
63960 10 19
35454 9 10
46399 2 44
30549 15 46
46495 2 47
7514 23 7
26478 30 3
30023 4 15
17475 3 25
58665 10 11
2417 8 1
313740 5 111
4400 11 3
33039 51 8
657587 29 42
164138 4 128
80606 9 28
785151 65 88
67527 21 58
16419 4 8
17066 3 19
101275 11 31
1188375 21 132
91403 17 11
1131643 20 101
24168 9 38
469127 73 20
11800 1 31
24547 29 25
21810 2 20
228736 51 13
83116 4 54
2375 3 3
30156 3 29
1318609 32 98
71988 70 3
184761 14 26
607674 22 79
186515 6 69
529262 76 12
5001 5 22
17512 7 6
56666 3 34
19663 1 51
273629 34 37
25669 6 9
837017 119 14
149904 27 123
375 1 1
8661 2 87
54550 20 39
318216 5 132
307723 16 69
323281 12 77
17368 6 9
4212 1 12
61435 5 32
37784 6 15
2445 17 1
11154 1 32
100837 3 67
2616 4 12
17062 19 3
124857 25 15
6515 7 2
22708 12 34
1021 6 1
26900 61 1
5695 4 4
22541 8 11
3627 6 2
98269 48 5
750489 49 118
68060 5 43
1419153 45 57
7399 2 27
230495 7 137
25483 2 125
205559 36 14
837474 20 115
380187 62 53
32020 49 10
3186 1 8
40757 20 32
111726 6 43
7833 7 3
155015 86 5
11044 1 25
6712 19 3
106625 22 16
118066 14 17
21496 13 24
371939 63 21
97040 24 123
18349 1 51
82392 2 88
56299 22 7
184998 95 56
14673 2 19
34515 1 75
83497 13 26
26881 21 3
1274 20 1
49578 50 3
600613 9 115
63353 54 7
105057 42 51
909196 18 88
303753 20 27
63585 12 16
65794 7 78
43654 16 7
70990 14 26
600623 50 26
80090 23 29
3652 5 2
9151 6 8
595876 13 86
49250 14 7
361151 17 39
42489 49 28
3638 1 18
15110 5 9
11120 7 27
42266 5 28
1477798 70 64
14519 2 66
53847 3 38
28738 10 7
17247 7 9
88329 2 109
148118 25 23
35338 2 48
1341679 82 33
6521 1 17
149009 14 33
132086 56 8
9727 15 12
449973 14 85
1883892 60 79
88863 4 48
13465 4 8
10717 22 1
13460 2 84
1278527 45 75
10961 9 3
180964 23 19
5354 1 62
242470 17 29
324127 42 26
1038208 18 124
695513 10 127
50484 130 2
32719 19 46
799901 47 57
678415 17 71
235914 14 34
398332 25 40
521330 29 102
95591 2 117
300860 8 88
390559 29 38
1518738 63 61
16918 10 5
8840 1 20
97466 12 60
111040 47 6
286895 18 77
488416 55 20
322923 18 113
6458 3 9
812021 67 31
43381 6 19
915 12 1
110607 5 78
1210 2 2
122152 3 86
400990 21 38
61632 3 96
2236831 49 89
27263 31 7
20756 7 51
210002 9 66
24009 5 14
1713 4 1
30884 30 4
14167 8 6
870563 51 61
28474 3 35
1263885 40 145
2122 1 18
5052 2 5
1019 16 1
39338 1 112
384901 11 74
37590 25 4
665319 10 114
35900 16 8
862183 12 138
480002 77 15
132551 3 104
613385 15 94
60291 37 16
80621 6 43
2284 1 44
46296 10 21
113679 7 47
9504 1 35
12005 2 52
227009 9 78
130197 8 31
229611 9 54
70231 11 16
179354 51 9
60592 9 65
8442 2 16
25099 24 2
7753 3 65
38816 17 53
91170 31 36
69442 14 11
417 1 1
2200548 41 116
128696 10 25
35930 20 5
4966 1 52
620528 18 67
6466 1 14
25223 2 34
111836 26 33
3108 13 1
588407 61 26
187092 27 23
4135 2 4
76851 8 23
119194 35 11
371037 23 39
25233 12 58
171527 39 14
599484 56 76
5881 2 6
34268 11 10
26796 2 35
71120 15 11
118207 7 52
57292 27 8
19956 5 76
569117 18 66
178936 41 11
378597 29 117
85188 6 41
77791 11 17
49311 6 87
966777 27 84
415714 15 81
763498 15 92
395869 10 90
51983 6 17
64099 6 71
88904 4 43
931687 47 48
25352 3 24
451 1 1
46992 39 3
19428 2 60
28481 2 33
27368 7 64
130785 26 12
40874 34 40
4039 11 1
1153 1 17
9511 2 42
24887 3 23
18452 5 47
18122 15 41
122605 3 79
26625 4 12
81052 64 22
16199 1 39
26716 13 10
13460 1 42
393898 22 51
47065 4 22
385258 32 49
277967 20 45
101733 2 100
1600 4 3
41162 13 20
403996 18 41
726596 26 49
126888 4 68
11913 2 27
11473 3 21
87595 44 4
4010 9 4
12826 4 10
664485 76 63
61976 7 30
12459 4 85
910015 27 61
753 2 2
112113 53 32
52780 2 104
464424 18 46
906649 23 132
9547 1 64
107192 21 19
97861 11 25
19296 27 5
44877 7 18
14728 34 1
2869 6 1
217982 6 113
25815 1 60
134275 8 29
475016 22 39
270233 20 47
9293 3 66
4675 2 13
142683 11 33
624265 31 42
515541 84 60
11818 5 26
20212 9 9
64716 22 39
1839 6 6
56821 7 14
26404 2 114
238272 37 27
42742 22 5
471112 35 28
541628 35 40
34220 2 43
122677 16 17
1117132 53 45
4165 1 10
56263 24 5
176113 59 29
297078 18 54
22409 80 1
2817 15 3
134259 81 47
101014 6 50
2686 8 1
7477 1 20
1030725 35 81
65652 48 4
58890 16 59
11266 6 14
1111013 22 91
720551 24 94
360465 51 23
182296 39 10
93674 13 59
41568 9 11
27142 5 100
18663 2 39
190162 11 46
23862 1 53
700994 53 32
49815 3 57
59950 17 12
316264 15 58
3465 1 60
26973 3 46
18955 20 26
143297 8 40
161122 12 23
76336 41 6
379538 58 40
6597 7 6
156285 5 74
87630 18 10
486176 40 45
54355 12 25
27186 4 63
8672 10 2
21037 7 18
2145073 92 70
71204 5 34
79359 35 14
1198 1 7
56864 8 43
50495 4 67
2910 1 62
166409 18 25
1290 5 1
392519 28 54
26987 29 3
5716 1 15
20050 11 6
75709 67 10
5608 2 45
129441 22 12
1041 2 5
123809 14 73
72304 30 8
10510 2 48
75164 21 101
3479 2 3
17850 16 14
324256 32 18
3039 30 2
19559 6 15
3742 1 52
15064 3 32
17797 1 34
74357 46 6
58104 9 79
3571 4 6
122199 2 108
4633 14 1
305083 31 22
647888 89 78
188934 14 38
43233 1 106
55244 8 22
40023 2 35
20570 2 28
109840 47 13
68915 41 47
344938 11 88
248023 34 14
46704 12 10
184860 53 7
78236 114 2
179542 10 40
31452 4 26
57720 24 7
35564 21 29
84672 2 111
65765 11 27
5646 11 1
316 1 1
9902 33 2
298101 21 45
239046 25 90
9955 2 9
2266 19 2
3178515 83 81
12750 34 5
766348 15 90
47658 13 34
91103 8 37
131329 30 8
62086 32 43
32295 4 23
78758 5 96
205285 16 100
906326 33 62
530791 40 27
193361 77 6
18476 16 25
137117 16 19
1064546 79 46
77200 5 50
596104 13 109
20765 1 64
1220222 55 54
238535 17 44
14811 1 36
2209609 56 83
700802 67 32
783 1 2
57198 6 33
13107 5 9
607257 18 106
40794 17 12
191916 9 59
4163 4 13
7941 1 24
10672 8 4
5480 1 73
42794 44 3
108686 14 15
138512 24 33
49727 2 84
73422 81 10
6029 4 4
292375 60 9
2857 18 1
23167 6 13
1758 9 4
90810 9 32
2169 11 3
193183 96 16
214747 29 66
599476 29 36
227664 13 81
10031 3 26
65838 1 115
16956 27 2
688870 65 29
142315 18 49
298 1 1
361014 18 53
133681 16 42
161979 9 34
47443 3 65
82703 2 100
14479 7 4
4180 12 1
98282 13 25
240 1 3
35623 2 36
24990 4 16
36489 23 22
1193635 35 66
55810 9 20
159004 4 96
14349 3 10
116366 31 7
12415 6 5
556338 36 36
1194067 61 89
99474 6 116
14547 8 24
180310 5 109
29931 9 11
56391 2 69
6609 2 9
82706 2 91
7917 1 18
45925 29 5
86923 17 20
5625 12 16
15826 15 2
271704 9 98
32352 4 18
5931 15 3
174201 19 61
6996 1 12
211457 16 31
556868 19 137
324188 62 11
592745 80 52
14231 5 6
9760 33 4
857281 42 53
11469 3 31
291179 16 57
976617 36 140
28171 1 58
205608 9 49
77148 15 28
656112 64 22
4935 1 24
241157 40 12
28098 21 44
1393567 95 36
2128 1 18
18478 13 3
126334 8 30
5202 2 17
97061 7 33
17448 1 39
661973 52 25
81203 32 39
33780 11 8
482134 76 44
134575 13 31
3213 2 12
39866 5 25
529495 55 32
288639 30 20
4919 1 16
889419 83 30
1125498 30 107
107071 10 67
30584 4 24
20992 1 69
16778 15 16
1939 1 5
4213725 59 134
35347 10 8
8398 9 5
20828 11 16
78876 9 48
30477 1 99
4147 1 41
1098237 19 141
3664 8 1
27633 4 21
10172 2 64
5752 71 1
137098 12 25
11206 66 4
44161 4 31
388663 43 30
21014 2 23
236250 13 133
120547 15 70
10934 3 20
228165 29 16
76050 15 11
2779 2 28
116027 4 71
570501 42 25
8380 1 21
331903 31 30
2627 2 27
149099 9 47
3741 2 18
190039 24 26
242494 24 24
1085 1 21
214102 4 113
36492 11 48
511974 18 75
96145 43 41
3066 1 9
265622 7 87
176226 11 65
108205 9 25
489740 31 36
79402 3 47
9306 5 8
12164 4 9
858068 56 48
48645 42 2
108844 15 23
1305327 51 61
377138 9 82
111511 11 24
158341 6 57
3383655 95 106
8070 3 7
26209 4 17
1074628 28 94
84235 4 51
1204637 70 49
27329 4 19
49870 15 7
40773 3 39
531994 37 76
2932 9 11
8201 1 87
12544 18 8
107139 15 13
155168 4 79
81699 11 25
167049 21 19
67139 7 26
37615 88 4
134197 3 122
96191 5 33
848908 24 75
89073 22 7
489870 16 71
8772 5 32
43552 4 27
203312 28 23
46343 2 43
231861 8 84
7008 4 10
10900 20 1
333049 28 26
1299 1 3
1043 8 1
800503 50 35
60646 11 18
123857 6 80
336761 35 50
157218 6 60
9972 3 53
302260 16 37
214081 25 51
52053 9 32
206798 87 8
154265 4 111
13916 3 15
4024 18 1
119303 35 11
1346 2 3
355463 11 97
170199 46 88
96521 3 103
55646 18 7
6048 7 4
16294 3 13
3705 74 1
13644 9 5
627092 52 22
103597 14 66
154634 53 9
134982 10 32
26512 69 1
147245 10 40
186367 80 45
871981 52 43
1299905 42 105
1765742 57 61
11944 13 2
11043 17 2
62667 4 49
1319237 68 38
323846 27 47
230416 34 14
21045 23 19
934 2 6
80040 6 39
2916 4 2
9733 10 3
2708 1 35
2761 1 22
57502 32 40
462939 7 121
17175 10 35
37361 24 5
76682 54 20
1960 27 1
1975 1 6
122144 16 27
256595 21 36
1625315 51 88
35129 2 35
1669 1 11
13388 69 1
129167 12 46
85352 4 38
62495 13 13
17810 2 26
21619 27 18
3057 4 2
126655 30 28
4564 2 11
86657 18 16
1353006 49 76
470970 19 77
14186 6 5
22045 2 30
249536 29 19
4927 3 5
226307 13 39
221965 111 5
7517 15 1
364148 17 64
226306 39 37
19189 60 1
37012 16 29
2028 1 10
95761 31 8
201007 9 65
10895 4 67
33954 4 18
482786 56 29
134139 40 9
10155 12 14
588673 44 82
470314 19 49
9457 23 1
345442 18 35
182769 12 31
2223 1 29
3016 2 3
28608 6 42
8291 1 16
500886 66 18
160381 61 18
5542 54 2
228500 29 50
214951 5 74
779496 45 30
116167 7 48
43487 13 11
1779 14 2
67417 13 61
26172 7 15
1957 1 4
1602735 75 63
931908 48 57
177944 4 92
558411 28 57
852016 55 83
84885 3 86
45582 10 18
5761 3 7
18303 1 62
19024 2 22
34606 2 60
76018 5 50
143868 62 8
291630 7 79
4141 15 3
1310 4 2
92117 14 30
8355 4 11
124786 19 18
8492 4 5
598417 54 27
50543 8 18
514771 38 36
33881 13 6
20361 5 10
102703 14 16
43675 44 2
19324 9 7
612069 12 97
25965 6 68
37221 63 2
2567070 59 96
189791 32 12
9561 1 41
618166 77 23
31158 3 84
56476 2 86
48960 5 55
233132 45 107
15996 9 5
18741 6 51
52232 21 61
20923 1 56
24970 5 9
306587 33 52
152345 19 48
178586 31 50
38312 23 10
56319 6 128
98373 18 22
62206 1 138
15668 4 37
49524 8 12
133092 60 5
15439 2 51
298025 19 48
19390 11 23
2608 1 7
1067409 64 32
43845 13 20
174034 25 90
354644 62 80
174408 21 84
533497 27 49
221081 63 8
1169 4 4
136085 16 18
482950 63 32
49261 43 3
184757 56 9
18274 10 4
320529 56 12
11954 24 10
288504 11 87
16327 3 67
777090 13 122
37038 20 29
67528 8 26
21901 20 13
163796 15 31
671172 125 11
104678 20 13
62851 3 47
24881 5 13
8466 5 3
27026 13 49
44729 40 33
173172 8 41
310418 17 137
28797 9 14
10782 4 9
81249 2 89
5568 1 13
33678 49 19
1755 3 1
23672 25 9
2091 7 2
60802 31 60
3544 33 1
17716 14 4
76578 87 10
404422 48 81
68997 78 2
24553 64 8
5027 1 22
468653 65 24
190017 30 13
391807 16 49
620677 29 62
211128 22 21
150296 9 46
190332 5 70
234754 12 41
226540 14 31
386051 10 68
20022 8 15
182779 16 70
4160 11 2
12857 4 7
149626 6 67
928 2 1
126006 35 10
65072 7 28
254047 27 62
467599 24 59
248534 6 119
98880 27 76
32654 19 5
71198 4 32
19161 2 20
10484 1 28
1211 6 5
10804 4 77
103593 2 120
66629 14 28
21494 12 5
2268 1 5
3600 8 6
73769 31 6
334576 15 59
6452 2 6
859 1 7
95606 11 23
402769 17 79
828370 40 56
27419 23 3
191061 46 108
39198 53 2
7329 1 109
1251411 60 48
4104 2 11
9269 2 37
63462 4 52
45528 39 12
2258660 87 50
945542 82 41
42056 3 46
51590 2 49
205266 19 49
162034 27 12
2627 1 41
151290 15 111
76 2 1
38861 44 4
1635104 63 143
456632 40 35
40567 16 35
182 2 2
790041 46 57
30256 2 33
35500 118 1
96662 10 24
7168 1 25
518672 38 85
493844 11 85
1457 1 3
42062 4 47
25154 4 57
111446 4 49
14818 1 47
741733 38 136
319988 26 32
2242 2 3
261452 4 148
31855 7 47
353682 7 93
2720 2 4
58574 12 15
1308 5 1
239592 14 33
47292 25 35
2382077 75 55
608528 68 33
16769 7 28
1206655 115 34
303167 11 73
1161 1 15
783936 30 50
4949 1 27
277139 13 47
3227697 118 90
187863 31 13
25886 17 5
32374 4 92
305137 8 88
251399 33 16
437135 19 53
15732 12 7
84286 5 53
16650 38 5
76940 2 108
10288 1 31
3838 5 6
147758 17 20
144128 24 82
183844 22 27
92990 8 55
4709 2 5
20114 21 5
159671 17 48
239108 12 46
51242 2 70
2000075 80 53
67183 24 18
41281 1 107
16258 7 5
77703 9 29
96941 36 8
262442 6 102
10366 3 6
2137 1 5
15117 3 12
308323 30 18
933731 64 37
46159 31 5
1127777 29 83
36104 12 22
22848 4 16
2374 1 6
155252 26 66
91230 6 37
355808 21 42
767860 27 73
48058 3 44
85126 20 73
29414 1 76
172108 28 28
34305 2 58
21218 2 20
13616 72 3
27808 2 39
101417 22 10
710729 31 46
472508 18 53
344573 79 8
76849 4 69
18628 2 20
90396 6 52
128549 10 24
1084433 63 57
149717 13 20
13786 16 2
1982053 78 70
305 1 3
111713 10 31
119121 5 143
69048 6 21
251149 10 84
66669 9 24
310253 42 66
11725 1 28
121945 57 10
48097 2 74
77306 19 10
5571 18 1
1113379 84 35
144482 50 9
224928 22 20
12994 1 23
250389 14 41
46415 85 18
284305 20 73
144173 7 42
1135501 58 62
66869 19 8
55958 6 65
47675 10 25
3252 1 6
4116733 77 114
137805 18 19
49255 32 4
470161 9 97
135020 26 12
109368 7 39
15262 48 4
11986 6 21
1533139 40 108
20953 29 12
1193866 24 87
25505 2 65
724040 18 74
137405 12 23
232482 14 29
155195 51 6
4687 2 7
539675 46 41
843 11 1
312246 27 25
214805 15 35
30257 14 6
19131 1 39
52219 6 45
217126 41 26
246866 16 41
14583 1 59
98441 3 102
26399 24 9
3177 9 7
126539 9 28
4066 7 6
49723 7 25
93499 46 14
536476 49 20
55597 13 10
177714 30 66
1771 1 4
66728 9 39
48648 2 58
22178 4 14
237058 21 25
10836 2 10
46933 1 109
83760 19 24
5841 9 13
360677 10 79
14758 15 20
245516 90 26
3246 1 11
82735 3 53
46954 6 22
190385 7 83
7529 4 9
56439 16 10
82803 13 20
8881 8 9
835 3 4
93808 21 13
5769 1 23
55371 22 7
421707 21 104
55192 20 6
15553 22 10
20339 4 12
402201 79 37
67009 22 8
29544 8 11
25788 1 63
210892 43 14
8388 5 11
20899 4 12
27324 27 3
374751 46 33
439671 10 97
13694 14 17
275745 49 13
254247 44 15
753600 46 44
115033 4 64
22850 9 8
300036 19 36
4723 5 10
1251961 112 31
189124 8 65
564391 16 78
444048 35 82
3767 21 6
1330709 55 92
72991 36 28
90775 23 9
68923 7 23
49668 6 30
153749 17 61
8460 1 15
437632 31 75
992202 31 68
59398 5 39
785640 18 95
38785 6 21
27491 4 21
71382 5 39
315278 15 87
286807 43 18
10980 3 7
59906 11 19
54017 6 16
4946 4 3
866 2 1
3570950 52 125
72045 11 18
18294 1 69
22075 10 7
184880 20 16
362586 7 101
65151 6 30
904 2 10
1739 1 6
1363224 71 44
2100385 68 94
38356 1 99
5580 1 58
15784 1 33
68566 22 27
162984 13 32
19560 3 21
4855 4 4
305 1 4
256877 5 113
180 2 2
1539 1 5
32206 2 110
973812 38 67
37810 2 44
550066 14 71
146522 10 31
637969 17 92
188225 22 27
563422 27 79
149237 50 13
10803 4 70
639092 65 19
7028 14 1
754553 12 121
24766 29 4
67290 8 49
93839 33 9
33899 4 15
6974 56 1
232310 15 37
30351 56 1
1537825 51 54
873695 37 89
7055 87 1
2274 1 5
96296 4 55
188806 18 39
2964 1 29
58311 48 15
2668427 102 88
328645 9 63
95426 13 14
9353 14 16
43980 3 31
36177 9 16
1199628 34 75
27393 2 44
5448 1 14
389860 16 48
29642 1 69
51041 13 7
3956 3 3
496512 19 59
10177 3 16
96 2 1
34323 43 2
2774 11 1
62114 10 39
527934 38 27
42166 3 41
645061 14 82
17796 1 95
150032 24 23
417730 9 131
48276 4 37
100222 16 17
667724 12 140
34852 28 10
35601 3 72
22336 3 33
65464 5 42
27007 3 18
197787 30 12
110238 51 30
3769173 92 74
47885 1 147
154686 10 32
1733590 43 81
24455 16 14
38943 6 62
67109 36 19
351138 14 50
34500 7 36
193038 12 48
1199 6 1
187259 9 37
70854 3 59
57522 30 5
587040 55 33
654 4 5
72243 2 67
370691 45 58
15503 25 13
1578747 49 97
1360528 46 61
1173763 56 43
2938 12 4
77673 4 47
93220 10 58
1023 1 2
108554 2 118
2709 1 20
27262 7 10
185977 3 107
4686 1 32
154 1 3
257 3 1
1126251 33 73
1064 15 2
327366 28 25
331907 34 23
13451 26 3
24719 1 65
3211 6 2
1520 6 3
62796 2 91
31169 3 27
1331266 33 98
248452 23 80
15546 11 3
44645 27 56
451595 41 76
51877 4 61
183446 9 48
55470 9 12
93025 18 15
2660 2 21
30511 4 26
8618 41 2
32751 2 30
41172 1 93
75742 28 8
1058 1 3
31894 3 35
620 2 5
9424 4 9
25003 3 78
19489 4 9
45215 12 9
40118 6 15
129308 46 6
167543 40 13
190723 21 19
16998 8 5
146912 16 19
156842 33 69
47371 24 4
314694 19 46
98808 15 17
975 1 3
1422 9 2
65267 3 68
197334 69 6
54275 9 16
5744 6 5
7038 5 3
534668 20 79
8861 10 6
72731 3 43
11544 2 11
23664 1 61
72 1 1
15076 1 27
87187 6 37
561756 18 77
9905 3 14
13009 59 1
71411 7 19
1164299 45 45
83854 4 49
4228 24 1
80200 3 50
8619 2 87
1510 14 1
259758 16 55
19362 5 43
53825 26 4
66703 4 32
7062 6 3
228085 7 71
3020 8 1
564617 58 22
2052 1 5
2075229 31 124
12689 2 70
8991 3 10
9635 4 40
107539 20 25
25898 4 64
61255 14 9
20128 6 13
251682 38 20
14405 2 67
203362 61 21
93455 8 30
32098 23 9
148534 11 42
163387 23 24
250 5 1
501679 21 41
192487 6 85
281204 83 9
2323 5 1
55097 23 14
168106 34 9
904779 72 37
59309 8 25
27100 19 19
33091 23 9
1472 11 3
106852 5 88
376903 17 62
5589 6 4
31781 1 103
639 1 11
49800 17 90
242092 32 33
1602 3 1
48550 6 82
23739 4 14
221187 50 19
596889 35 58
181229 28 25
28562 15 40
24564 6 15
637259 24 47
43680 2 41
1020998 34 77
10840 5 22
5318 2 15
39027 26 5
114537 26 15
398501 53 68
78547 2 145
323150 23 86
98739 13 45
162490 19 27
983 3 1
353890 13 65
78582 2 70
143305 12 50
965419 33 70
85869 38 55
9189 1 33
53622 8 51
390318 25 90
451186 18 65
23985 6 13
32132 8 12
20513 37 8
12295 29 13
2066843 58 61
27834 17 4
712235 109 22
92190 12 68
1323409 58 42
10415 3 114
8615 18 1
1046632 17 125
374654 11 97
1118205 34 62
40038 4 55
615933 43 87
48275 4 26
352701 39 26
100401 7 35
14831 22 7
140498 31 9
188997 10 52
177710 9 41
172239 3 106
27992 5 15
63310 3 61
101858 4 44
18502 1 51
9562 4 6
127856 29 19
50909 34 39
52736 4 36
18772 1 41
88950 2 93
430507 27 98
42286 3 63
21035 3 36
126499 9 27
18670 16 11
683785 50 36
7325 1 27
303400 16 46
226446 62 13
850786 41 57
257499 40 44
18220 14 3
5172 1 21
8150 1 24
32165 69 3
35190 8 13
262905 21 57
28791 4 20
4504 9 3
11124 4 9
28815 1 57
59672 15 8
1260 2 2
66961 5 30
27869 1 64
83287 3 80
128285 18 46
1114 5 4
29859 2 62
9311 1 20
44564 4 81
32887 38 3
89177 2 92
72260 3 65
11576 7 9
69914 7 19
11209 10 6
366116 25 76
785898 27 96
34433 6 51
71543 19 11
1117 2 2
51339 15 6
48978 7 111
1441 1 3
147045 14 22
1122 1 34
525792 34 41
32022 11 48
11850 5 10
