150 1548 5751
37 97 129 62 78 116 139 31 14 29 102 6 120 41 4 73 129 25 144 75 7 58 129 22 61 132 54 72 85 27 59 39 33 119 5 34 21 22 73 36 31 68 56 90 47 23 48 29 23 58 43 70 5 125 42 102 14 144 138 83 110 39 110 30 63 16 94 104 74 135 83 107 128 79 108 81 66 105 118 21 56 62 133 29 8 46 141 141 76 150 124 87 21 34 27 2 34 12 73 4 110 19 76 85 74 125 68 72 119 150 145 133 119 52 26 115 97 51 69 35 62 67 11 128 146 8 57 118 19 134 78 39 6 19 52 146 27 4 22 100 18 46 52 137 33 83 130 28 79 125
435143 1 85
5319989 43 89
7258 1 12
1756084 24 44
451873 12 21
671079 58 20
100977 1 22
2112605 11 62
122185 20 7
14161880 65 43
1937525 10 36
518549 51 2
129273 3 12
2123 1 1
7991542 33 77
288403 39 6
81475 2 34
1181486 20 14
3521760 21 42
67456 39 3
51429 1 53
185717 26 16
1051803 24 12
236805 5 13
3321236 10 64
444962 13 9
22691478 78 54
181433 14 27
110297 4 30
149707 1 53
1494595 41 17
8884973 54 38
807585 4 37
2101890 37 13
2693887 73 8
309638 3 107
1513277 3 102
1949060 60 6
11887 1 7
151003 1 44
51981 7 5
1446463 22 24
81904 8 14
1882966 17 54
150959 1 44
85698 5 3
112003 8 34
288973 55 1
874692 6 34
33616 5 8
26041 1 9
17307 5 3
3945875 22 107
305790 17 14
5931 2 9
217551 1 75
13069 1 27
2045175 44 20
903199 20 22
332720 15 29
4865006 11 82
238017 5 27
451295 5 112
663208 2 59
72305 3 70
110088 1 36
7588680 46 54
1238123 9 82
321358 2 75
407686 7 97
3327763 9 79
426248 9 60
7440380 23 70
5145869 13 86
1725109 41 18
1526613 35 13
2838231 10 65
520009 12 16
3888394 99 58
65842 4 10
669400 2 81
4257 1 2
4912818 21 75
356823 38 2
3045597 49 17
1656724 36 11
1271162 22 16
262777 2 70
59179 1 20
620376 65 19
1685289 7 56
33744 5 16
200145 5 12
1343655 10 56
142904 5 5
9621 2 5
780869 5 40
8418623 14 120
10288574 43 55
584732 72 2
2627165 10 48
642625 20 9
113555 3 23
4139485 15 91
36104 12 10
73403 1 88
4603787 53 21
99858 1 21
1872889 23 53
1356301 29 9
966162 14 101
944294 31 9
20946 6 3
5684329 18 89
343287 25 26
120027 1 28
686304 3 74
840103 63 8
304607 2 80
100985 21 2
13100 1 4
1317362 30 21
3532744 27 40
37743 1 7
10121 1 3
209054 2 50
1252567 21 20
15443116 56 51
589441 4 63
1734827 18 45
28569924 65 81
1320707 37 44
12308398 63 46
306749 32 5
3532161 19 46
389205 4 20
8331932 45 44
52421 1 14
29986 1 38
158749 12 3
175118 4 93
11653756 79 41
6006655 68 35
3118998 40 29
746781 2 102
49888 2 10
447006 3 32
1630773 4 77
15583523 64 72
904928 34 6
981682 6 104
531068 3 46
478054 7 35
1337450 6 61
16711329 90 47
7693 2 1
644164 15 19
868052 12 121
90502 4 7
138856 2 22
116380 23 9
1043564 40 43
4585944 20 60
1968392 7 71
6011290 11 125
626389 29 12
13101463 36 87
2404266 27 52
115287 2 99
189518 5 25
124228 16 3
8930814 22 73
337498 18 8
26272296 58 81
238579 2 82
7036484 46 54
92952 1 24
567887 7 23
338992 9 26
80111 1 27
161350 42 4
1065310 2 105
653735 9 18
3312297 15 45
2545973 19 27
225936 3 100
382978 38 5
161150 1 76
660749 3 70
15012194 80 59
313580 2 34
355378 2 60
666771 19 10
227920 2 22
1260281 4 56
529023 4 57
543556 4 25
112821 22 5
13052 4 2
3874347 15 50
549697 5 71
1529049 7 93
63687 3 5
318359 22 24
4920487 22 85
200364 2 24
83470 2 35
1505542 6 69
271545 6 10
10325945 23 133
3079771 32 18
4030293 88 9
1809145 18 69
330049 13 7
13865032 49 58
1057420 10 34
30385 1 16
80715 1 21
205392 20 6
17574915 41 103
663721 19 7
672820 5 36
285126 3 37
360410 5 21
4523793 17 74
2828503 9 67
6338388 20 71
48862 13 3
1402457 9 50
331293 21 11
9042571 79 21
2288452 5 88
12610 29 1
7606217 119 21
481435 5 74
468196 6 34
478847 47 3
2583599 9 56
4576918 11 117
8787329 27 96
770753 17 42
2331040 28 72
559273 2 136
333444 4 15
1242268 6 46
155410 9 12
990808 10 19
76096 12 15
178765 8 10
3393 3 2
240973 25 11
1748627 21 44
805811 29 7
86411 27 8
609582 4 32
4140428 7 105
5801297 65 16
3379052 14 75
4144482 99 14
174927 1 110
3949743 36 22
1939542 8 64
951053 20 22
313805 3 25
582679 3 52
43688375 86 118
791438 13 12
1131201 28 8
7421513 23 96
5712757 48 83
541875 30 28
3175612 53 15
689890 37 57
116918 7 3
8194549 19 79
3754396 19 63
509890 4 62
2176218 30 13
3229046 7 108
64441 8 2
714122 8 69
91483 3 35
31702 1 8
1767884 25 24
881066 75 18
720787 8 43
6122326 85 36
166823 1 38
203439 1 70
44480 1 23
8233074 51 39
113207 6 4
644517 6 34
194561 3 86
1908104 5 108
1409506 6 77
3060478 18 32
569944 9 31
33108 3 12
2897064 11 53
26203 1 21
499968 5 36
1329462 13 19
445251 39 3
15407 1 4
16507034 85 55
62945 9 6
228975 9 15
725782 5 101
846496 14 21
2301479 56 102
19669 1 5
662650 14 75
1710774 38 12
37738 1 60
863127 3 51
89241 9 2
49508 2 48
2486658 18 60
162830 7 7
380402 4 22
464588 9 51
5926766 26 61
1187610 3 94
2221616 30 21
3270991 43 26
241685 1 58
99813 1 33
433809 19 4
404639 3 62
4218325 30 28
654988 8 18
1021154 5 36
3257106 13 72
370493 4 30
128264 2 105
106136 12 8
758549 21 12
157750 2 23
519829 13 10
2995 3 1
128257 7 6
4062 9 1
18155 2 3
57863 6 27
903714 23 9
158294 1 32
2151302 38 16
157644 1 32
104009 4 6
1576226 24 16
37636 1 11
25867 10 6
18320439 39 116
455819 11 11
3687010 78 59
1115975 92 11
102781 3 11
206780 10 13
652551 6 24
639534 6 22
6540 2 7
31768 2 5
3829451 33 31
197627 4 17
1003313 6 51
5593519 52 23
187526 25 2
23040 2 36
87745 14 2
119378 1 44
15657129 32 91
135272 3 8
13210715 53 78
6428440 24 55
1233111 5 63
1000847 10 28
255769 1 59
3268527 24 25
1127745 65 4
365769 2 70
1830444 32 19
206360 3 21
147080 106 4
74743 2 89
876226 18 18
3047441 4 140
507828 1 101
1001359 4 67
11948643 18 117
17012729 78 60
598435 3 59
21515 4 1
117347 1 40
128951 7 10
102681 1 48
3219188 10 118
532154 21 8
2961104 24 22
216880 1 92
168588 7 15
42620 1 9
1601153 24 14
1138628 4 84
120636 1 30
2985874 8 93
301314 1 73
23173 1 70
12173569 86 136
461764 2 83
2332969 11 46
739951 10 63
4124399 9 108
1544209 39 10
136019 1 39
6313473 25 60
630459 5 30
870200 13 40
158010 6 45
168376 3 41
67268 1 12
2342770 34 37
70077 1 47
1298763 25 40
4567599 20 67
259902 1 73
161397 5 16
290854 2 56
2445631 47 14
130373 1 34
327015 19 11
2130862 7 70
292549 30 10
248622 1 77
3137976 32 20
523764 1 98
72153 21 2
7949 1 2
7150318 33 38
54709 3 9
2864521 48 20
20099 2 19
2681672 31 30
82551 3 5
258051 6 16
238708 2 28
3982415 8 111
12417780 48 83
40789 1 67
453480 2 69
17926 2 7
2017356 8 55
522669 11 13
7637 5 5
167808 67 1
129136 2 21
164532 4 96
172338 5 7
36056 8 11
146291 26 4
198104 4 9
645169 6 63
25735229 70 86
70394 2 14
5269539 44 21
1718798 46 39
17219 31 1
78010 2 28
1087999 4 62
3652 9 1
1733317 71 5
996849 6 104
6027734 9 126
3490464 17 66
514710 81 7
6387934 64 54
9917822 18 111
6956615 64 33
752970 8 23
2193004 29 50
9231512 30 126
82257 2 44
41785038 81 95
860371 4 48
73247 4 43
1538026 63 8
14196 9 1
12045252 92 47
20116502 86 42
5557996 13 80
701009 61 2
172046 1 35
3802479 11 97
3491 3 2
220440 12 18
763311 6 32
937177 6 91
383345 17 32
7947199 38 81
72322 7 25
125872 1 37
152471 22 20
5356852 56 74
1227042 6 63
113961 1 33
598808 70 3
3332 1 1
1699760 13 88
8613 7 1
1720004 28 53
4156599 17 72
1759644 57 20
381462 1 127
853114 12 45
1647226 13 42
325315 3 71
5481999 45 36
111390 5 7
166497 60 3
2128614 20 29
341392 1 81
205529 4 11
1341916 19 24
1720802 4 76
23617 7 1
1716897 17 95
276038 1 72
270823 1 51
28916 1 8
1492980 20 17
138882 15 24
4143037 18 83
882786 27 47
12080788 65 89
14856468 68 41
10587130 47 40
545731 10 17
303072 22 3
1742794 41 13
223997 1 46
2781993 23 64
119119 7 3
539983 16 23
104693 13 24
361082 4 43
356582 9 42
5705951 13 93
2139610 42 16
1616394 14 123
99823 4 6
3039299 31 32
197674 19 28
152424 1 34
296361 2 37
3453904 23 32
1272831 4 85
14068 5 1
1049374 11 21
202948 3 15
2233750 22 24
1764394 6 98
114614 1 21
59231 11 2
5956262 26 105
2299310 10 54
32244 2 3
94728 8 31
53586 2 9
609226 10 61
867491 2 79
16331 1 3
3476268 25 37
1904213 26 19
59457 6 3
18697 5 12
1307301 28 10
4312269 87 32
4030823 42 22
4879822 11 145
156334 10 6
1560462 6 46
950326 9 22
1067086 15 14
131944 8 16
2174461 68 14
791613 4 74
1176448 36 9
100535 23 8
553810 4 49
4394449 58 25
2597198 36 46
193706 1 44
4524712 34 31
16272 2 5
38307 1 9
5728879 17 82
3826658 24 53
1492160 8 52
9387 2 7
171294 6 21
462777 20 8
190806 1 48
762502 30 20
75614 1 14
120160 21 15
274937 26 16
1120103 5 41
3453591 14 54
616580 5 22
376101 2 40
4273 1 11
217617 1 40
8079889 40 54
1113824 27 18
688214 11 16
6600712 20 79
526572 10 10
1567698 18 18
23349256 62 67
84758 1 26
57246 5 5
10138050 53 57
420193 8 18
504598 17 26
63216 7 3
72833 8 2
928622 2 82
1740326 10 57
5140533 82 20
11936 41 1
73967 6 3
27695 4 10
309117 1 60
2773076 33 21
1362115 18 16
930226 12 15
2464140 27 19
2153621 26 38
1996385 16 52
4219936 32 38
643215 3 48
53381 2 9
4228279 36 27
966683 8 39
861340 10 15
1915655 7 53
15808812 39 74
8564102 24 93
70572 1 23
254161 33 5
71416 2 16
326585 5 16
47516 1 37
196352 35 5
1232821 2 138
750074 6 37
184229 78 2
61620 3 4
5360 1 3
122771 1 50
220046 1 69
2280806 30 22
1070643 7 47
1125436 123 2
89993 3 23
274343 13 7
3561669 20 59
54156 11 2
586205 2 55
45588 1 36
162123 13 3
66589 6 8
180942 3 56
4481913 85 47
1887367 81 24
213325 6 21
555829 12 9
609498 3 67
200875 33 2
63262 1 23
12621 15 1
36148 1 42
255656 1 68
524294 23 4
843927 13 52
12163 1 4
601500 9 38
69941 20 2
180885 1 35
80586 4 24
7515050 21 67
515012 3 33
53297 2 5
245584 22 4
3965817 22 44
2023177 30 15
5944 5 3
16071 1 5
157341 11 27
218939 2 42
4562647 45 19
121668 7 51
409370 4 22
3333514 77 12
535844 4 63
954882 4 75
2538573 61 9
111792 1 20
181538 72 1
295800 87 1
8209941 31 64
322065 7 33
49860 2 6
628901 26 6
9764487 31 78
3853297 16 52
674260 46 5
1242154 12 59
1185621 6 60
2317381 7 84
8463 1 9
401479 3 25
2514371 29 16
119909 5 8
142732 4 18
5518256 59 30
30637 4 7
100904 2 15
108410 5 25
38581 2 15
196766 3 24
319855 3 20
232918 3 19
9999 2 1
405103 10 10
196808 6 7
128265 1 28
651342 13 42
3711731 59 19
2215379 36 68
18512559 73 86
478269 107 11
126291 1 65
5763 2 1
311103 3 24
324979 1 98
1384617 18 31
2740174 10 74
29271266 51 139
84334 6 11
4173368 26 50
4939855 90 36
619298 3 46
5562566 14 85
65051 9 7
977529 8 39
674281 25 9
601695 5 21
13970023 52 89
197635 6 10
11035234 36 80
429998 4 36
11428783 43 82
2080319 32 43
491185 4 22
793111 55 4
12541309 60 41
13957813 48 95
82121 17 1
1036456 9 40
2570960 7 95
18557 2 22
175961 4 18
8357151 28 80
149757 16 29
949902 25 11
15185690 64 46
1045551 15 84
606014 5 36
2133017 11 66
1072814 10 30
41885 24 3
264399 1 57
512691 3 41
12092625 30 89
527827 2 84
55447 5 26
663992 20 10
739050 2 82
1525097 15 28
371132 26 27
520330 21 6
186187 1 70
6060288 21 56
501670 57 29
34560 4 2
1372887 29 39
776501 14 29
1629289 38 40
363195 10 10
1782852 22 24
247649 20 12
1278339 7 42
684756 4 39
11914409 120 28
37017567 89 127
14393 3 13
4255610 8 94
80393 1 60
48742 1 41
3319458 26 33
170775 1 55
1901121 7 85
2060749 12 45
1619757 34 74
6430744 68 19
16039255 28 130
22824 5 1
750696 3 73
5800822 36 43
664340 3 57
229384 1 82
5109945 44 79
15151 45 1
3318664 41 18
1511298 3 93
814009 7 37
169310 15 21
351268 19 6
120561 3 8
867565 8 19
149540 1 36
1209850 6 57
15282563 89 44
38984 3 20
2042782 56 52
62841 1 21
131128 19 5
18261541 64 62
1014307 58 45
1864292 19 33
1369136 79 4
2511456 6 143
229129 10 7
720094 22 8
799896 9 38
551804 3 49
800987 34 24
5149646 66 78
181605 1 48
2170486 79 7
611699 39 5
3971981 22 32
60234 8 2
549131 16 6
54887052 130 115
5610823 72 24
725519 5 43
95545 1 19
441777 3 31
154876 1 27
1229080 21 54
22860 5 7
79061 6 5
326100 5 100
5711922 47 55
7453209 40 54
1177440 16 120
1333364 27 41
89122 1 73
197817 1 38
1413566 9 45
22394 1 7
587081 9 14
3867225 23 30
277227 8 55
2537361 22 24
8234159 19 97
216472 3 16
122195 2 18
114233 9 5
1382076 8 39
164947 1 38
231131 2 36
1769601 10 78
1163442 29 8
605044 7 23
2033150 31 16
83524 4 5
867733 33 8
3476385 29 42
788677 4 35
181267 1 82
8717016 48 43
28002 1 5
202765 1 41
11059278 68 37
1670386 25 36
4611001 37 89
35322 3 26
110040 9 3
264732 9 6
33418 12 1
3699018 13 54
616218 11 23
4527588 22 46
1489690 38 11
10357 2 4
83835 3 38
2515807 13 59
82222 3 45
51178 6 2
227583 10 7
743995 28 40
127771 8 5
1959193 41 64
3842933 13 88
281691 44 8
4691094 14 88
748466 14 75
2371944 5 116
47821 4 41
1938494 18 59
1422968 6 55
2429132 6 74
166115 8 19
272268 2 32
768260 21 21
3542886 54 15
1727253 4 102
93492 2 15
2290061 25 16
92672 1 63
888405 17 55
1041378 79 34
18913845 61 90
89383 1 103
4940 1 10
1525275 15 99
1775912 26 17
1236095 66 41
99692 3 64
113329 13 20
1337090 14 80
9870 4 1
115199 6 5
3297005 8 93
194923 2 21
59126855 141 142
1323601 19 24
326641 9 7
1774083 21 65
1400200 23 15
127777 3 28
106896 1 30
3247606 8 119
3146450 62 10
4758995 79 77
297226 4 18
24949 7 1
66091806 116 124
151877 22 17
2929788 13 69
2866463 6 148
3840792 8 142
415157 4 45
821433 36 19
640891 5 42
18174739 42 109
3677078 32 36
810730 50 5
13264 5 8
206726 7 7
18784792 114 52
3897032 17 42
245683 15 5
3286294 31 32
1069371 12 18
1038536 5 62
1936599 9 47
554850 10 28
317583 4 44
197884 32 19
11492 1 3
998511 2 127
81547 4 6
11189362 73 48
347324 21 4
1154209 18 12
23132 1 33
12571637 50 70
3604266 67 49
26143285 85 94
157139 4 9
1834690 18 50
5470458 88 69
668758 5 26
548442 5 22
18599 1 23
582640 3 57
1110716 3 95
1793464 67 5
1732580 3 101
3558769 33 29
3183040 10 101
368639 20 60
1322147 33 12
7457323 11 144
1879197 11 46
92769 3 65
1785349 4 121
81914 17 11
1778597 18 75
221687 1 55
901615 10 16
747435 7 28
195578 5 46
1814990 11 66
76361 7 4
27600417 113 59
811964 11 14
16540 5 3
9670 1 19
232542 9 5
1149256 16 20
3419234 37 32
899086 43 21
8688817 68 48
788092 17 12
2523947 14 32
51635 13 13
21439 1 4
3606409 7 110
7016334 31 99
10758164 22 106
3252804 8 111
25259 1 7
222942 16 27
197961 44 1
672952 12 13
3563933 19 43
93915 3 9
138861 3 23
2678083 20 41
39552 11 3
10152072 46 69
3996443 22 50
512571 3 45
1233735 9 40
563088 8 37
103555 3 8
251099 9 5
13857 7 2
75565 3 33
668366 10 24
3148945 43 53
26876 5 9
209826 13 3
153138 3 19
2309 1 4
84600 2 13
2679066 6 99
102209 7 3
237820 1 77
49260 12 8
240813 4 16
125539 6 8
14676132 63 49
687368 2 113
4339121 20 70
27906 2 4
82535 1 17
21873 1 70
243691 26 3
451656 2 52
9538355 25 79
123631 2 20
190008 1 62
660939 26 42
478091 1 94
5562194 97 14
3889316 66 15
674432 18 24
43365 1 66
25556 2 7
554224 5 28
39448 2 7
127773 38 1
1154177 3 69
10429654 30 69
4135347 31 36
88562 13 12
24903 1 6
876122 15 11
538093 10 12
1221470 14 17
294509 1 66
460464 8 26
1123707 17 16
78861 1 14
2435525 14 33
258709 7 11
4404625 23 69
21338 5 1
13644924 59 59
13173517 29 141
1485306 28 55
24740 1 86
8271 2 1
469819 7 105
9003992 52 48
636854 41 3
2893176 10 62
181928 26 10
219399 38 6
14626222 74 61
2433257 13 53
292736 11 6
1932514 46 32
509953 33 4
777933 11 23
232437 9 59
143437 2 16
78484 5 45
143801 5 35
2978197 10 80
168612 6 44
1553492 43 12
15739888 48 70
1277377 41 6
652568 54 25
867131 6 36
812908 5 38
68856 1 18
110139 4 7
6190736 34 95
2911498 29 28
228240 10 4
1738509 4 85
14793288 92 54
891274 5 74
1903685 16 32
116534 1 73
8647623 75 47
142390 4 9
1454210 10 36
24373421 115 43
160603 8 41
81703 1 16
457334 8 19
890643 21 10
257468 17 23
452238 5 17
282735 1 59
577745 2 104
13162040 33 83
1620371 48 7
201135 4 13
1975954 51 7
1205955 8 45
16746 12 2
2719667 21 42
10366361 80 26
181596 20 13
232693 6 28
436422 27 3
945656 4 42
42622 12 1
11759 2 19
36573 2 38
306991 2 49
4847342 76 23
97891 14 2
8920155 24 81
8453968 44 119
298364 1 99
1105222 15 29
4325874 92 13
37770 12 1
458467 48 17
427599 2 107
322414 18 20
382100 46 10
2053835 15 35
39962 55 2
45818 1 9
89889 2 15
6676259 56 40
2148621 15 29
58411 3 4
2343799 28 25
21229 1 4
235007 15 25
12316 6 1
3509779 9 104
3544815 73 16
1088214 7 41
927287 24 43
5274907 74 18
1665666 95 4
4494119 38 68
602207 3 56
18613 6 2
4010010 24 59
2172608 9 77
125821 1 28
105046 11 7
3460896 14 54
3303321 40 19
8393 2 1
535379 2 58
34342 1 19
448286 5 25
1616016 28 13
59584 1 20
473970 47 9
424037 3 40
378707 26 14
199727 12 11
9322191 66 57
67979 1 19
657826 12 54
641201 5 141
22246 1 4
2995157 20 29
4383640 76 15
469611 29 3
388822 4 25
2779969 28 22
7068835 119 40
9502113 25 71
17783 2 24
473380 14 9
5607199 29 109
653461 53 3
4896736 15 118
475850 12 68
275861 13 6
2188212 12 32
78395 4 9
468487 2 45
23440 2 37
1505993 11 31
138084 2 19
104080 1 34
419638 1 135
3661038 44 23
73489 1 22
9229322 40 67
14938625 21 124
6358 3 5
443073 3 65
688839 2 61
542981 24 6
671832 5 42
1764915 10 45
52569 1 50
90158 8 39
232051 8 85
11750888 35 84
335965 8 14
288901 2 49
1048592 11 33
1187838 23 10
536365 7 16
491227 47 5
96024 1 56
471808 2 57
1906681 20 19
41935 2 17
438242 16 8
5630658 48 36
1174472 10 73
64138 1 59
719368 24 24
154235 2 38
5201489 54 32
524862 2 86
1881506 12 36
992270 47 7
19907 1 9
77537 1 25
1607597 24 20
8875036 59 39
6062751 21 69
6414393 35 47
486434 19 17
263777 80 5
77633 7 2
3222073 40 17
1648302 66 69
64847 19 3
1942455 20 18
366114 46 15
171113 2 28
2406361 48 41
1845377 81 13
711777 11 28
205399 17 3
6909 2 4
48082 2 7
141074 5 68
61072 4 11
285189 23 4
956693 6 34
2154134 77 10
19816894 85 54
982042 52 36
320498 2 32
2587662 49 37
4266994 37 28
289726 9 13
41024 1 9
1064480 3 98
33953 1 8
1301590 66 5
2631203 5 99
3839482 56 15
19506 1 30
2027989 33 18
189579 1 59
500773 11 95
17502 1 53
36778 3 6
1305902 14 17
101713 3 67
1582581 7 54
2546122 45 14
485409 41 3
588023 17 59
330028 8 22
8155628 15 101
2732669 43 15
26395 2 4
4069572 15 51
22741 6 3
1588466 19 26
499417 4 48
160094 22 3
5424300 28 47
279495 16 4
9500312 56 35
606198 14 11
264213 2 31
95598 1 20
31393373 106 96
3781025 72 16
149063 35 5
467005 33 7
87180 18 2
301125 1 54
3388 1 5
789769 5 65
1151634 18 44
9847 2 1
1611827 5 61
69387 1 24
10207 3 1
82990 3 6
1966058 60 52
12992708 52 48
225689 36 9
32687 6 1
2599353 7 89
581365 2 57
24027 2 8
17784334 104 78
290720 1 61
207030 16 3
1482274 23 57
333115 1 98
4952720 100 19
113056 31 1
14559006 65 86
1922490 26 15
762668 19 52
275015 10 6
1787094 99 4
339992 10 11
178169 1 88
2421688 17 92
385175 16 5
1348915 5 85
6826393 16 86
644293 18 75
311132 3 25
25111 2 35
4202812 19 72
6739801 25 131
13696 5 8
23812 3 2
173042 7 7
596595 3 71
1301329 2 117
2136289 51 8
61416 27 1
17702 6 8
5393250 24 100
8810669 75 37
1416876 6 44
7222439 34 60
757059 20 7
123639 30 14
782306 17 13
99983 3 14
342453 1 69
3917575 43 16
169648 2 22
6455488 24 78
3762740 63 123
755852 27 10
241183 10 5
2419243 11 41
3588 4 3
606088 1 124
46708 1 11
52476 11 1
866077 18 14
1565679 4 110
436188 34 3
2124645 22 26
8160048 29 70
7982558 61 32
394055 13 6
131578 3 21
664916 27 20
1788560 12 26
314413 7 8
349432 6 14
790877 21 10
656299 7 28
4441213 77 13
80728 1 25
2234314 37 12
1017831 15 23
16429 1 49
453582 2 47
1073515 5 38
4264930 79 16
2087718 11 62
30433 2 12
48511 13 1
3798097 44 54
111700 3 56
22807 1 6
335818 8 77
219435 1 124
151917 88 6
456393 11 94
699693 31 29
6087547 26 77
5202396 19 75
660144 4 83
35351 5 19
757111 20 8
578979 3 48
1112615 10 37
1060420 4 64
186604 1 64
1647143 61 93
157083 1 48
598084 13 14
11255 1 4
364192 24 5
116607 3 9
6222436 12 93
3811638 26 26
3861213 11 68
18020599 39 130
44901 13 1
516127 55 20
582894 7 24
421401 25 38
14133694 79 63
237612 3 19
268000 12 9
55919 1 14
374223 62 4
828005 21 42
37024 1 8
228848 4 37
876296 20 9
77141 12 9
95300 45 3
281090 4 22
838714 2 77
2758392 9 71
583501 55 3
483540 4 32
3781163 37 23
5208250 46 115
1461114 18 19
35999 1 52
38089 1 8
33784 8 3
449685 16 27
1543849 39 14
416477 2 50
34014 1 15
536270 38 21
17129 1 3
115164 1 49
4595 2 7
437131 16 5
3126250 9 73
199962 22 3
832825 2 75
66193 5 5
30303 1 8
237429 9 37
209936 1 95
1265718 60 4
701108 3 75
11940 3 1
3298690 55 15
7695796 34 58
41304 2 65
201614 42 1
2277534 8 77
76546 2 9
71213 24 1
116691 3 21
2884 1 1
10120339 85 25
617769 11 35
294398 4 59
2466270 40 22
952320 7 34
290722 3 25
2419061 10 51
2823925 6 98
1088283 4 82
2432997 7 71
188855 6 9
3470801 33 67
2644999 19 81
6958024 65 73
349678 8 40
6834200 40 36
171894 2 102
714615 2 66
6728305 71 27
582362 6 18
2658878 8 72
4697450 34 81
2723399 12 41
2765986 13 54
1847873 58 63
