150 3292 8229
18 58 28 12 9 86 20 96 46 114 121 69 24 58 83 79 132 105 6 131 136 47 31 78 80 10 28 25 77 42 148 98 55 73 88 50 128 132 108 25 51 57 121 83 39 47 79 136 49 120 60 85 131 82 107 10 27 90 37 90 45 139 124 34 118 6 56 88 133 56 9 21 55 74 115 57 85 55 109 82 125 24 64 127 103 46 118 31 74 66 1 116 90 129 38 91 69 81 144 87 55 78 120 79 141 138 32 82 30 32 37 24 90 136 87 93 140 66 95 35 124 86 148 19 105 70 18 26 115 115 108 128 14 51 47 17 108 17 56 145 1 82 55 31 26 116 76 35 9 43
73407328 90 116
5472423 12 63
3415394 9 55
3441125 10 49
594205 10 33
95233 2 10
5565099 11 100
3577663 15 40
90364 5 21
1550299 13 17
1098832 2 93
4126914 16 52
6696319 32 54
79390 23 1
485387 2 45
35334 6 2
1114761 9 22
17837 1 30
1058708 58 21
3355404 50 16
18678 4 1
409325 28 9
152214 12 3
460786 3 41
10094632 52 26
347147 1 64
1773455 11 84
1086939 9 38
4585712 6 104
86472 1 21
1029212 32 6
4069626 14 65
839325 3 64
14753535 28 109
6118193 10 97
919843 5 28
1843427 13 26
1022890 63 7
5764336 47 26
1020688 15 88
356763 16 5
8464656 12 138
4529469 10 62
161469 1 37
434281 23 4
329906 1 64
718501 20 53
1109965 48 8
468473 3 32
2291965 17 63
1042123 6 110
1547776 4 106
607411 6 78
17710 2 7
3702725 19 34
20370576 42 96
47262 3 2
5926955 50 20
1378585 19 13
141445 5 18
58387 2 4
138598 48 1
1701026 14 77
57067 6 4
102183 4 15
48205 7 1
6032345 43 22
339700 1 77
1955244 54 29
21102630 44 59
87300 2 11
1437516 16 57
4523592 22 25
34711090 84 71
28687340 58 75
69499 1 12
302644 20 18
724812 4 53
155268 1 37
2432440 40 13
422271 33 21
1184995 12 15
79711 18 1
1401929 9 36
91008 5 3
434632 20 6
834161 11 59
11291985 35 62
482860 1 114
981836 10 108
5874072 42 30
511258 8 11
10228260 63 24
519680 2 73
2084797 10 34
8342552 20 71
361324 9 9
586188 4 28
65584 14 3
3512947 37 19
143465 1 18
515219 32 3
1756290 12 21
1076875 4 39
189464 5 21
17534 1 3
7312070 14 70
2351 1 1
1550171 7 28
36296 4 9
24024201 57 53
1470167 28 10
30501530 45 105
4420482 17 40
2815340 16 29
25459 1 61
73174 5 19
412401 2 27
2256813 38 71
128267 5 11
6803296 15 92
462063 2 54
403593 22 22
51003 2 9
1300803 8 37
25053 2 2
184196 3 8
2230459 15 31
346588 2 32
2195534 4 94
611860 1 113
928317 23 14
6967616 51 121
4843 2 5
851360 3 100
1723761 7 30
35553 1 5
8619886 23 88
66536 2 17
2723346 48 33
1464765 9 35
89617 1 16
894618 19 10
419358 3 74
583623 55 2
8304028 29 38
397691 5 10
346016 13 30
10854 1 26
51146 1 10
10686016 16 86
28837867 68 79
8006785 26 61
953530 18 11
481427 5 13
7627440 51 63
1204418 25 48
2878529 27 15
56621 4 3
2530819 32 69
440767 18 4
1787289 5 79
1413955 4 61
15032 1 6
27821 7 4
6752295 17 51
4741795 66 9
841008 2 72
33602 2 4
447034 4 31
123052 9 3
1198501 10 24
4689301 63 15
1590060 16 14
435584 2 29
287708 1 44
10816304 37 102
4329879 33 41
40841552 64 111
3830127 84 57
347472 1 47
2024388 16 21
1358032 6 43
292472 20 26
11597 14 1
1934883 25 11
243971 5 10
8728522 37 31
6412547 12 96
3052032 15 33
2697933 9 41
27022 1 21
688577 3 49
140563 2 17
1872560 12 27
118746 1 38
5291940 66 27
10559143 29 115
74783 9 4
1138626 4 49
9206476 75 87
6168084 39 31
5952586 50 44
1981050 55 59
196915 1 40
1034071 33 4
187995 1 54
286251 15 4
33512748 49 97
703360 20 32
599868 10 13
7217137 35 28
6854618 13 114
278862 3 17
1166758 5 50
3771048 40 15
3109641 13 80
175194 1 60
1159978 38 6
6425536 16 67
2946565 11 53
606799 4 23
485562 2 40
51905193 70 91
1069514 13 12
1278981 6 44
1120818 13 43
2618187 10 70
522244 5 14
16446904 41 55
5402814 20 63
410674 4 16
15641107 118 47
40752849 51 109
4572188 52 27
1489103 47 7
1970035 35 8
2025927 31 10
553760 41 3
285098 1 64
99252 110 1
37057690 48 97
1236880 57 10
1488286 90 14
1900907 7 60
338662 3 25
1305427 29 88
70986 1 60
6264744 24 49
2520833 8 51
51566 2 6
1821537 54 7
697403 2 61
2257065 26 17
1104019 13 29
1631854 35 91
25390 27 1
786771 25 4
8068109 17 100
7000605 14 130
37810 2 3
2406358 12 27
85784 73 1
15333 2 17
9153167 58 68
15128 2 1
102701 3 8
114537 1 22
6282191 39 52
875015 72 2
592350 13 6
2631924 15 47
103935 1 25
21944 2 9
1582530 7 51
6098598 27 28
7090022 15 78
4241658 18 104
886723 9 14
1639562 14 36
4738219 50 18
1625778 31 27
4255634 8 79
13797 1 2
7403643 10 104
261296 23 3
3361889 7 83
396173 81 5
3332682 38 77
1227773 17 16
2274150 7 68
58152 38 1
119939 1 50
3656065 39 35
9023 2 1
2813391 14 33
48412 4 23
264933 16 10
188097 1 36
2943008 65 6
1274765 24 12
475788 5 52
230497 16 3
380672 6 9
10207832 18 74
64968 16 8
178648 9 15
904708 9 48
1034927 9 15
1726429 31 55
9432048 19 114
80805 1 43
2332375 38 9
6188839 9 96
77483 1 26
716119 17 84
4098614 14 36
199193 16 4
4797167 36 29
350094 5 22
118524 1 64
162284 4 5
2496362 28 40
1428249 21 33
725994 9 18
5635541 12 76
204516 2 15
5505859 27 63
596690 4 22
543145 1 112
2426775 8 79
3758818 34 21
10120005 50 42
634912 6 24
645852 4 55
1322251 5 50
86089 14 1
1154969 33 9
208573 4 8
5584859 65 19
1421394 74 25
8203891 34 31
344217 9 26
2324280 9 36
923519 49 37
17179 7 4
1017037 41 19
103770 10 2
1828473 15 15
7648905 16 61
304080 2 21
4508999 96 38
824273 56 2
767846 5 27
62752 22 1
4044513 31 60
351315 4 16
386093 4 58
20535 2 6
836571 9 14
10068180 12 130
507862 2 31
2260279 21 44
812679 8 49
5666079 66 14
461780 2 66
19940687 28 91
20262903 24 109
1542859 10 111
7158936 8 135
20400545 75 90
175353 1 66
666092 5 113
2497841 69 34
134112 14 2
550556 68 12
16006925 73 41
750877 7 81
1127123 12 12
10766611 30 84
13430 13 2
2700962 17 28
108298 15 1
4628729 38 16
10362 3 1
10986465 28 92
3000216 63 11
493892 8 17
184339 3 8
5361097 116 15
644506 3 49
923548 25 63
445252 18 4
943709 12 27
599768 11 9
149513 3 69
20123178 66 44
995257 50 32
179380 1 22
877709 12 27
659188 45 12
4830968 19 42
480689 3 27
929890 98 13
17099 1 3
406274 10 17
496956 84 12
12634544 109 19
78784 1 34
23849 8 2
240883 15 7
10403329 22 63
11307601 60 24
7383165 52 28
45617 1 15
179720 1 22
14884 8 4
210913 33 11
240152 4 13
1237910 12 15
2394394 6 78
102540 20 10
501025 12 50
194832 4 71
32652 6 9
1271947 3 85
51504 5 2
2000747 7 54
900855 8 16
333920 15 7
196289 5 5
234736 7 9
575759 1 80
1426965 5 52
110337 1 16
12064 1 10
13213630 89 24
182377 9 20
1248782 10 63
143465 6 25
4938514 33 26
4655146 26 34
746630 25 4
2174240 7 48
1838790 41 77
4116179 38 66
70139 15 1
5073909 8 83
7785757 57 21
215099 41 5
6316930 17 52
53946102 55 137
5130040 17 37
79623 1 14
19456 1 17
263475 8 5
8145 1 9
2087140 3 105
996478 3 59
6698183 27 50
20710910 103 42
177608 6 7
2316652 9 37
6540032 38 60
256570 6 17
6248415 17 62
1799930 9 29
11455625 45 31
284468 56 1
156757 3 55
4998052 33 21
70061 3 8
32614 10 2
955046 22 6
4710464 32 55
543282 14 8
702955 27 54
1170672 14 15
301849 1 72
291093 14 3
7564811 33 59
183919 2 14
336987 3 14
1075878 33 16
596347 2 78
690119 40 41
60501 5 9
4645195 55 17
86134 3 31
1723457 5 55
12353769 35 57
12127034 33 57
4097117 32 29
1796381 5 98
125447 11 2
5490382 35 67
4288430 11 53
100513 9 4
198178 1 36
337199 1 49
120039 3 56
410216 16 6
300216 3 23
41658 1 16
17156461 59 58
825027 5 22
7000332 10 135
120895 3 57
972985 35 20
1459072 27 100
633599 14 15
253259 6 41
395537 2 25
222104 9 4
333464 4 84
1736507 16 21
6722505 13 80
695758 4 42
4165926 23 23
311599 8 30
18205 3 1
9937765 61 38
6423597 21 48
2350975 8 48
305961 11 4
968521 5 31
483674 6 19
824377 9 19
379043 11 50
462648 2 53
3159459 14 87
1674654 9 30
25628782 73 54
9283471 25 60
511405 11 9
96581 1 98
155193 1 59
2861706 35 49
4936017 25 47
192636 2 16
556217 1 97
238554 10 31
5664689 66 12
2559961 54 29
1923214 37 7
113117 2 11
14338642 32 78
347093 2 25
136096 1 25
43566794 59 97
11221650 88 36
268228 49 1
8788932 60 126
669484 3 114
219679 4 20
5118101 11 80
3575498 11 96
119535 2 13
19303787 26 127
818091 4 29
2770031 80 6
2329011 58 6
51223 1 9
714493 20 9
7806810 19 51
43760575 70 100
335955 5 78
2476571 9 35
78433 8 2
39628 28 1
12230 2 1
323172 1 56
362850 4 20
627569 22 6
10955464 30 59
198645 13 23
1714552 19 45
78457 1 55
2687600 41 14
107892 2 20
2864372 24 30
9197 1 9
1527674 5 65
2721542 23 21
405072 33 6
826532 15 13
7858016 42 24
32557039 53 117
2216160 33 46
56242919 76 102
12942883 40 94
1911840 24 11
6118447 58 79
626957 41 3
410325 1 50
1081583 20 9
1266506 12 88
19258761 81 34
76318 9 2
2115244 4 116
1037697 5 73
5427 2 3
97954 24 2
147236 1 18
1851762 6 45
3401 3 2
5315710 7 109
480823 2 43
148368 2 67
234984 2 24
3652846 14 57
1538229 33 67
862808 4 36
980091 8 37
315738 4 21
108328 2 12
430515 10 11
37534 2 23
314444 12 9
8965 1 17
15919815 31 75
7460 8 1
68888 2 5
14858654 33 62
1081425 22 48
12135 1 5
27585745 72 51
57134 1 14
2084653 18 23
72119 1 9
1314071 50 8
301255 1 63
44524 2 5
765938 4 101
200222 1 45
36595 7 1
1193266 3 62
7164969 103 14
248013 9 5
2407209 28 24
179991 1 37
83364 2 10
305284 2 20
175331 3 10
11004317 13 131
167737 1 22
620332 22 25
152573 12 2
6490522 31 43
7170034 68 60
892969 6 38
17581019 49 46
1762233 8 109
3306542 9 64
4622943 12 51
992542 17 8
20411846 32 128
635227 9 9
5270586 89 14
125435 3 29
358236 1 51
7297358 11 94
544979 19 5
382895 15 6
7565520 17 88
194894 4 43
810068 4 28
568607 7 40
2336587 18 26
1157805 11 24
129298 1 76
406645 31 3
419346 21 9
332234 1 54
607582 15 18
10524299 23 74
104141 2 12
5429879 60 85
556832 32 16
491623 18 18
2544479 8 124
136518 46 2
272247 8 6
6771 1 4
203701 13 6
252638 1 32
3600330 13 34
3367091 15 31
90727 7 29
459779 27 19
1405980 27 19
7344490 48 20
1462121 2 92
565837 14 28
502964 47 2
1083669 9 21
558194 11 10
409961 7 97
613009 31 11
9062791 40 53
11554841 31 78
201028 7 37
2606694 41 14
9788 2 1
524050 6 23
3036090 19 35
5030221 34 42
389266 1 72
879074 5 31
65927 1 23
39256 9 1
3019108 6 77
184434 1 23
335490 5 13
538317 3 67
4451037 13 75
8479148 64 21
2852020 10 59
2648705 24 20
302874 1 95
6316 1 1
609709 15 6
1137050 9 21
3151453 19 38
1238730 15 31
502140 10 9
546782 2 52
8689684 22 70
99104 1 22
564403 24 5
29627304 85 76
68817 11 2
16481991 48 52
862897 6 39
258527 48 6
1475178 56 4
625273 5 16
337947 9 24
529334 4 74
4694499 11 94
44661 2 20
3179498 14 59
26338 1 19
555653 6 23
2681968 64 63
10206151 55 37
3153114 18 97
13791926 48 96
4177 2 1
1236383 4 72
1074701 50 3
10651 1 21
174173 6 44
2738851 24 30
4498693 95 9
633756 2 75
8669049 112 51
434355 3 50
1227363 12 29
96270 1 34
18383738 38 110
4326747 58 45
421426 31 2
3797910 10 73
6056051 15 66
311941 3 56
1876959 26 22
10714735 21 100
1434334 46 7
1394963 22 19
338037 6 19
529426 10 8
2405884 61 8
23195435 35 112
2122894 5 52
219685 94 5
3664761 15 44
34743 4 2
10533 1 4
429211 2 42
1139343 27 65
7777031 29 116
11383717 16 132
13661294 24 133
1838491 11 31
325178 3 21
71077 3 3
11379749 59 30
46847 1 30
19692786 47 70
4498979 20 51
829781 1 115
686390 1 84
186842 5 5
12934515 18 124
4715774 15 59
414734 12 7
6029670 34 85
3468257 14 42
333350 2 30
1293881 21 27
31346 1 7
1106383 14 22
1583671 9 33
2929259 10 58
1962520 6 40
85474 2 8
288090 10 7
560409 11 10
220290 9 11
44001 1 6
7215711 66 14
792552 11 9
5982744 31 52
1232135 16 20
255910 6 6
2853948 81 24
405643 4 24
213377 5 40
5819929 7 126
434653 7 34
6719344 16 59
18073954 47 54
511592 24 19
13498517 20 123
337296 1 66
473481 5 23
115783 40 2
1537161 56 11
209835 2 17
7285635 44 32
420904 3 25
2178148 30 12
4905288 36 26
154023 3 8
551619 2 53
1751956 2 133
7180443 57 60
1592641 6 35
166368 3 10
1246335 43 6
1547784 3 87
430455 1 79
3953760 16 31
740351 5 29
1548299 4 64
8648 1 6
1162563 9 26
5511088 37 66
2454093 14 23
1084975 15 13
51644 1 37
23219327 39 126
1571 2 1
62611 2 6
80835 6 9
7126660 109 65
325673 7 7
1710913 21 13
3943167 7 76
2946276 25 25
59037 1 16
507680 1 79
1064634 23 47
2984629 15 74
31511 1 41
5913040 22 33
38056052 44 118
2406357 77 4
208606 3 137
1479535 6 87
8340 2 10
30443592 60 75
1744747 18 43
1687713 8 63
2091209 6 71
1746188 10 41
653431 14 6
2643519 15 23
467062 17 5
1089518 11 21
220307 3 117
18039 1 10
987213 5 47
8431523 92 61
104298 15 1
418810 6 22
272169 1 49
806434 9 81
393900 1 86
1322603 6 60
155268 17 4
236885 8 6
573656 2 52
19494 13 1
1777863 44 8
1637286 6 37
252747 17 6
242332 51 4
579791 1 72
17808270 48 48
99724 11 4
419687 1 63
7286318 35 45
1645629 11 26
651827 7 21
2831791 4 107
19785216 46 73
7379915 20 49
932001 8 17
7623769 114 14
113481 2 10
240702 14 4
44625 3 25
360863 11 6
604094 1 83
5607084 22 31
3951596 70 135
1843541 8 34
3308331 12 34
695435 26 14
6432592 50 49
296407 1 47
253994 2 47
727809 47 33
1357115 5 128
523949 2 47
1765498 16 54
4831114 45 17
194593 4 30
35505269 88 56
17343 1 12
2501500 64 9
14803946 38 74
365274 3 30
5362044 53 57
82649 4 3
17259 1 4
613303 15 26
94572 21 1
1261312 5 45
1235466 10 22
5588459 15 72
22400404 55 53
4710813 10 67
58255 1 29
560084 10 10
285731 1 37
10530652 44 42
8935044 20 108
19888 1 3
1152404 8 33
2783516 16 26
33278 3 2
12880 2 1
199527 1 31
2026559 12 42
10098814 15 82
557801 14 5
537315 5 17
318782 3 25
13801 2 13
3245100 28 16
3455454 71 104
319179 5 37
1310633 36 6
1290104 12 18
206911 1 28
999019 13 17
338822 2 28
202667 58 3
1904 4 1
971737 4 52
1017612 19 34
6658290 28 37
8122537 25 65
286120 1 57
511541 9 13
476228 16 5
867675 7 20
844194 2 63
4830927 22 84
178386 8 53
477484 18 5
538438 7 87
132190 3 6
299253 8 55
2229999 10 47
2092897 11 74
142422 20 3
162723 3 42
9762141 22 83
365265 5 10
107491 1 108
390504 15 7
2148576 6 116
1206978 7 29
444245 2 33
163286 2 11
1021207 9 80
2914441 46 94
1780347 28 12
25439 4 1
6983775 17 94
291208 8 5
479068 25 32
568812 23 6
70135 4 14
570268 3 31
2162131 33 22
12566193 70 33
777003 2 66
23194 1 35
382290 14 42
213581 1 78
7455068 93 10
200317 3 56
4434604 38 30
634762 25 5
429988 27 17
2938523 16 23
423631 10 6
35612825 35 138
214182 7 10
3662131 18 45
4030230 50 14
1222470 60 5
32598 4 15
428585 3 18
92501 3 24
6742459 26 32
675811 3 37
14308903 102 41
121924 1 18
1330871 6 27
2115070 5 75
109113 6 30
60534059 107 75
2787902 21 23
3630841 24 32
944926 15 27
1415627 33 6
1901523 27 10
742316 8 36
507929 21 9
548724 28 41
202274 2 16
967942 4 38
948241 3 54
19199690 40 71
440208 10 98
2508857 66 5
2154932 25 18
93215 9 7
3720439 13 67
9179094 45 39
132429 17 15
5964722 9 81
1580585 56 4
497495 13 6
20560 1 3
3329795 18 32
1857430 4 65
180374 7 6
520582 15 30
11494375 27 84
6859875 96 35
858761 10 14
6626884 24 38
3721313 11 61
81651 3 45
12398077 56 38
125559 2 11
1371571 53 13
63246321 116 94
321058 4 14
4258902 11 61
16355533 19 138
676407 53 2
137261 2 41
206923 1 31
1197223 18 84
193802 1 26
534621 22 5
4801254 53 22
1990937 91 3
12768061 96 28
6986849 30 41
38323 9 1
3933763 52 10
53157 13 1
526417 39 6
383475 1 80
141160 2 11
228602 2 25
6672586 37 47
246377 2 24
120523 2 11
1639812 13 54
716132 34 18
12075047 30 52
9772572 39 36
591777 13 9
312677 10 12
34461 1 7
19864973 39 64
267691 4 15
6581501 37 35
3257567 17 46
918580 9 37
226616 1 30
7027221 15 67
1884355 47 32
1703163 8 64
497026 5 72
3915010 41 18
133716 1 28
985311 5 39
2714636 7 69
1276667 4 81
2687652 4 87
165039 30 5
1843590 17 46
67453 6 2
3799417 5 107
2540369 36 15
3866772 7 86
454502 7 11
84827 27 1
6472942 9 116
62864 8 2
34750 5 4
51574 2 9
387765 19 16
34331873 71 114
29497 1 8
728876 4 42
2387031 11 31
888559 3 60
3157524 45 15
10845235 19 133
1935219 11 32
3095468 48 78
147827 29 10
1438382 13 19
116238 1 25
837470 12 16
2239831 13 28
8343890 35 53
301643 19 2
10433578 19 71
972295 14 14
1814955 8 39
3298867 17 39
1371705 3 75
246934 21 2
180814 3 40
34749 3 7
16919 1 5
603217 7 26
745969 102 1
78359 17 3
603310 2 59
627139 2 41
268967 37 7
299398 2 25
12106 2 13
5604224 80 15
278490 25 8
1866596 33 13
1093009 9 59
374136 2 45
572934 1 78
36625 7 5
22980852 61 66
2111753 4 95
672965 12 46
4931366 35 20
400466 27 9
2583292 54 14
518715 7 13
45935 5 6
45754 5 2
2622675 58 10
10185 3 4
410755 24 3
8169803 13 106
1556508 2 110
305797 22 6
16709 1 3
818552 21 7
20248306 63 57
2211774 15 19
81491 1 112
6280367 59 20
30344 1 17
718210 6 22
318093 4 13
550514 67 5
960131 24 15
1075940 3 99
962799 4 74
878078 4 41
534389 1 74
7844760 49 36
805591 5 109
7737649 16 90
4170335 11 71
248436 21 3
1175273 3 55
400540 22 20
506555 4 116
5250877 37 18
21089 1 30
383393 1 70
276724 27 2
3339949 24 21
48828 3 9
9205446 74 16
440613 3 29
5329676 31 21
2552851 9 47
15722330 50 56
1133718 7 27
6794623 9 101
2018506 4 114
156309 1 35
4773785 37 72
127827 9 3
39635 2 16
5418282 13 51
321490 5 21
38819 1 8
377223 6 12
496695 4 21
96816 1 33
154576 21 1
7387 14 1
1196456 3 87
595435 16 5
4420 3 2
1673421 6 116
3324106 17 39
8018460 18 115
2547912 26 12
930003 3 48
230567 4 24
5059671 56 13
1379071 31 6
3603243 17 48
960415 38 27
379302 14 12
67309 3 3
666789 1 88
30952999 94 60
7875721 25 41
16598951 57 39
5734042 30 79
6787064 12 84
32068 4 1
3486786 10 62
264561 8 8
1487943 6 35
1520674 29 88
579966 24 45
4508140 70 9
10965 2 1
441389 39 15
3177 1 4
11427909 62 39
1627479 18 15
25400136 65 86
1027642 9 18
37175835 35 137
1009198 2 118
1209000 2 94
9798647 28 43
2265553 17 25
373656 52 4
4749194 32 27
28534 1 5
1059416 64 17
3806917 31 100
383847 2 63
27511 2 2
23615120 48 120
30724970 52 111
392022 12 6
537723 11 12
10275684 21 70
28326695 135 64
352197 8 80
23789 1 12
842059 9 21
6103177 34 30
11735259 34 120
308904 14 3
1830392 22 80
1142269 17 38
4158209 17 55
254422 8 5
8083630 62 42
1583982 13 39
907948 22 29
231734 9 5
820165 6 78
9910826 62 30
4206616 32 24
10751200 45 37
1321273 5 50
90410 1 15
14534 5 3
10815329 64 30
6816646 14 109
722579 91 1
1288306 8 35
2026473 43 11
9886225 59 73
68356 5 2
166163 8 31
302033 1 64
1315274 8 24
34120 1 63
2732357 21 29
16320 3 1
44041 1 6
641217 3 43
20917078 54 73
21950465 65 51
111236 1 15
408260 2 58
3668635 46 115
1116125 10 14
16479430 34 73
1625472 5 44
98238 10 7
4169 3 1
525066 2 61
2631996 11 32
4522111 12 93
1862849 3 99
858700 4 37
1067955 11 12
4365647 88 20
208901 27 1
77609 28 4
673651 33 13
112686 2 28
4800275 37 18
365507 16 37
10741754 61 74
89076 1 39
7564756 18 76
24268780 80 129
8244511 20 89
573116 12 16
2888350 5 92
3132412 6 94
117334 5 11
514860 2 53
2194959 8 79
5427524 20 34
14186 1 2
1159543 2 79
3066184 8 65
2218706 30 18
1963941 31 14
306307 1 38
518178 7 33
235588 2 25
222706 1 52
491311 86 1
745063 5 36
3486330 30 18
442879 5 24
693057 2 56
8814028 28 52
62095 2 20
16505737 43 69
93846 3 33
941585 17 10
59131 2 6
84908 1 12
408809 14 4
256124 31 17
149798 2 54
5532405 35 46
17414 1 19
2476202 14 37
619747 2 83
475352 22 3
16223222 54 70
6120708 55 30
8603991 13 96
8378 4 3
1181922 5 45
10607459 49 32
589307 11 30
11152757 20 101
10196756 25 59
2474569 9 37
140189 13 2
20035 1 30
385581 5 14
413871 29 3
18946 12 1
1045115 43 16
4792761 19 89
9867 1 2
106981 8 2
435690 11 13
90390 2 16
1397346 23 8
915203 9 110
1103948 9 22
10146750 28 55
3415152 10 65
1346414 30 38
287173 3 45
1212973 3 96
290080 13 19
283326 1 57
759886 27 6
79317 2 8
125826 1 45
1080660 3 65
15048775 29 65
690374 17 16
4380984 22 26
490216 3 54
149395 1 27
25553730 46 101
3539593 19 31
39675522 90 62
1903231 6 55
1137959 2 89
989991 4 39
4555940 33 41
2938171 8 95
1589518 20 19
187336 14 23
314862 2 30
240827 13 4
244479 7 6
463722 3 30
20209923 42 90
63415 1 15
1309691 4 67
662089 7 96
3824327 12 47
42678 6 1
1692392 25 9
1679600 10 24
1638088 3 78
565120 8 30
544134 1 95
9658218 47 37
1443048 4 70
8890781 11 127
76497 1 15
400027 42 2
1083866 16 20
7599 1 5
60574 29 3
526772 1 103
137087 2 16
626172 5 132
9914009 27 56
2807772 22 19
7371046 17 61
226266 4 16
393418 2 42
253020 34 4
9358746 31 53
960735 28 6
1529563 18 16
1470584 6 30
14324706 130 49
280069 48 1
2836690 24 20
190197 5 9
1940155 58 25
281006 3 14
133378 1 17
23343 1 39
522890 80 15
562538 5 16
2500749 8 69
5155555 41 55
731259 26 8
241110 4 12
321332 12 5
2390226 6 50
5186045 33 32
1651001 18 25
466437 1 73
6925214 26 52
1929240 62 28
116372 10 14
268547 18 2
14400440 90 21
30266 17 1
10844 1 11
612501 19 7
2349948 7 45
17761 2 3
98746 7 3
27470080 73 57
344140 9 9
743460 6 29
91975 5 26
254564 5 63
51254094 97 88
90734 14 7
164921 17 6
409544 10 25
1262056 5 85
542286 5 22
581527 5 25
1612839 6 33
130460 1 23
1914750 2 118
841422 15 62
189406 5 17
1753185 18 82
3353145 11 60
5555969 50 17
10263541 21 90
328430 1 94
559527 3 32
5485667 12 114
223768 49 1
167583 1 40
3268807 11 37
1081143 6 25
642386 8 13
2212865 9 34
1005497 3 77
1459519 16 45
1580615 9 36
55226 1 15
6596340 99 28
43654 3 5
2038130 21 16
259299 38 11
377221 10 14
34748855 53 83
137812 1 18
1346032 82 18
125300 2 11
307382 83 3
234785 5 86
10341 1 23
90004 19 1
94527 1 16
372235 7 13
7349610 16 62
820659 18 6
1006826 27 5
763313 7 17
10144806 48 41
65983 2 13
447998 12 25
1104672 39 4
849694 17 8
4876291 25 32
30628040 98 61
116977 36 2
1926302 23 18
717907 13 13
620297 47 2
76320 1 14
427174 5 23
919437 6 27
2934590 17 38
437324 2 33
345111 6 29
11469 3 1
5733 2 2
86888 1 101
184446 26 1
5444359 23 39
4590056 18 57
20517 4 1
37494821 59 94
13552900 67 98
78842 6 10
2224015 16 31
24139805 27 111
75222 2 28
5848836 36 51
975565 5 45
79189 2 26
1015824 26 6
216486 1 94
6470827 34 38
178516 1 39
201417 3 39
439939 6 9
12620738 41 66
1962181 37 8
444845 1 102
519462 12 13
2069573 21 49
4837098 46 24
5000316 32 37
22882 1 26
7043381 128 9
5571622 7 98
309530 3 17
8727115 117 17
47285583 70 100
14216 1 2
1253283 4 73
5438239 23 30
20335228 51 105
11527523 37 107
1837473 3 112
28256 1 5
251439 6 6
69498 2 6
273445 15 19
117708 3 6
3584701 31 28
379712 15 33
776096 22 8
830959 54 3
912168 46 4
1394199 12 45
1519347 26 61
3329464 31 51
130379 2 18
1024748 14 85
8680 4 1
261144 19 4
126516 1 23
495447 13 26
1054026 12 50
430446 13 8
102095 2 8
16921639 57 64
122550 4 6
247885 6 9
13770360 65 34
696977 11 51
48479 1 85
3672571 42 26
93869 3 26
2946921 74 7
791677 18 16
147264 1 77
2394695 23 18
1174 2 1
194548 2 72
31328 2 22
5805173 31 34
466339 1 111
212739 8 11
1870125 13 58
131058 1 30
10101349 29 75
4238764 86 7
910104 19 15
169251 1 23
882075 10 13
75343 12 10
12670671 46 35
56492 2 47
210861 2 21
1324762 58 6
5596988 31 28
407045 4 109
4292478 13 70
3039384 38 21
158951 2 19
24997 10 3
1113991 18 14
808430 16 53
6180219 39 32
13162653 58 39
3580729 6 85
4864590 38 49
27383 4 7
1438117 9 24
1475460 59 5
84974 6 2
61866 1 13
2698630 50 13
1969664 7 54
243217 2 19
5806024 71 50
175535 4 37
759538 25 17
66684 2 9
5311754 12 63
2334068 7 75
1729045 34 71
165300 1 36
382885 10 59
477200 11 6
761980 32 47
9049918 62 26
235316 5 8
564265 7 12
1222059 54 5
5288112 21 32
387884 7 13
1097461 60 5
261869 1 97
627754 18 5
7473995 62 84
3330793 27 22
305883 1 43
7029250 8 117
7739752 49 36
748742 2 53
478521 5 56
3612239 28 23
4018436 19 86
4611406 32 18
2908741 7 70
3558346 47 14
1982360 14 25
944949 5 102
352478 10 13
954926 9 37
9620348 28 77
124264 25 4
720308 2 99
3378278 7 113
2535102 5 104
1806753 59 6
300908 4 11
37234 4 11
6468286 33 35
857133 95 18
59614 8 3
36381 1 5
141389 16 2
104749 1 40
593771 8 18
470707 3 22
8813788 26 65
1389503 8 33
44983 1 21
3635012 35 62
1089773 11 74
1776192 15 92
8984 7 1
368171 3 17
295923 9 15
26167606 55 95
389417 14 4
594509 1 80
669258 11 61
2760067 5 133
111178 3 12
1219873 32 44
6766780 52 42
4140508 12 67
2780302 4 96
154056 6 6
6604273 23 44
712593 8 12
22865 1 49
2749014 8 57
17938427 23 100
408554 5 74
858693 23 38
448744 1 56
206616 23 2
6048557 74 71
12859 15 2
2800075 44 10
3843905 47 69
2831931 14 49
676268 25 49
3718115 21 31
27268 2 25
309867 4 28
1175270 4 62
345008 10 6
353176 1 55
4425220 7 89
1698686 18 86
2653677 62 28
3119997 21 61
28041 5 13
45980 2 4
1575122 12 53
237191 5 7
20208955 47 70
351337 1 54
1220139 2 128
962224 6 28
30246 1 12
788923 9 18
143309 4 42
1378826 54 12
145437 2 10
663992 8 14
1785747 86 16
76906 1 15
199568 12 10
173482 1 33
1719010 21 33
2104248 15 22
1429943 31 10
4178500 7 103
6285278 26 55
2678947 15 31
6845858 45 73
386581 3 35
688134 35 5
1441300 6 45
116790 2 18
246765 4 10
708529 3 29
6967518 49 37
874297 5 27
12834786 19 97
2011853 20 55
658778 22 54
11031474 47 45
734343 22 27
289993 15 3
244884 1 55
110204 18 3
711297 42 15
1993231 7 37
1015326 16 10
1587154 33 23
861447 5 41
752257 32 25
419892 3 28
16649418 119 62
440150 4 29
1615771 12 56
573084 7 52
28108 2 2
295760 2 40
51899 22 1
4509016 5 120
7016181 22 134
15893 5 4
5998468 31 45
2988216 70 7
7753957 13 98
3500022 17 41
313745 2 35
513167 8 9
3390976 6 90
30248 2 4
488831 4 37
5276714 23 30
6295098 22 62
19605646 27 97
8283577 38 36
6966009 24 54
15019086 56 62
3989726 13 68
1489032 10 29
40756 6 1
1461915 8 37
17484 2 11
576681 4 28
773118 8 55
1335024 34 5
2267145 14 27
2389235 27 11
1234401 14 102
19467 1 4
3651957 7 90
2096462 5 69
492161 3 25
322474 6 9
254624 2 29
3968 1 2
516348 3 66
48049 4 4
2066816 11 34
120027 26 7
4295339 15 49
94094 1 33
1321196 3 110
2057179 39 10
6752 1 3
651660 33 14
7951637 19 61
190108 5 21
790669 6 81
8454588 24 83
2833411 10 52
11052269 23 69
350071 3 27
1166817 38 22
852411 20 14
3391576 7 103
19234421 21 129
2505869 9 58
529057 7 12
885010 52 3
948156 46 19
6314883 20 50
421007 20 5
331747 1 71
23256155 65 64
4845868 50 15
12207 2 1
660689 3 37
829976 13 11
14818773 54 88
836339 3 55
1419883 34 8
5196276 29 68
2409852 18 23
2428774 32 25
1365257 7 29
2393276 14 98
1037509 4 55
149812 3 22
325893 1 63
568046 5 22
927186 17 19
110579 1 35
2981206 10 73
1393162 28 9
470914 8 67
271093 1 79
698574 13 9
165768 1 22
1236232 5 37
522507 6 98
127722 2 30
3905317 10 81
186629 14 3
1276136 2 114
911139 5 34
27128142 63 84
305120 2 45
1860254 4 85
26942935 69 72
127617 4 5
370653 76 8
7166016 11 85
1643854 7 38
1980650 22 99
163003 8 42
16097044 42 66
168906 2 16
286426 28 12
3310674 27 32
167787 2 87
532137 25 5
8935877 20 76
294500 11 10
493842 56 14
764819 10 38
490166 10 31
84420 1 14
698705 45 3
12332364 56 32
4567408 78 30
6503819 27 56
979927 12 29
21702197 86 88
691890 29 17
432453 16 15
494510 9 19
2244850 38 11
17065551 62 59
5661390 12 82
4903189 11 91
2867765 22 31
4568197 10 67
1166030 10 27
13970 1 3
2181518 12 52
10443262 18 86
5887209 26 32
946432 2 65
372210 12 5
1710730 65 8
669542 7 21
3947295 15 53
24965 20 2
204582 1 49
168063 21 1
352116 16 13
314008 43 15
317610 23 28
276218 3 30
527881 49 4
523324 2 74
1934126 24 31
1834415 35 7
297542 9 6
2591981 5 91
11773772 33 56
18954283 24 106
30576365 68 55
99504 8 5
65306 9 2
1618694 3 98
42630 1 15
25070926 27 119
556665 6 22
1090973 14 12
259636 3 102
672240 12 11
12282335 51 43
678159 9 23
603007 27 3
188552 4 12
519930 3 41
220011 1 71
304112 1 40
1538501 52 6
1781218 48 9
213750 5 23
338260 2 87
1128969 46 6
2347993 5 71
3697370 18 37
172027 6 9
45136 12 1
4011884 6 118
570629 22 27
2465622 31 14
1237862 6 34
645897 1 89
1406497 22 27
3425280 13 85
10258553 55 42
2262970 15 42
1246705 6 37
256432 13 24
11492 3 8
573001 1 93
217794 2 14
75131 13 1
6532636 51 32
229041 1 49
67990 1 28
5334498 7 110
8010907 34 107
1295381 24 12
3865518 9 53
907015 80 3
57477 1 18
7309851 20 48
780401 15 33
867464 4 27
302578 51 1
2765914 31 40
140775 19 1
27993996 83 113
15806 2 1
7609548 39 82
13051 1 13
1079246 35 10
4010114 33 25
166245 7 4
253984 10 4
713818 3 33
227377 2 27
1596107 18 14
332521 24 3
524011 4 16
4182454 58 17
131006 2 11
9737094 13 109
691006 4 105
237592 1 41
980307 5 101
22910435 54 63
59825 1 8
116730 3 18
2037347 34 12
14598 1 2
44780 3 20
9684404 79 17
215963 3 12
4637024 69 10
8060613 28 50
11361227 35 78
18723085 33 72
1513128 33 11
4406431 7 101
1532913 15 25
35279 23 3
40708 7 6
2177525 18 29
1905032 5 55
453484 5 73
2786305 116 3
2673668 19 25
248755 6 24
132072 1 22
453101 1 74
6496468 12 84
27717 11 4
228497 1 30
8912824 22 64
38867776 76 85
1148928 52 34
14199 6 1
948390 3 54
731210 6 27
7497508 53 27
30324746 67 92
663634 11 33
3015735 11 59
7257633 36 26
315536 6 10
7252 2 6
127973 3 24
423132 5 74
143994 14 2
6268544 57 20
12845 3 1
48846 5 5
1074369 10 14
254176 4 9
4114862 11 64
166689 2 26
1329742 6 66
629094 1 111
735156 24 6
436399 12 9
14782026 59 42
6913488 7 140
8363996 84 47
3330782 21 23
2660713 24 16
2222048 38 14
100794 5 5
4239507 28 31
1289754 34 19
9792543 46 27
1735956 8 45
3344704 11 58
139875 1 82
1206968 4 48
95406 5 18
5930 1 1
1249439 13 13
3500367 10 51
779507 52 8
14786810 19 107
738429 20 5
10142534 40 47
106673 3 79
22121799 43 121
1325363 3 110
295897 29 10
876254 13 32
3772182 18 67
9459886 37 39
119718 1 26
4849819 16 41
5971449 25 52
5170473 25 41
446733 35 11
1696342 3 92
18466 1 15
98408 12 1
107767 1 26
1138183 38 5
22127739 40 85
1517857 8 39
55882 3 18
1858280 13 27
557120 6 16
25309 1 60
14869 3 1
1126843 8 21
2565683 82 30
3330847 14 34
1080204 41 19
1241730 8 58
48759 2 10
11361602 14 108
812030 41 6
850788 8 14
3004091 32 21
17860113 70 57
1701841 9 29
1709755 19 37
69920 3 6
715691 3 119
13156902 27 82
1162280 9 21
304681 13 28
7136303 55 20
455605 3 110
2101553 4 122
1584676 11 33
15563 11 1
638215 2 99
87071 3 7
40662135 137 113
38356 1 64
18547661 51 79
3190288 13 47
3712993 15 34
302990 4 13
3174457 28 20
70905 38 1
3925475 13 42
440618 6 12
822249 95 2
1599717 8 27
299085 2 51
4624486 7 83
841119 10 18
1014913 4 57
1799295 39 6
6398482 17 75
761793 8 17
182076 1 31
3135422 20 32
95903 2 8
132881 13 3
2282175 28 13
137528 3 10
160181 2 61
15855956 60 49
18194794 73 70
71301 2 25
149648 9 3
35730692 55 126
6303676 12 71
10644140 22 78
352731 18 19
2163750 5 58
993568 2 92
6931116 69 23
178875 45 3
181547 6 9
2649605 22 98
893523 31 15
274755 2 22
858229 29 71
1441258 13 14
1103300 2 113
12059 6 1
439249 7 9
1439623 14 21
121139 1 33
10558053 18 102
52446 7 1
1834987 23 11
1883142 45 49
30542 3 8
890522 7 45
441 1 1
571956 1 78
6529159 13 109
411619 7 9
30890 1 5
585635 1 96
424439 8 11
6281445 87 35
1217754 17 12
325370 1 58
6026197 43 46
116666 1 24
346003 1 52
72114 12 8
103826 5 4
87841 37 2
10135390 25 95
7198424 56 36
10488193 44 43
7837 6 1
210797 91 2
194599 8 3
203303 3 12
4295440 20 34
2618752 7 66
45601 1 8
177160 22 3
16833978 53 101
700330 4 29
15141 1 9
31765972 127 35
46357 2 3
309974 4 10
597666 2 53
18601 2 3
32826 6 10
289966 30 2
208908 16 14
14958464 70 32
65805394 72 119
14851761 73 48
415278 5 16
1598941 3 89
200308 7 5
286723 2 26
52941 1 8
1131020 27 37
4171179 25 28
59652 8 7
1238287 7 32
370374 4 42
1087676 15 73
1272473 11 15
7246095 24 41
2284197 40 76
1365872 7 30
24027673 52 66
465765 5 79
2580480 19 20
13613781 24 117
3168834 45 14
74952 19 7
1806683 7 53
287953 3 32
2540335 15 35
461940 4 27
2606269 19 17
176273 11 2
107550 2 12
395758 5 10
462695 34 7
33551 1 5
411702 9 8
83714 2 23
14852323 86 27
19635 1 12
3552237 29 28
821598 14 9
12555 23 1
123901 17 3
295534 2 50
668763 21 41
66631 1 10
1190307 51 20
1773281 8 33
130756 12 8
157742 7 3
4145064 9 65
948021 5 36
7373440 62 18
5961473 40 27
8988157 42 39
150248 9 5
234833 16 6
4683 1 3
799565 7 98
3040173 40 92
5824089 45 90
27914 1 6
1626968 37 40
695376 21 12
4094945 42 63
271987 21 3
13225448 64 44
2297198 3 106
793748 22 34
10582173 25 56
1921518 13 47
1345233 37 6
1243849 6 70
1045050 54 46
477948 7 52
2335545 16 76
541954 6 84
79329 1 13
93413 3 29
890370 10 16
1894887 6 62
178208 12 28
967799 2 63
57203 1 9
15669604 32 60
831661 2 69
168655 4 6
136483 26 6
360073 1 85
31042 2 8
15635604 48 51
906597 4 68
6957917 88 10
4242840 9 58
925083 18 9
303667 6 7
990615 8 30
10364532 17 118
27494 1 4
5134273 30 89
64869 1 13
216813 3 9
6474617 35 30
60718 3 3
155639 2 17
1890624 56 20
7316913 28 47
2361525 9 57
237648 1 47
1380504 4 76
2618885 11 33
12367 1 3
1390932 11 44
15897 1 2
82077 1 10
16394 1 37
191918 2 18
371743 8 9
12435585 58 29
187139 9 14
307188 3 17
85018 2 30
16639236 130 18
191229 2 45
1425648 84 3
224155 15 3
1382868 4 45
420762 2 54
12214412 46 40
1477655 21 11
1845934 7 62
457177 14 56
230617 5 26
747187 3 60
470839 32 6
6790828 41 30
171315 8 3
3519371 28 25
12658 1 13
7819820 29 54
39322 2 6
73928 5 4
330718 1 48
2078956 33 22
29446862 84 45
962903 36 5
536232 19 9
4664647 11 105
43054 2 3
7389996 21 44
7177601 39 27
24528 4 9
9419194 12 108
1643683 6 59
4415976 7 114
450548 14 28
140021 3 15
6636751 30 55
695681 2 111
1818958 3 83
268378 2 22
2898613 5 87
3248840 19 34
2094114 3 109
2002596 19 21
322464 23 2
1692605 9 26
149332 4 25
1029924 5 76
1297034 4 87
9044390 26 61
1944001 9 62
33691976 87 85
58743 3 4
287322 1 71
112093 2 19
302054 14 6
15791 1 10
859041 68 2
159933 3 77
9613394 51 23
2177695 14 28
20693 1 33
9290245 53 27
2996294 36 15
6881151 10 131
1808151 10 28
101988 8 5
127412 37 3
16929791 43 49
1309189 18 12
1662642 11 25
1238001 7 37
59180 7 2
34455 11 4
33244 6 1
3530294 7 122
3847773 9 93
648692 74 2
3741841 12 93
34021277 93 69
19481883 40 113
4227077 33 82
760775 2 72
29389 1 5
6014609 28 50
117657 7 4
246738 4 41
1636135 3 85
6755045 41 25
28986 1 45
1240 2 1
1004577 9 19
4355796 30 20
1334924 11 20
613394 2 144
5853910 28 36
4797885 53 13
535275 7 46
411957 5 26
145831 5 7
735086 34 26
963182 2 109
1484129 15 18
1181859 9 27
5916558 21 54
4130368 12 94
548800 6 13
14260476 62 34
1775580 14 20
5336555 17 51
44962 2 8
3025570 24 18
31807 3 3
76419 1 44
4686537 37 22
13008822 104 35
1902250 13 34
1695901 24 10
513065 4 24
10887295 23 86
1940588 12 35
216838 5 9
176333 26 10
77464 2 8
673206 11 9
5774402 55 22
102298 24 2
2076121 11 33
8224681 41 47
72238 2 67
335477 5 9
820621 33 22
205308 8 4
22578049 66 103
180565 11 2
1602058 21 54
263443 4 63
249004 6 7
595961 1 95
763139 7 15
76438 8 4
165024 1 73
1821642 6 42
550717 20 27
494078 2 45
824702 3 52
114601 33 1
23855 1 4
1480956 97 34
630599 15 79
25803400 47 131
27595027 57 95
120915 1 15
1332530 10 27
48038 23 1
10188244 35 58
36057 45 1
46505 1 82
3709455 14 36
6188093 20 80
6962739 16 80
64045 2 44
101555 15 1
7252756 28 62
424140 2 26
2200933 17 18
7087396 43 26
85902 2 17
96127 3 67
8513 3 1
673343 4 39
692491 1 95
2720493 12 41
5549 2 1
295889 2 25
19936897 43 68
373802 3 16
889259 29 31
95311 6 3
9153951 46 55
10529581 108 15
1772764 4 65
234878 5 88
192370 4 30
125208 38 2
260297 1 34
5440480 75 19
485465 4 24
215545 1 32
239108 7 11
21390781 22 124
385168 6 11
747864 12 8
600670 3 71
1057557 1 143
21113529 119 28
155063 9 3
1799315 7 34
5083598 12 83
1167474 4 57
4740792 6 128
1099718 19 10
3125507 31 17
1225096 14 66
667482 2 79
209663 19 13
3328021 31 24
129991 1 17
280887 8 7
50409 8 2
79025261 101 137
166039 2 101
4922246 11 98
39953 5 3
147868 2 60
573639 12 20
145642 29 1
379165 2 36
4711 2 1
3034910 13 41
4869921 102 13
81096 3 38
3260723 15 43
110927 2 7
4373527 31 18
85756 3 6
1011378 12 59
490860 14 6
1580859 3 92
61185 1 12
75435 1 46
128250 23 10
253422 1 49
2270684 15 83
965664 11 15
2373969 62 21
164272 6 6
23909261 79 146
3453086 29 17
140903 4 6
97691 12 1
1105520 3 61
71676 7 16
7714264 22 53
137237 3 13
148088 2 9
1784059 11 37
80020 1 10
116823 30 8
117748 2 14
371582 1 112
1768198 8 48
393107 2 85
4467161 9 71
96369 46 2
203990 2 57
496487 1 69
1276849 13 21
2349488 39 48
108329 1 92
505374 15 5
40884 1 14
4520828 20 36
250631 10 28
36800 2 5
80869 1 14
5130227 12 78
596028 47 3
1308505 6 49
2841391 36 14
2244 5 1
6938555 27 38
24849292 76 42
7526295 35 54
1848250 18 14
103888 4 5
2234349 25 12
1537231 11 18
203835 2 31
175966 4 6
33026014 79 57
4166417 22 28
1677901 13 18
787585 18 10
336681 98 3
76999 4 7
441225 1 87
394954 30 3
5786201 37 58
7984 2 2
4764661 22 47
84755 7 13
14993 2 7
90165 1 12
3390264 98 42
43085 1 12
7950806 72 14
6545579 38 26
303463 2 29
392313 1 79
115560 8 7
55968 13 1
27440308 71 89
18437645 48 64
3092401 124 9
4121972 23 39
20915285 75 56
1597301 18 28
1334566 28 37
114713 21 9
1074631 47 5
15143483 41 49
132820 3 52
1297145 3 81
1032702 9 20
181186 6 7
14030566 26 91
4087491 13 107
3447197 27 26
1648912 18 14
532025 7 19
38927 1 13
2788265 13 78
89454 2 18
3347037 44 90
1823 2 1
1191561 11 23
2941316 7 97
6901922 9 96
742100 15 10
348746 3 16
555697 81 1
28354 2 17
2201115 13 30
85948 5 7
103699 8 5
5206321 131 16
479782 29 12
1075501 6 33
3120129 9 64
113273 27 1
110850 1 28
1289676 23 34
71461 3 5
378698 2 27
778034 5 33
7512545 82 18
4532460 60 48
10157 1 4
250909 1 41
27168188 69 90
2758874 6 124
862119 16 8
3737806 32 24
2379647 12 43
8218311 13 90
176605 4 44
244438 72 4
62419 5 15
9387299 55 28
30576650 45 109
106036 8 5
180455 1 52
655707 7 37
384580 2 28
6270648 7 113
25554 4 3
63952 5 3
1096188 10 46
361160 6 8
29278 4 3
755634 26 4
119377 8 2
2140465 18 48
399488 8 40
3896602 18 54
292444 7 7
136361 5 5
336819 25 3
6966457 22 63
36025 7 1
1947635 71 5
137134 20 1
25977894 49 104
613167 3 52
2952190 75 9
13655409 78 34
384136 1 56
786512 52 2
173736 3 15
2686852 63 10
462494 8 13
1886908 5 81
249572 3 21
918863 14 26
1367081 7 34
951906 5 44
18377060 37 118
1212627 19 31
123026 5 13
91995 2 7
64226 8 8
3349838 23 32
2756142 54 11
10866343 13 113
22230636 97 39
11686522 51 39
59971 1 10
610153 11 7
167727 1 38
1620040 39 69
123162 14 3
35276304 65 118
14805788 42 45
115476 1 27
125657 1 28
164001 1 89
4511454 7 134
836625 33 26
185095 1 93
359528 2 26
132359 1 18
2130126 9 29
15603759 25 105
2278413 5 71
1699115 29 59
1434745 3 111
163073 16 15
8304730 17 92
88593 1 40
341856 10 12
672673 6 19
1456928 2 113
1707143 12 18
906482 53 37
507438 2 46
3756163 13 43
1976380 45 62
31771637 103 38
3820 1 1
716588 17 46
1106764 6 49
9272342 58 26
739079 14 81
554607 23 4
315897 5 14
2595380 33 16
4519990 10 93
1520673 12 20
4195641 12 45
1743681 29 23
3317390 89 21
656071 52 3
13541187 104 18
1516690 8 38
16687065 61 50
1281147 6 45
3373 1 1
147086 3 16
2220057 79 29
36290 5 6
144388 2 89
436527 2 63
1975815 30 66
357122 5 44
610181 6 17
1307308 12 37
6720 1 1
24512068 96 135
3260 1 6
2781870 26 23
488125 7 36
125545 1 16
24454 1 4
2995 1 2
3715427 20 27
1850771 19 52
3258966 8 51
2040846 12 45
3072191 18 21
2416326 15 25
8857095 14 84
880089 20 56
835746 2 65
1757611 47 12
157249 6 58
1123662 11 13
7238790 58 27
87242 2 22
2643553 36 31
11922517 47 46
8187241 12 101
2572478 17 115
71747 15 11
16851675 61 62
10097980 24 133
352977 21 4
2404483 27 43
166820 1 58
107873 4 16
294757 48 6
2262633 14 20
1905688 18 66
336607 11 6
138423 2 31
7368403 51 24
96248 1 52
64846 1 10
543026 31 4
712202 7 15
1276031 4 69
646760 1 104
2433455 10 44
74717 1 12
943688 11 17
1478087 11 23
1110623 50 24
1358067 5 50
12422 1 3
4252637 7 101
136818 9 17
69652 2 30
175013 1 70
878865 9 35
22552250 74 63
1814336 4 62
36333 1 7
108067 3 15
7043 1 8
71803 7 4
13338044 26 100
2289329 32 9
726623 35 4
808596 19 9
2675683 47 8
40510 2 4
1889854 11 48
1343055 16 21
4991833 26 44
5264886 27 105
978611 16 17
225767 43 8
6803875 19 66
905689 26 17
46127294 118 80
7531716 11 124
403385 3 20
8942919 18 70
111931 11 2
10030583 16 103
2227 1 1
1478127 13 50
733371 5 19
5709790 29 35
2715535 24 15
1367701 4 42
6541624 43 23
378959 13 4
18527 13 3
1948169 11 40
2666653 14 35
4199601 46 13
28036 4 3
146991 1 49
766086 26 7
4726252 16 56
126960 1 19
38307 1 74
626112 20 11
233973 1 40
5806108 88 12
14368 2 2
12138100 59 65
460205 4 22
660154 3 42
909333 4 39
77250 6 24
24756932 49 98
40825 16 1
261451 3 47
2216561 16 19
967750 9 53
4300572 15 66
1180885 76 2
3775705 20 36
243903 1 57
563965 80 1
1115204 10 18
6154307 16 81
161210 12 3
1171021 28 66
1019413 2 98
2834090 14 86
8030713 27 66
1261251 5 47
1051180 6 27
8327184 83 15
1797934 43 37
3482183 15 100
4675088 53 21
516 1 1
357122 2 33
2359091 22 22
1869643 39 8
715093 10 17
5634 1 4
488006 11 9
884989 7 26
2527269 38 15
1230464 14 15
683264 2 80
140557 9 16
1010500 2 67
18432402 40 75
5779930 23 74
919003 14 10
281427 25 17
697332 47 12
17172915 24 137
4565 1 3
6254 2 1
183522 6 55
932483 21 7
98338 8 2
682959 2 47
2821397 50 7
503929 1 110
1923711 10 53
39703 2 3
4397091 57 22
21742931 56 53
348594 3 16
1438952 10 41
51461 9 3
8557 1 2
29515 1 13
802459 11 14
254547 11 4
1975320 5 90
7234173 20 55
1046457 10 24
3927990 14 40
6300126 12 64
474294 8 10
119698 60 2
1500059 14 32
2989274 37 24
649536 4 31
742130 8 67
1364405 71 35
16827787 30 102
1965389 48 10
197191 1 47
4089427 9 73
3056623 15 43
897197 21 39
3548893 36 30
28915 1 9
2450239 15 47
9917891 53 26
3627948 18 70
5449650 14 49
8668125 27 53
1100669 5 44
3872736 7 79
328293 70 1
86716 16 1
71174 2 25
693795 19 60
2043355 4 64
840491 2 79
2323627 14 26
262250 20 2
585913 1 117
500172 1 78
41311 2 3
44334 11 1
140428 20 1
40897 9 5
2001803 5 55
7229080 25 69
680444 3 47
2248814 21 24
536852 9 12
253748 2 61
8978894 35 54
9117 6 3
3296777 24 60
66717 61 2
355911 43 2
260616 2 27
185375 12 3
14858295 30 92
83741 3 12
2413631 16 29
2359743 29 17
1439500 6 66
565737 4 18
612509 19 5
1157029 19 14
2216711 26 31
301272 1 103
2834073 50 106
9229535 21 84
61015 2 34
139152 33 1
374993 34 2
201108 3 9
244878 1 51
7749396 22 77
1118948 23 10
1295466 14 13
698507 1 106
1100764 16 14
105941 30 2
379267 1 77
1676836 5 83
507382 12 28
3688734 38 18
2142107 5 72
251271 5 9
396633 1 62
3396978 17 80
523245 3 24
552705 18 21
183756 1 41
2304495 43 49
207017 7 28
9728146 61 21
198178 5 22
733891 2 70
1834809 8 72
6089142 10 115
201068 4 9
399816 5 56
221416 1 27
167911 19 5
367587 13 8
6645912 27 54
1272879 15 13
980291 7 94
13557 1 3
1511843 31 12
99642 1 20
2650971 12 43
3566153 26 23
4720 6 1
2610541 15 34
2454855 13 58
1142229 14 12
272981 21 19
303345 6 9
295805 1 53
732977 44 11
4114398 26 57
1519124 39 27
1337485 23 76
679520 45 7
25518567 44 133
11937 1 13
5708243 14 95
25354 2 3
15345276 21 106
2172236 36 8
2827170 23 35
373504 2 53
1248657 3 55
203122 1 43
64923121 89 107
14705740 21 116
271629 2 17
1799230 6 49
2350002 8 65
298478 3 22
83001 17 5
3374 1 1
506169 1 65
210191 1 29
35879608 63 127
8783368 16 88
5215128 18 61
1883027 22 38
313058 37 2
16955423 77 37
22643148 34 110
47575 6 1
2952733 42 9
615363 25 38
1578425 11 115
1497877 11 18
334458 3 55
2223626 23 22
19759160 79 50
1477731 16 16
39834 2 23
442933 14 12
420169 5 14
964735 20 14
5088186 30 23
628592 20 19
974547 8 20
65730 1 57
468950 8 23
926618 11 16
7286109 19 87
1951789 27 60
17041781 67 136
4462498 62 56
1191756 5 46
1101901 24 12
785495 1 97
110239 5 5
586164 1 126
20212 1 15
78356 1 18
3873449 18 38
13195889 29 101
1434129 36 8
21543209 45 83
27074793 59 67
2594661 32 18
201478 2 48
18379871 84 27
1369347 14 21
1220098 43 25
1527067 28 41
4655242 61 18
146683 2 30
1261760 21 27
644303 1 139
2431574 9 34
288645 12 13
41626 4 14
458822 22 4
201277 14 3
254975 5 10
500252 22 8
174982 3 10
58264 1 9
3383205 41 12
3380382 5 87
176534 12 3
13564507 31 72
2756500 37 11
483082 2 40
1985087 61 60
193987 44 1
1487223 13 20
3576642 12 60
3607910 5 140
1451951 9 48
622787 3 29
61005 3 4
257670 18 10
1322805 13 80
5017322 115 9
6734 1 1
1436818 15 23
650754 6 51
18575562 46 66
11115940 113 13
684904 3 44
15875 1 5
76572 1 12
535376 3 50
6029916 16 127
1911819 43 50
8965935 22 55
33902 5 5
1275327 2 87
783142 3 107
718342 43 40
852600 25 51
5091197 38 67
89699 2 44
819580 6 78
386633 1 60
57020 11 4
