150 4155 3319
22 25 1 5 43 147 134 84 72 65 138 79 72 44 39 70 57 114 124 92 27 146 101 8 94 7 71 22 111 68 22 105 49 103 12 127 20 65 21 4 81 88 99 138 140 29 61 148 125 145 6 126 1 30 146 10 132 70 127 15 143 90 124 146 37 94 29 103 35 106 18 144 35 53 136 123 77 1 63 23 148 54 101 57 77 140 27 4 68 29 97 120 106 36 98 38 120 20 78 30 56 34 104 36 14 27 38 48 56 113 23 2 113 80 100 87 95 124 74 58 126 31 93 84 49 141 122 27 129 101 69 79 49 113 2 11 45 108 24 69 122 146 84 61 88 4 10 61 146 123
860137 26 34
2098969 30 33
445227 26 41
3196626 14 100
1215352 111 4
412518 26 9
19642 3 3
156239 10 13
293552 3 53
52054 2 64
424293 3 57
339602 9 26
240285 9 51
23078 19 1
45769 9 10
561756 8 41
891801 106 4
436561 18 25
4014941 25 87
305967 3 35
255783 38 39
13677 7 4
13734 1 12
26571 3 4
639777 56 43
14805 35 1
225640 8 15
291512 11 10
96171 53 1
7010 1 7
2755 1 7
1446934 19 28
1474769 29 28
569752 21 13
119520 23 5
349662 5 35
328934 3 41
4711676 46 37
94542 15 2
41855 4 5
260875 7 15
3237 3 2
846219 16 18
2102462 23 49
1878837 68 69
265890 2 74
242588 2 45
891 1 1
1735728 18 36
193193 5 19
52668 1 18
34709 5 20
14543 6 1
1042806 24 40
25402 1 68
10377972 93 41
7701 3 2
1854832 15 62
289317 7 18
913482 7 59
3180073 58 23
147730 4 12
4963951 30 55
189574 2 38
67519 44 8
9413 2 7
341852 18 6
542791 16 73
12070 1 24
278652 3 33
43467 25 1
123359 10 18
27776 6 11
15514 1 8
8934126 23 134
1101901 18 60
1030844 73 7
18329 2 3
7470400 70 68
681402 12 32
14867 1 10
19607 4 4
2084169 9 114
99347 5 11
4090924 61 68
1181070 32 32
33838 8 2
31457 7 2
254781 6 15
1538697 7 108
334252 11 10
535567 2 94
185998 15 7
12190 7 1
446195 46 5
128340 7 58
602248 3 108
303487 17 66
65254 6 54
163401 30 3
3085 3 2
266179 19 16
759033 51 20
11282231 33 122
817127 18 18
2678978 66 13
152474 63 2
7879 22 2
186230 6 13
450133 4 52
5209659 43 39
8162 4 2
44706 3 5
128719 21 3
5856779 21 102
35464 1 69
730520 34 8
7131 2 7
55101 26 1
826777 119 11
640792 4 58
1274059 5 78
3250051 12 100
236607 5 25
292591 6 83
8907906 65 58
2495066 110 81
346829 2 140
371355 3 55
99035 3 22
79187 3 11
144975 4 20
2360639 20 42
721638 7 42
3760110 41 29
1547 1 6
72132 3 8
635650 6 32
15379993 33 147
4445844 19 96
4707225 60 32
2750 1 12
474929 11 34
893487 36 23
509926 5 50
1418850 5 142
1784279 55 17
59403 8 6
808387 4 71
311295 48 28
26904 1 22
264205 27 4
4385073 32 64
44924 1 17
5304915 78 22
20455193 94 99
15717654 108 80
379117 5 42
52628 2 58
688382 39 50
2293232 42 47
294166 4 41
401805 42 3
2519037 35 28
327163 25 6
36596 11 2
1977279 32 51
256477 4 36
179898 13 31
1371409 40 71
303169 1 129
39303 1 13
75495 28 8
55956 24 1
150362 5 13
153252 1 116
1714846 33 21
49507 1 16
29268 3 5
2032900 11 59
348566 31 60
1311761 19 42
2272824 25 66
930620 31 14
4495468 19 130
1585486 12 74
1443840 9 65
342859 15 14
7461 1 5
82416 1 45
129165 2 105
458511 4 38
115506 34 2
466905 10 16
279891 1 101
4498853 50 53
743045 5 56
384299 34 28
870901 4 106
2817 3 1
68385 4 8
198591 4 20
41515 9 4
345291 4 75
377152 8 23
1717645 47 12
324907 4 46
17377130 56 105
164363 9 6
27598 4 4
78071 4 26
2558 2 1
1227187 10 73
527947 8 30
305006 5 33
413503 41 14
57994 22 11
3869697 23 62
2448139 31 43
118844 11 4
60748 4 56
35051 29 5
1327700 13 33
2530575 17 75
1100719 12 28
75605 3 32
1222202 5 134
7483 3 1
187166 7 37
159189 4 48
10141 5 4
4727757 22 118
818252 23 30
29995 40 2
23101406 79 109
9913211 27 114
357374 30 13
28027 2 47
9096 1 4
78376 5 7
230696 28 7
219091 6 29
59140 1 26
3495 2 1
343951 2 98
154467 27 2
232463 8 145
3085694 19 64
2671922 35 37
868026 32 51
2345121 65 15
105878 38 2
90221 3 20
190370 10 9
105331 1 41
450344 16 15
77378 2 14
71784 2 57
392149 6 36
37989 3 39
5527 1 30
6024692 66 41
604899 3 77
554472 51 6
46660 8 2
403594 2 71
361023 51 24
24627 2 21
3713823 16 93
249221 10 96
533036 8 147
597238 8 29
10253 1 30
1018 1 1
3403638 23 69
116203 3 41
146631 12 7
1506 6 1
582469 11 56
4312 3 2
10234 5 7
58742 5 43
6842338 44 63
2462434 8 99
321259 23 7
25611 2 4
2477 1 8
112183 2 38
27776 2 44
575880 15 25
35028 2 9
5616952 52 82
889798 25 68
296174 8 31
7083 2 2
18554 1 14
183875 28 19
124668 32 2
59122 1 29
3536590 56 34
836247 22 13
68443 7 15
569035 8 34
1375876 27 22
11371 1 37
4096518 22 93
425676 12 47
309782 2 76
360255 3 45
28050 1 13
10040 1 7
2248 1 1
7990 1 3
99159 5 10
245395 4 33
11936 7 4
230499 3 45
7095 2 2
932552 30 35
242683 9 10
119486 4 123
1391876 28 15
7887611 27 122
790 2 1
5516037 33 78
1006113 21 26
530586 12 23
249391 11 19
485788 17 10
11645 1 8
18693 1 7
120816 25 21
1076570 10 39
5691859 31 58
25711 1 58
200089 63 2
2437 1 9
623615 47 7
3742655 51 25
308054 7 120
1901786 47 18
2362502 22 60
161263 19 33
51933 1 23
357755 71 3
99947 2 20
996 5 1
497600 16 38
261214 93 6
917305 6 98
8904 1 9
86322 14 2
1260412 15 47
405000 16 8
288388 19 7
4629564 42 41
45021 20 4
10485329 42 108
41680 7 7
286799 10 69
5919094 31 61
31655 1 18
36505 1 25
900384 5 102
4225051 41 42
266628 39 7
2081674 27 40
1174612 92 15
1727219 12 104
64367 2 19
238512 30 47
138031 6 24
328375 17 39
600175 19 61
1874916 10 108
386015 15 14
153489 5 50
10426538 97 75
67241 7 10
56529 25 1
21984 4 3
842455 85 3
100445 3 13
134084 35 15
10817468 69 63
5819503 93 22
699734 3 80
3984 1 2
90135 64 2
28233 4 22
24989 16 7
862374 56 5
182073 2 45
47942 1 29
3622281 16 86
16891 1 21
3995854 22 74
2365737 23 36
136811 2 61
200855 7 15
2246898 21 86
677986 31 11
285882 48 2
1374608 24 20
12608 2 10
559595 5 50
3379140 20 53
285984 27 10
1222759 7 54
203763 16 18
58703 1 20
2214952 12 101
95229 2 21
262363 10 95
20113 7 1
73625 37 2
1252742 12 35
798385 6 104
2260 1 6
273374 8 17
176985 32 15
95173 9 23
109548 2 24
10878272 41 123
1433116 8 115
674277 5 81
74156 1 42
882385 11 44
312390 3 33
2193288 15 73
2381362 19 40
161254 2 31
29643 5 2
47833 4 8
577477 36 50
206141 7 9
288198 15 63
242830 1 112
495065 3 62
2635 1 9
13649 3 3
75585 2 39
3457 1 2
195279 1 119
1460713 26 49
2092838 32 62
575079 26 8
1282778 84 9
1574495 10 49
11703 1 14
5337187 32 114
447316 28 5
61636 90 2
995022 5 119
212322 3 36
219224 8 30
91175 5 81
1246282 17 36
688496 2 127
107472 18 3
436074 21 32
354068 10 46
176657 16 6
970180 4 120
163996 12 82
15991 70 1
10140 1 4
436575 19 11
2718313 16 66
1134903 6 74
2483266 97 17
2331341 19 93
69096 1 36
45207 1 31
635327 5 69
11832 12 3
135521 2 26
2496012 10 83
10464386 36 91
97264 4 11
1298715 12 46
309387 6 34
600022 9 39
211463 4 36
8181 1 8
37105 1 41
3137085 65 100
2491189 26 40
139944 13 4
1486798 14 36
17262 3 3
2920082 47 27
2177891 97 13
964156 6 52
188146 2 41
29760 3 4
38938 2 11
182753 10 8
69483 4 10
168290 80 1
12721987 128 49
4224364 28 46
4160515 38 39
729360 64 7
307481 19 9
143297 2 39
228776 4 24
154946 17 5
1711 1 2
18851 2 5
517273 26 8
54593 22 11
211171 5 34
20160 9 8
603435 93 2
71777 7 4
8413318 42 113
40172 2 15
24248 11 2
1648815 20 26
63107 27 4
28320 15 8
78367 5 16
184388 6 13
74666 1 33
37977 1 12
384187 7 17
130753 2 29
95630 1 57
305497 22 16
213350 2 38
7976376 57 58
791482 7 86
361458 7 23
272985 1 148
121278 12 6
318520 2 49
93753 4 22
11550169 55 79
1156054 35 20
650477 69 13
1433741 10 74
75568 4 10
1285746 85 23
884114 26 11
222579 3 23
1776501 7 83
90321 1 109
100419 66 1
1850636 12 58
167617 13 4
437852 3 74
1594562 10 60
39806 6 35
78448 10 4
6069582 34 100
9593 1 4
79998 1 28
30313 12 2
146393 19 16
2715350 32 27
33085 1 25
22124 1 15
1720431 15 83
2377743 35 22
234340 20 7
536232 7 143
140123 32 18
2120023 18 49
2365992 59 105
1422417 29 31
228423 36 20
100182 31 8
255568 15 6
8420 2 4
1898454 14 97
2040258 12 53
31080 2 7
33704 1 33
96775 8 9
1541984 15 31
12410 1 5
11960902 79 73
57871 3 38
140157 4 53
102238 1 33
13841 5 14
1137246 48 9
616469 35 47
21788 11 4
154871 61 11
6146240 104 37
5183989 64 48
36279 7 17
4309 1 2
2982576 67 16
1667999 14 46
116868 5 9
487522 3 96
1660317 10 82
4482385 95 56
763580 15 92
465758 14 19
139114 11 8
73490 20 3
25240 11 3
345159 27 9
11697728 51 90
47700 22 1
1738316 19 79
5591 8 4
163193 3 25
212039 2 80
730900 2 119
16232 10 3
2004802 8 86
1340852 9 149
71836 5 25
6500221 66 32
1228358 26 84
1824149 34 22
136852 8 6
167070 4 23
646567 7 30
5157133 32 64
110386 2 28
1810841 9 62
380320 3 41
149937 9 10
391495 9 25
4351743 15 104
565779 4 63
1278428 6 85
340730 8 54
68215 7 6
153096 1 90
653831 5 82
3920420 56 31
2556 1 14
2448281 48 52
5839199 25 77
567279 9 25
609278 18 29
1161529 19 128
1027 1 4
430109 19 16
6921 13 3
630952 3 98
1513643 22 41
127795 4 58
134903 12 67
221131 11 11
521926 18 14
5134543 57 36
99592 15 4
1941232 46 133
103337 2 20
110744 13 4
92802 37 7
770178 16 66
3093394 34 116
6539363 26 120
2528064 11 75
906911 5 83
140335 1 48
1337371 11 43
185064 1 63
41306 6 3
114019 4 35
1100039 48 12
42938 3 52
135582 6 10
19311 2 51
2964507 15 78
1249620 17 27
3807454 53 30
159423 6 11
961845 18 28
390284 11 21
205108 14 7
706439 15 72
1210080 10 52
3345175 11 97
1689769 24 30
251035 20 4
481820 41 12
2438801 42 48
892406 15 75
233270 2 51
159818 7 7
40630 28 1
119372 3 13
1245269 31 81
584129 29 10
152173 10 8
2471 1 1
381264 2 94
2455873 88 35
266438 6 15
221123 2 66
174066 4 26
81471 18 11
1095881 30 114
1271299 26 18
81611 1 45
1358515 69 18
214459 57 2
19349 4 4
4018998 31 65
3772401 119 22
3828444 28 79
259354 13 9
16247 7 1
29100 1 24
2806 2 4
8887 16 3
136867 15 5
1047989 16 25
140049 2 25
194712 3 37
18623 1 7
3353163 58 26
193346 3 20
578318 3 89
8539201 49 81
283283 3 38
1021938 102 4
816601 51 5
629301 10 20
5498 1 17
851927 3 117
2048496 20 65
138142 40 4
173137 15 4
112080 1 74
354872 9 16
735317 11 48
11585495 49 97
41922 1 17
3432286 23 64
269419 17 8
188496 8 12
2029951 49 77
19075 4 2
5659 2 1
366272 29 24
327326 42 32
1861174 8 98
185529 64 13
8561050 32 112
15452209 73 87
1410739 96 78
7224316 49 64
454521 21 10
277194 26 4
631491 6 69
1724674 23 74
340250 17 7
94407 2 121
213311 25 6
90786 33 1
745497 37 20
936254 51 17
133572 2 26
308694 16 7
411144 18 20
29161 1 11
9876266 56 77
25265 12 1
765973 5 77
8110 1 3
22966 3 5
2536684 105 37
1316198 65 31
91266 4 8
653957 8 43
132081 28 6
335359 3 77
1216343 20 20
44360 1 21
245476 23 5
648034 3 116
202639 1 63
1815355 27 31
2257677 40 32
6168258 77 116
148217 3 20
10708 24 2
111237 17 10
117937 19 3
97247 4 13
598972 26 8
202103 14 30
850380 15 26
334527 35 4
21392994 83 101
516970 21 70
2041992 29 26
1505925 11 46
636512 5 61
2439102 50 18
2335317 52 15
36874 3 21
4663606 70 87
4395717 21 126
89491 1 41
557287 9 24
1473855 19 27
850903 13 21
17722 9 2
41832 1 43
665881 21 26
6128174 73 35
37822 14 1
484371 5 49
291625 32 13
70255 13 7
3658 1 16
186634 2 79
1962756 18 42
2056641 20 38
3808947 28 72
615507 6 35
34038 2 9
53127 21 3
7091287 71 60
242723 10 35
3385209 32 37
599005 12 42
88789 1 52
16851 1 10
145299 23 34
45439 18 1
228945 22 4
175007 1 69
425409 6 73
4593171 102 31
172607 56 1
221856 9 8
27344 1 12
264474 2 84
6250369 68 29
779258 4 92
1260387 34 15
379137 5 24
1081325 70 6
118517 2 19
83028 16 7
415664 5 83
38202 3 52
72714 5 10
338256 16 32
342707 2 77
3069 2 4
426505 22 29
12036 2 11
103792 14 9
2968881 51 40
268711 23 52
37885 8 6
2857047 32 49
177952 51 3
850 1 2
92242 1 36
1619060 8 69
2191748 51 17
147527 61 1
1196179 24 18
1902017 23 70
15949 2 5
184571 7 9
15271 1 8
11587 5 1
219239 1 84
40560 14 4
518597 4 63
47951 1 59
3542587 114 16
131839 21 3
1026813 5 137
23205 2 53
1395263 11 50
95499 1 32
620553 37 48
9260297 41 104
7381912 84 32
359983 52 29
870799 21 18
312844 19 9
5238047 25 98
465167 22 21
770375 4 77
1067302 44 8
233153 6 22
545169 30 16
317325 57 2
35270 1 11
1313943 35 19
1246661 22 34
3639346 38 98
12172 3 4
78679 1 42
27055 18 1
45923 3 18
2752 3 1
5959080 33 66
1962559 10 134
1703288 78 13
219426 3 29
14613 32 1
969892 38 9
1048541 54 90
14098 1 7
127847 29 18
111674 4 57
1129085 8 82
183772 15 55
1076539 7 85
769031 20 36
26327 2 12
1376854 9 52
2387211 20 42
39304 1 17
774738 10 148
101911 4 10
2961221 16 61
304067 3 44
60481 5 7
165171 10 67
75931 9 13
379779 17 9
1992685 16 65
9786 1 6
26326 6 19
399 1 2
175411 9 15
208585 31 4
923472 22 45
1156191 10 57
263762 9 32
305555 24 63
19501 3 16
1316932 58 30
9744600 29 103
71048 10 6
957938 5 90
11470 1 5
429146 15 16
1777297 28 36
786855 6 60
6611434 59 58
73920 8 15
288980 14 21
60128 1 29
84198 16 26
49964 7 5
24912 27 2
78645 7 41
277062 4 45
1416977 9 52
113825 3 16
2357710 36 25
11453 4 1
1744055 36 25
1241143 5 127
20528 2 4
1455268 4 118
181240 4 79
2345146 15 58
96689 1 56
8884 1 4
2217664 49 17
583471 57 44
812954 64 23
7568664 39 111
36948 1 55
844900 38 30
277931 6 25
3101165 20 53
259049 77 12
5311 3 2
210995 3 50
1315 6 1
4932116 26 80
178751 8 9
376626 80 17
50225 35 8
15483068 110 110
337695 3 36
2260573 79 12
350572 16 18
844289 8 33
685849 7 125
2876816 14 77
1438926 34 65
17899108 67 85
15766 1 5
7538429 74 61
2272583 9 117
396585 44 5
68674 34 1
6468587 29 71
194461 7 105
76891 1 34
170122 2 44
15784 11 5
70365 1 24
99157 1 36
379892 11 26
6147818 75 35
42697 5 20
2075152 13 55
604351 21 20
7249 10 3
224243 13 9
366816 15 8
130278 5 29
6440109 79 88
1434538 21 29
1400148 13 50
143858 1 83
12331 8 7
865318 26 26
111252 1 35
100472 31 1
828771 28 49
127522 1 72
799160 5 51
348768 2 110
2320678 91 12
332 1 1
22377 2 51
657703 19 38
246432 37 3
2373 1 5
808577 34 9
109493 7 5
1034607 27 15
26023 4 12
17772 1 13
2585 5 2
1922466 24 31
43625 2 31
70873 8 33
9516267 32 94
72229 17 2
109391 1 34
94368 8 34
417476 28 36
242882 27 35
1005509 12 27
812191 43 21
10410668 72 62
84853 2 20
3490609 14 120
240261 58 2
2290769 56 21
640021 21 117
301024 11 14
391227 34 19
6848933 32 96
151184 4 20
411461 41 38
228907 6 17
391598 5 66
927025 17 130
184854 6 16
881532 48 10
359309 4 35
94070 1 77
9764 1 5
297629 24 42
8578315 54 89
2448073 27 37
509552 35 84
615943 6 49
19464 7 3
38738 8 17
91638 14 3
832580 15 24
1027967 5 93
4186267 19 75
543359 13 22
3185 1 1
124304 2 33
1255005 16 38
46506 3 5
125714 2 30
409686 5 38
2368291 24 35
2279 3 1
24545 35 1
7985501 60 54
905876 18 19
40909 1 15
104197 7 8
71406 1 67
618794 7 47
36621 4 5
550862 14 138
2418760 51 18
20685 1 7
107102 8 21
262615 2 62
190933 16 7
26462 22 5
4827 4 3
325330 6 18
31896 2 5
180377 59 4
140264 4 27
455049 9 17
64354 2 102
821504 53 5
272306 18 6
48024 3 7
201859 15 8
2130734 44 24
2614290 33 46
502350 27 10
439282 24 7
1954741 15 47
112868 1 49
460392 3 49
192884 88 4
59119 4 22
10224 10 6
32053773 80 129
742532 43 6
67801 30 1
1765599 15 66
187561 33 2
61888 11 13
13825 7 1
488697 11 108
11718730 40 117
159625 1 61
7928746 62 55
1957747 7 93
542086 12 67
541315 48 13
3073440 34 31
719142 24 10
241027 9 10
656505 32 26
1546 1 9
141235 11 18
432153 14 10
1611043 17 71
5964 1 7
1732 1 1
477294 29 5
3613742 15 127
6230 7 4
1270883 12 39
3054959 73 13
14987 28 1
562714 17 18
2314660 20 47
64604 1 24
51989 7 27
1073993 44 46
43740 15 2
74242 2 85
267698 4 54
6494517 44 79
601806 6 73
306589 3 34
84215 3 49
61260 6 5
9623530 51 60
165076 14 5
104438 10 5
4381 1 2
7416664 35 91
40387 2 8
28279 1 9
47545 9 18
503398 11 20
155462 8 6
5612503 41 55
1153471 4 108
18706917 85 115
639718 5 69
877 3 1
678179 8 30
445716 5 34
81167 2 49
198210 3 25
8047832 75 39
654889 46 13
421505 4 109
1215 1 4
2513964 8 103
88088 11 14
1575290 8 71
2507132 14 63
693993 8 38
763891 6 41
836118 23 19
265493 22 22
6309040 79 35
41513 1 14
930431 29 18
3213479 30 38
518586 3 108
121047 4 69
348794 7 27
968955 15 31
536145 2 88
3935727 26 64
206500 5 63
27567 2 26
6543423 52 63
4159433 35 61
1555550 43 12
915334 17 25
2013507 60 20
366212 7 20
12773 1 13
693 2 1
175669 21 5
395740 6 92
113657 29 2
218964 10 78
29056 7 10
3338781 31 101
1108781 24 15
378830 21 12
385509 10 19
2758368 23 37
35969 5 10
70274 35 1
1989631 9 97
49967 5 13
389895 54 4
736121 34 11
93644 3 17
34048 1 38
598674 6 38
50568 9 3
622250 7 52
375598 5 95
123830 7 78
263382 2 60
757646 61 33
5253133 17 109
2536120 26 43
13070607 98 77
9845 1 4
2668537 15 84
1181963 41 23
281974 6 18
20810 8 6
1404961 22 24
9713060 79 107
5070 1 2
445958 21 55
10182 2 16
35728 19 1
1556691 9 80
1484012 5 116
2489614 20 66
565270 6 65
1680779 59 51
43115 5 32
2327313 90 66
347881 14 9
19595 5 9
3351393 23 64
1774483 60 17
266764 10 30
368769 3 64
23835 6 8
51594 16 8
2945925 37 34
102549 16 15
124877 6 8
1743059 7 78
589880 22 16
411841 8 93
3095810 43 97
1393059 24 23
763964 36 25
306440 7 125
3619507 61 29
259918 6 24
10187 1 19
21994 1 12
95365 1 99
278683 8 18
198180 15 8
231920 4 30
190780 7 41
2909718 78 15
104566 57 8
68745 8 11
128913 9 7
9032604 54 56
167320 7 15
416104 19 43
1060118 32 60
285903 5 99
478 1 2
875714 20 18
204354 2 43
30336 4 3
45820 5 42
60935 22 6
12766 1 16
14688 1 36
9667660 46 65
783263 12 33
2662643 68 16
1141946 18 22
582824 6 30
1965020 103 6
1094929 9 56
194180 7 19
1912870 35 113
3110102 15 78
1422386 91 9
63810 4 7
34689 5 40
863125 14 22
216852 3 72
32946 7 2
16827 2 23
32020 1 20
850278 18 20
14636 2 4
1159962 16 40
506372 54 3
243530 3 57
583478 9 37
1629833 50 38
1226680 10 43
3202396 82 30
91299 3 28
233237 28 39
1352234 20 35
346607 24 8
55900 9 6
226228 32 6
33627 3 31
61950 10 12
117862 2 32
5318493 17 95
1908617 18 42
196732 3 30
341607 3 46
945739 35 42
13256 3 20
366852 1 125
6077272 32 68
421104 2 92
1069025 34 13
3244041 106 33
2420583 32 24
627000 69 4
3377023 89 18
50123 4 9
27463 1 16
1483825 124 4
1461458 47 33
2975492 31 44
117291 31 3
2061503 10 78
421647 20 53
1451430 19 59
6383602 38 62
6964690 35 71
130067 8 19
7016 2 19
1293207 7 58
72811 10 4
953903 4 114
1299927 4 114
15707 40 1
127320 3 19
102976 3 13
401535 28 8
12394632 82 104
82285 3 63
2988242 12 81
196580 2 46
333056 25 7
571753 11 29
724916 128 5
3737 2 1
2109229 31 117
2065092 9 90
408290 45 16
436765 18 13
10510389 70 64
361843 70 11
404582 15 20
1038205 3 129
2053179 21 53
1452401 25 19
37831 4 3
314570 3 56
134582 1 62
175428 8 56
88755 11 4
225571 13 6
168838 17 35
18273 8 2
427777 12 21
177304 6 21
124559 9 12
337681 7 19
119684 5 18
865599 4 74
1166748 27 16
72521 9 4
1718952 27 36
2587647 45 18
685742 6 49
1957813 25 39
157504 1 59
978475 7 71
2625369 58 20
1200080 23 29
2903146 13 124
163551 32 16
1054810 6 67
486718 25 52
4093709 52 24
909818 12 34
49260 1 24
37147 6 3
130581 3 26
1353799 45 131
353962 28 31
1012176 24 13
498807 29 8
386019 24 8
1604193 5 123
123290 1 60
321237 7 130
121931 10 58
3138781 32 42
4164754 26 67
100385 3 19
147881 1 74
2873820 26 37
3652446 29 50
443713 62 3
8391622 46 56
138434 4 30
779640 6 101
278587 13 15
2682848 22 55
203542 11 9
6531703 51 85
21342 2 5
191326 9 44
12739 1 8
4172311 43 73
74073 2 104
30151 2 5
2065637 76 15
648445 12 18
199914 11 6
2259102 8 89
22688514 114 90
91935 6 6
87310 20 5
363853 9 39
62663 8 4
586511 5 62
1198647 30 77
54113 1 18
150767 3 37
276682 14 10
1470003 4 118
2212861 24 36
441805 33 23
649860 45 19
41923 9 5
703570 16 76
115824 2 31
2720981 19 48
8328115 67 68
9579466 76 50
194804 23 11
368717 2 93
67995 14 2
647880 7 30
2824672 53 17
233397 8 17
377379 2 72
2862 4 2
757601 74 6
1599434 18 39
3273395 28 84
11392 2 2
13075 10 1
4474674 30 77
49481 1 81
5425 13 1
112102 10 31
3079708 19 83
674944 4 72
222793 6 24
185139 2 30
1769235 11 60
7238 4 1
341867 8 16
589336 12 20
82900 2 19
225585 17 7
32288 1 19
4601701 50 75
167403 3 116
182228 1 98
222613 6 82
909845 16 28
94690 34 1
58252 6 4
81067 5 9
2475021 13 67
895 3 1
93725 1 45
11152737 42 104
5736 1 2
3769877 67 72
36400 11 16
11979719 90 52
603183 9 29
252458 5 19
1725360 83 9
4464390 60 60
110328 16 39
82657 2 18
113410 5 11
4832262 21 98
879421 4 110
172388 15 6
361090 14 37
113231 37 1
379320 2 80
88394 1 101
16249430 109 48
524721 8 26
1669 2 5
654591 18 38
11920 6 1
161275 5 13
15678 3 11
470072 9 55
232330 102 9
1452184 17 120
28445 16 2
1079085 66 36
563541 6 38
98159 3 14
87941 1 48
221068 3 29
78084 1 28
763252 7 42
291378 9 11
7433979 75 35
580025 11 27
19742 7 1
607610 26 16
994144 13 31
597823 64 38
90074 22 3
1059059 13 29
1526644 20 74
8320606 38 100
499561 25 9
1943299 40 15
1619247 83 6
2407169 63 102
793827 41 47
460501 5 41
91308 1 38
3053155 18 77
3324458 23 86
14226 6 4
215503 10 45
114592 1 48
17644 1 11
16657746 59 90
24116 3 4
932901 5 77
36886 1 35
2090601 70 11
379393 13 10
48511 4 67
925135 54 21
2129092 112 7
479558 53 7
78633 27 2
155852 2 38
1058032 67 8
13311 7 1
626889 30 10
77736 7 45
82034 1 40
2559772 11 93
140900 3 47
539630 47 6
581 1 2
134057 37 2
37511 14 1
273283 3 34
2299639 90 45
6589632 34 70
72149 13 2
264560 11 41
207981 9 37
1038080 17 35
1493645 27 23
338233 9 13
1774 1 1
605295 48 16
9399 1 21
472798 20 27
1428085 77 72
46155 4 14
311522 22 46
206721 6 16
7376 1 29
356693 6 25
76444 3 8
3748 14 1
172654 1 75
2984197 15 63
16184 1 5
2274941 34 34
22472 1 11
437339 27 47
5068932 15 137
9335820 100 38
11682262 52 110
224669 7 59
279642 17 32
216860 2 39
540797 28 23
72376 3 24
14961 6 1
2279963 72 34
5509 5 4
24913 1 8
148599 5 68
1189959 92 5
7267128 23 101
10490977 51 97
962336 78 5
96911 2 44
503152 17 17
3343008 12 89
342283 4 46
1391558 40 13
451911 28 6
70773 3 15
97586 11 4
97750 3 15
5634059 76 28
811903 24 15
8147697 50 54
15807 1 8
5290 1 6
16241 18 3
673731 8 29
469685 6 46
5056424 28 61
134299 1 44
7359781 41 63
573440 5 64
195135 81 14
6259498 71 43
3333019 29 63
57595 3 26
31805 1 21
11671 1 5
226467 51 14
672569 78 5
3646761 25 69
8158530 48 125
423882 6 35
182121 16 6
22379 4 15
390560 37 36
40896 1 13
81479 2 15
1785604 8 97
348574 7 30
308903 16 9
7368892 31 73
356925 23 32
308296 3 47
200642 17 65
12497 53 1
2275562 12 75
27123 2 31
1119149 25 126
1690269 11 58
356181 3 56
297875 13 7
1039116 4 90
94097 1 71
1984220 7 141
2485456 26 48
364958 12 19
3687068 45 28
3899831 31 44
93946 17 13
5910908 49 39
284439 6 69
2316772 45 22
6821156 57 88
171526 12 28
23308 1 17
1169 1 1
479621 3 53
140887 2 33
36528 2 11
697416 32 40
366474 9 18
812309 37 11
48194 2 12
332431 28 4
57991 3 13
23246 2 30
184100 14 5
61352 4 9
256485 22 52
68129 46 1
1245456 62 30
561459 18 14
21305 4 3
1069041 10 82
470387 8 28
482117 6 36
98265 58 8
185884 1 87
583858 11 18
273729 4 35
23084 9 1
686502 14 115
248582 11 9
1798217 14 40
6849 4 1
15045 1 5
2067716 9 102
76655 8 3
352914 24 6
386884 4 79
5838079 68 36
7085 2 13
511616 29 10
255563 5 32
3564529 22 60
1868314 25 27
1865308 10 66
942795 10 32
22247 12 1
244237 3 35
1622142 15 118
2326312 15 57
274045 7 13
1231904 24 42
863790 17 37
108108 1 39
486459 35 7
2323 1 2
4480230 27 65
977404 9 50
1515605 8 80
190951 1 72
446137 19 9
808175 38 46
265011 19 19
2233982 10 92
5291704 47 48
757834 7 45
8622 1 5
156462 8 10
201576 7 16
3961 8 1
968826 90 4
55088 8 4
345054 7 17
2032137 76 13
28821 3 52
3863811 21 104
64344 4 72
42670 2 40
47347 9 5
658554 5 57
447349 4 66
174367 2 37
509829 4 52
71515 34 2
57435 50 2
159770 1 50
2678568 54 16
36709 1 68
286817 2 106
17038 6 1
272051 3 40
1614 4 2
3152050 35 30
990548 8 73
527666 7 40
6925 2 2
270388 22 4
13821 1 6
2812 3 3
3407807 38 46
774648 3 99
867838 51 29
210233 2 63
598857 20 10
1876359 84 32
448868 20 12
2877076 11 90
3596632 27 73
39507 4 3
29848 1 9
2956295 54 28
5317797 25 71
52538 7 5
483220 6 34
618267 8 27
213954 6 12
880448 33 56
540752 2 96
1525490 21 39
91574 6 8
1335578 12 43
89022 13 5
9495469 87 45
876936 25 76
347527 5 30
277435 5 27
32357 4 9
424404 19 71
1751157 7 107
24011 2 6
433283 7 67
6589 1 35
730382 6 41
1783223 20 50
427428 3 50
52427 1 18
31819 1 79
1619977 54 47
45651 8 2
65708 1 30
83267 1 44
384703 15 13
96161 2 19
2601136 32 36
72775 52 3
55679 1 21
2625484 92 9
2370693 29 56
433350 4 42
619707 8 69
71978 14 5
56722 7 3
144916 14 27
74754 45 9
2132038 59 18
10892 1 47
675566 8 34
80793 25 8
418606 12 21
889750 13 34
5233 2 8
32180 12 1
233450 6 51
353515 3 49
3971784 19 85
1218731 40 10
77114 2 26
96622 2 33
309357 5 34
3577810 36 30
1375837 11 40
2603589 42 32
289581 14 31
86408 24 2
958741 10 31
270206 64 7
140478 8 68
44555 26 9
178614 7 9
1168483 6 67
42388 8 2
7286013 30 116
2427766 26 47
569468 13 38
215803 11 7
29134 13 1
235048 2 51
7739165 45 59
26101 2 40
6107432 50 71
256796 4 25
144749 1 74
2716828 40 35
10658298 76 61
1334150 12 35
349154 2 92
137715 1 69
310450 3 38
1149542 13 28
148013 29 28
15476 2 3
5303412 85 35
7261881 22 117
418521 6 25
84266 6 35
641762 7 35
199216 23 3
18528 90 1
566895 4 68
44309 1 19
74305 19 2
489527 6 34
348801 5 42
1734819 59 52
1266096 12 52
280079 8 16
404483 18 36
418622 16 23
4162432 84 29
974035 77 47
2575129 23 55
2037997 24 72
51720 11 2
200007 2 45
69142 36 1
449132 8 27
310635 8 55
72372 12 5
277327 14 19
7775262 36 74
19749 3 26
1347998 14 41
1165706 47 40
130665 1 74
45562 1 21
15505 10 3
356776 3 41
4387084 51 43
267338 2 77
285138 4 69
3270162 47 28
296946 8 32
7376273 67 36
108691 4 9
3474570 37 32
142588 1 55
3148278 11 100
7024882 48 98
129208 11 4
6830 3 4
848123 22 19
6206508 40 48
459912 11 76
1381440 57 12
11671 2 7
404187 30 8
4365930 33 43
239129 7 18
1344567 13 47
22808 5 4
63187 4 7
368463 57 4
762212 50 6
273676 3 93
21249 8 9
46241 1 22
1210760 11 58
1573262 29 22
108311 1 42
85439 33 13
267917 7 13
347968 27 29
204053 1 90
135413 1 60
1914244 39 29
912399 6 56
37180 1 15
3416611 65 88
576909 54 4
125881 14 50
551378 31 37
459431 30 20
74208 1 38
2578982 11 80
165423 40 2
511123 5 54
15897 1 7
2228865 18 53
2380621 18 58
2312299 29 36
223171 7 14
20093 11 1
390871 2 63
526441 19 12
284237 18 49
1371499 7 105
124053 6 10
24816 2 7
601196 24 31
4694486 79 70
1111292 12 35
11295 5 8
70926 10 4
103575 6 76
1805544 68 10
417355 5 42
131124 10 30
54261 4 30
39567 40 2
166446 3 22
2102621 15 57
56216 8 11
6465676 58 47
3824621 15 97
2984924 38 49
374607 38 3
12425 1 55
5083701 105 60
3504 1 2
11696 3 3
2424431 75 13
83576 2 15
1725293 14 59
195945 4 99
99156 1 30
79002 4 7
130627 24 14
193529 3 34
32204 5 2
844275 5 83
4535866 31 47
202682 2 56
1346171 13 33
2194524 52 37
3877 1 18
2322 9 1
2184216 14 60
153100 1 84
168432 13 40
69362 25 1
776625 17 95
340205 23 8
3310801 11 97
28163 3 11
94195 2 25
65930 2 42
1614120 22 57
548534 12 24
2016714 10 63
422958 6 22
111664 15 10
2284421 17 71
586023 35 7
80078 17 3
800517 14 84
2066497 16 48
426793 65 2
3941442 51 37
1342119 16 52
748931 6 50
746141 12 97
189219 7 20
83493 3 10
297905 9 18
4703530 59 43
1053110 43 38
349521 16 8
76839 1 40
73913 1 25
35146 6 2
161334 16 4
4527666 15 114
1641 2 1
229166 7 14
148794 15 3
40459 1 15
87000 8 36
274763 3 32
1259 1 4
6164308 47 68
43278 1 39
8602 1 3
2231491 42 22
3293934 39 32
50145 1 25
317575 7 105
66902 3 20
896841 3 106
82726 18 2
25690 3 4
65790 22 1
523826 6 47
457374 3 48
6600319 44 48
1405205 23 24
2848884 12 95
26391 5 19
360564 14 10
82458 52 4
615851 2 141
126821 4 59
372202 1 116
234234 24 4
2132095 45 21
309394 4 42
3600264 47 35
123632 4 30
10348338 47 104
853340 6 47
202490 9 9
982628 29 18
276603 106 1
271797 16 7
294962 1 106
7618483 38 83
460257 79 23
39186 9 4
1220567 19 27
4725545 19 89
139644 1 127
19678082 110 55
478442 20 10
31344 2 20
87786 4 45
1107100 8 53
13711979 47 105
43349 3 7
85965 1 33
611451 44 10
183375 4 27
22249 1 34
72459 7 16
58714 5 12
1081999 64 63
1591149 23 25
27221 1 97
534061 13 17
42543 1 16
577810 15 124
210722 2 94
214143 51 2
158886 28 11
38705 37 3
64225 21 8
61307 4 49
1758762 9 70
35662 17 10
197664 9 14
86340 1 27
573717 45 12
887549 6 55
492268 90 3
88765 7 24
16590 3 16
104770 28 16
88436 6 7
315762 26 4
3629127 32 57
2200878 10 102
164628 6 14
266862 10 27
67688 2 19
1830175 16 72
49584 17 3
1559671 27 59
337472 38 18
2973954 32 52
7500 1 39
299564 18 28
98703 15 2
623068 3 97
574029 38 7
862682 6 74
24009 1 30
381018 18 7
46289 1 17
1614272 10 61
58016 6 18
1438 3 2
319064 8 17
44614 24 5
592211 6 35
466611 10 42
644297 9 27
873559 18 50
789658 22 14
402741 33 6
7064390 45 52
128171 4 82
728751 36 22
86420 3 16
692845 11 37
916205 12 27
68266 1 40
395872 4 62
176616 1 69
4155 7 2
838766 14 35
2445187 40 29
7177341 21 142
51107 18 1
300251 19 5
1163864 103 7
2518257 64 23
6040056 33 61
2158940 54 42
11178 1 49
45696 1 27
355598 35 47
208624 14 13
5859244 46 73
8333 5 1
617787 7 27
195904 23 5
73816 43 1
3903847 14 93
47044 5 4
379856 15 85
916864 10 66
304029 16 41
55860 1 19
3276869 40 57
32174 3 28
8172056 22 129
78843 9 3
1505620 17 71
22032 6 13
1201035 8 68
2962 1 1
966697 37 10
1292259 17 23
60855 4 75
1859750 66 26
535985 39 7
1500279 13 116
884873 10 29
48291 1 119
8385 1 5
357771 39 50
990078 11 35
253321 2 63
78950 2 17
147600 16 15
34212 6 2
66628 1 90
20831 3 27
4740 1 2
227359 13 13
7056715 102 75
7351466 36 115
2397665 58 24
118129 11 14
143964 10 22
1081959 53 13
115048 3 12
93459 1 32
2862182 50 104
43096 2 50
3438308 40 47
3548286 68 59
6634 2 5
118376 4 15
434408 6 29
757946 5 67
220853 83 1
26467 1 13
228828 13 6
35466 5 22
2060 1 1
62151 1 88
653212 3 74
70704 11 38
2347852 22 63
17628284 60 115
1176507 8 115
142247 12 6
192725 9 110
356705 50 4
168728 8 68
6515 2 7
284866 10 12
4128081 29 60
102491 1 45
247422 11 7
255138 104 1
2179100 25 39
327889 61 5
242996 6 83
1195484 6 75
8192083 72 92
535301 10 58
32397 11 1
354309 12 9
959520 4 133
76734 3 84
2290410 12 72
646391 42 9
3317 1 1
17850 1 8
594725 43 22
152460 7 62
1152603 6 75
386551 2 85
1611909 6 114
243039 8 11
18591 3 3
17816 1 15
2145387 15 67
1803383 17 103
398106 4 61
4279 1 6
264050 47 29
1356172 17 58
614908 8 36
9078060 41 114
4555645 16 131
134405 2 30
190943 19 43
849453 11 24
1434218 34 20
24169 1 11
159844 12 6
657168 16 20
66819 1 26
465556 39 28
96755 1 36
284584 7 72
12503 4 1
44068 3 5
616314 21 28
159951 1 87
60079 1 26
1195699 25 26
1994049 43 19
511961 2 87
1389817 59 17
203934 1 115
244643 20 44
167259 39 25
46729 1 15
76987 1 26
1916118 60 78
1226884 11 43
1367435 7 67
25866 2 59
120873 3 43
201759 5 16
53187 2 10
4345591 12 132
203083 2 35
2174780 13 65
3113733 63 24
4504494 45 74
38011 12 13
2815667 56 20
494267 24 11
105614 8 6
243449 7 66
316319 26 5
119839 5 11
1053834 30 34
298679 5 63
694689 26 12
592493 2 99
93506 14 6
4856306 29 64
2036790 61 19
63915 1 46
1458247 39 17
11062 2 24
4812387 43 44
33863 2 6
266253 8 14
75338 1 33
45219 1 18
49473 16 1
703184 4 66
480947 14 12
82918 7 16
773008 15 50
5821 2 1
3123504 83 13
1767417 27 34
11763 7 1
539071 13 80
1454415 8 78
3521734 20 87
139443 4 31
281314 22 7
498227 7 33
59981 1 22
15158 2 24
197708 8 10
948875 25 12
1244619 38 24
28445 21 1
239686 17 7
859079 6 51
168763 2 116
10896948 48 100
259719 41 3
381837 36 17
13050058 83 82
104572 5 10
2092424 14 55
22368 1 51
2374340 32 31
281713 2 94
105863 1 42
890073 4 92
660498 32 37
1399946 43 24
101393 4 42
66900 8 3
48261 2 10
347843 33 4
42779 6 7
184735 1 65
15932 14 3
51914 29 3
51662 16 1
48764 23 1
5592498 53 84
1759417 21 43
59347 2 16
230080 3 24
590499 6 33
159000 12 13
8898310 91 46
291533 27 6
270806 25 60
48193 73 1
6758 1 3
6713939 48 100
448057 15 30
602287 26 27
2131413 13 57
353807 5 26
2076321 60 40
43859 1 47
590972 12 62
4237917 35 84
1065009 7 93
2126262 57 22
635434 4 58
487256 16 30
143831 4 103
3872961 71 20
238648 22 8
7351310 34 124
701683 5 73
101716 11 4
210726 42 7
15149074 110 44
5215 8 1
2210804 98 29
171852 35 16
1091314 10 82
7591 1 12
1154620 9 70
325260 31 8
349314 7 22
2101191 23 55
132418 8 5
714689 26 11
1150591 5 70
6775938 62 96
153745 2 28
2379491 7 130
583351 4 71
4474958 23 77
709980 10 39
682640 7 66
3203236 125 16
957056 11 36
1228907 15 64
469531 3 81
2531672 94 92
382 1 1
8592090 78 49
232170 2 69
131125 2 52
456585 104 12
260153 7 22
1064603 43 85
1586670 37 20
4120389 77 108
141744 2 39
7428 4 11
1378806 12 70
2874 1 6
264922 7 12
72760 6 8
392147 7 100
6124765 23 137
626514 12 34
5138766 16 110
7182 1 26
93085 1 69
2898297 14 72
8534883 116 49
69803 5 21
1309290 21 37
128196 3 107
1925781 15 72
336448 10 36
1106894 40 12
2872896 46 29
172613 44 5
14389026 109 114
15566 25 1
503802 30 6
246961 24 5
1079861 13 76
1521052 21 40
6364061 70 42
860172 17 88
6519995 63 33
2456158 64 18
1672378 19 32
117113 1 61
367386 7 22
3900301 22 106
16163 1 6
583419 21 28
358039 13 16
562338 7 39
177706 19 3
4285442 48 48
68433 1 34
357765 26 13
2797203 31 38
806180 16 18
253959 12 75
377571 4 51
3875996 32 43
4773922 53 30
157866 24 33
123621 21 2
87484 3 16
288247 8 52
1464937 82 29
799567 17 33
335882 1 110
43824 25 7
435466 33 4
203295 14 6
238845 3 37
8917920 46 97
1900041 23 42
1287993 14 39
218379 17 12
185491 82 1
6213 2 1
218306 1 107
537031 4 46
628539 21 17
2037054 20 60
120955 40 6
394354 4 55
95742 31 2
1009310 40 18
1266297 78 8
5166342 43 50
8955 1 4
173721 4 17
1083824 47 8
54833 2 63
1314140 52 13
1263946 3 146
667114 33 15
39075 17 1
569621 9 29
18504616 97 58
2394936 29 27
113202 1 61
75538 6 16
21004 3 3
179845 19 40
55936 3 15
4261335 87 39
940853 6 62
1183171 54 20
1378 1 3
2991630 22 69
11755 1 53
502323 26 15
13582 21 1
1932007 49 18
705538 10 32
761631 80 4
5058229 22 88
1706052 25 35
1193291 19 28
8647635 51 57
879754 7 47
41323 1 15
112507 2 43
858657 3 100
411837 12 11
2715145 63 80
9152426 57 65
2539829 25 96
756032 10 42
2666981 18 56
470870 14 18
1391631 57 12
374275 7 28
239792 62 4
3675729 19 97
105375 2 114
238981 4 24
192297 4 77
402853 4 104
1894537 9 83
3080717 19 87
2845557 48 121
74799 1 29
2460101 32 39
886034 7 82
29667 6 10
543392 21 21
3790350 37 38
17366 12 1
89816 12 3
236113 7 17
28078 1 9
19365 1 9
46445 2 7
26103734 87 96
836454 8 44
138698 1 85
2362583 23 47
74528 8 5
117187 43 1
863976 5 94
573311 5 47
445958 23 7
127865 1 60
10347 2 7
19614 1 7
12273 1 5
2482981 12 112
3291126 26 97
192136 77 1
45777 3 5
154119 1 63
3586968 52 33
60365 1 36
275704 17 13
490996 3 60
119428 15 14
2316961 69 36
2970414 13 123
6717 1 20
41693 2 53
129488 15 33
584484 60 4
3499600 34 102
722274 11 45
384200 4 108
78885 7 6
103010 1 47
72803 1 42
26120 5 14
438978 4 53
761891 14 47
3437329 76 34
6469202 66 32
41050 2 14
14866 1 16
157490 3 20
2381627 108 7
14432 1 6
570343 5 52
131457 1 53
29306 16 1
10519 1 57
2553617 27 29
1613394 24 96
495770 19 32
19657 11 1
78627 1 37
134685 31 11
75943 1 37
254451 14 18
161227 3 17
462664 12 25
354511 15 10
222044 69 14
69784 6 32
112786 17 9
179966 30 23
682246 14 35
7073 3 7
514884 9 25
996543 32 15
799562 3 92
129450 9 7
8305 3 1
1019873 36 14
2596258 13 98
30274 1 28
81370 2 56
4926110 45 65
838286 9 32
1798603 14 54
306373 10 16
38606 9 9
57769 3 18
129250 2 102
316581 13 15
570906 3 59
61445 4 9
2277990 19 53
105493 1 35
36101 1 17
60270 18 10
1401385 10 71
268047 2 52
52793 4 7
1397 1 1
192031 9 23
51835 14 2
314101 15 92
55179 4 7
5471568 26 70
3570684 32 47
246769 2 41
3664397 75 29
397214 4 30
3651 1 2
6104358 22 105
108366 32 6
174304 1 92
59118 5 48
17632679 63 96
934759 15 19
707859 5 72
936462 12 51
4175858 21 69
157117 2 31
7548688 29 97
704 1 3
98138 3 36
2954562 75 62
1968032 46 28
156402 2 36
678760 5 62
439975 17 15
6438095 79 84
2152318 23 86
620365 11 24
211751 19 10
144611 4 16
909226 22 76
24470 1 42
3017313 35 27
644 1 1
35829 1 18
6323507 43 83
2365787 17 47
109316 21 21
2600544 48 20
70941 2 13
1383092 19 142
603957 11 18
24081 19 2
703579 46 28
66438 8 4
120431 15 6
61823 3 9
373019 54 16
135245 4 49
329271 5 72
290861 2 77
528481 9 29
1337653 11 98
8426 1 10
2286323 20 136
64733 1 39
389847 66 6
553589 3 87
118154 2 23
5157325 21 83
798541 4 79
68287 7 4
918785 22 20
116962 1 65
22766 1 11
7560569 83 54
188897 2 54
52369 14 19
27902 3 4
8938 1 4
53629 1 32
14242 10 1
83678 1 66
11994 6 6
311008 14 25
1302906 5 103
490828 36 30
18580 1 7
6132 3 7
1955627 8 99
6084195 35 65
45220 3 9
150170 16 3
607746 36 26
11609450 57 79
1388741 7 90
388936 2 80
1142193 68 39
587354 43 8
3964174 26 90
3342098 52 49
1632967 27 19
4753184 49 125
984939 12 25
561841 13 95
417425 10 16
15582 11 2
382152 2 70
150223 1 67
384968 38 5
9751 5 1
199805 10 10
34031 1 13
108502 32 8
2547711 19 87
182105 1 72
51543 1 99
2601936 27 53
393812 38 4
61962 43 3
125165 6 55
216329 4 17
115774 1 57
47434 3 5
130044 14 3
117930 12 4
952559 42 15
13360 1 47
5434989 33 52
209091 5 17
1500836 51 14
520934 28 16
28199 46 1
465081 18 18
260199 10 13
651284 4 70
71958 2 11
143179 4 49
323351 16 87
169355 2 33
164716 10 72
875596 49 49
11279 5 2
148783 14 15
164926 3 17
147204 34 24
682517 17 21
611993 7 45
126171 10 16
12968624 66 78
3264677 19 119
2459782 15 84
118254 8 7
1048969 70 50
222639 3 72
473517 3 56
63599 3 11
42410 4 58
133466 2 35
937380 12 45
12525 6 1
148697 3 31
13543 2 32
174230 62 1
1220557 18 33
1611728 33 64
124956 10 63
5660 2 4
563365 75 7
791281 7 42
59308 1 29
1392356 48 12
2914760 30 51
98830 9 49
61664 39 4
9254 1 8
294131 4 25
526118 3 74
360343 9 20
278485 3 29
182527 5 39
843932 56 10
223285 12 11
6847381 49 46
367121 38 25
408172 48 5
11259 4 1
6242693 27 108
336165 3 92
83729 2 24
45865 2 11
205485 7 21
1011606 11 109
26780 4 4
260381 16 5
57836 2 141
55279 12 12
7815189 73 35
266230 2 57
273330 38 29
951604 7 66
1187793 3 132
93638 5 106
3188063 54 18
15983 1 9
729692 15 30
748305 5 89
882912 3 136
112789 2 32
16237 1 9
7226888 48 71
123162 4 11
112622 1 73
76242 9 20
1041641 54 8
641322 3 97
51383 1 22
170649 3 21
511107 42 7
464133 39 30
1417668 47 31
594120 8 27
697043 18 12
29506 2 38
754661 7 48
57800 3 22
156611 11 5
284908 1 124
897435 4 68
51372 1 74
428237 49 4
2704394 11 92
316045 14 17
411272 9 22
3865598 119 19
35109 6 3
39771 1 15
186512 2 61
8077 2 5
249007 76 8
104312 7 5
416395 9 26
5422 6 3
1247634 29 16
24151 1 14
4152786 28 79
118538 9 28
444553 2 72
91967 11 4
655840 19 11
28664 1 16
788719 21 47
395070 63 2
141262 11 4
714834 2 130
35979 13 16
388755 42 37
2064015 15 66
117978 3 99
748259 4 80
4321412 26 83
6622 2 18
7115689 58 62
417931 13 18
207515 9 10
8943 20 2
7885 1 4
60175 2 15
732083 7 78
693375 40 22
124194 14 6
1390645 14 57
1185870 55 7
7010081 61 60
12183 1 5
110341 1 40
4078317 29 47
235347 7 49
538609 66 32
565652 21 9
241753 3 25
114602 1 41
6581135 28 87
2547787 37 40
8944024 55 59
2537620 24 48
45631 4 16
400312 72 9
1263067 30 14
565584 8 41
62110 7 5
30038 7 2
4641 2 2
11395652 61 60
343399 30 21
2923763 21 42
1758014 19 50
3164156 64 41
840403 20 16
6491775 38 87
2387499 23 35
3200305 35 111
31431 18 3
322083 5 22
1409101 23 36
225210 2 66
8336 1 15
52571 1 22
256982 24 5
2704 1 1
261056 59 2
47130 10 17
14621 2 6
700579 10 39
112383 1 49
3253 10 1
80836 3 16
2741969 24 46
712246 16 29
1468980 31 34
394555 1 125
1579248 19 35
3454299 86 24
65979 1 33
1389827 20 27
4612975 110 22
686605 3 99
1628025 25 36
544475 18 13
714951 16 59
2436646 108 10
74838 5 7
133893 2 25
306704 3 33
221101 3 34
112345 7 5
85601 2 14
212835 67 1
112559 3 31
38469 14 1
275790 4 26
221647 16 7
668348 29 19
14240 10 1
78271 2 45
654566 16 14
50419 9 5
900865 25 26
486587 31 9
486174 5 44
6546217 52 57
3101171 38 42
1766623 14 63
151137 13 13
1383410 71 67
53149 1 26
3069710 42 28
574316 3 100
1134221 45 18
15237 64 1
13212 2 3
146867 10 7
415298 5 38
5780248 27 88
42668 2 11
100586 7 82
823721 11 55
1055378 8 43
631530 2 140
3920438 35 78
2578168 43 58
11438752 86 66
101896 1 38
216330 15 26
106770 38 5
137833 2 39
4535842 25 103
23092 3 4
11590635 68 54
572406 6 89
2604215 46 22
106315 11 4
2873418 22 44
119517 8 21
151792 1 71
64351 1 31
705194 3 123
7987 3 11
33890 3 6
12098 11 4
9805872 60 52
4506299 56 31
596831 21 14
69266 3 55
113543 1 55
1755966 5 107
4054763 27 61
2023606 17 38
6770 1 4
1581599 16 36
926632 21 87
1671055 35 36
345234 3 36
53074 1 90
1904972 5 132
1328133 66 8
159921 13 7
1132509 26 79
420291 31 8
909394 22 30
1065994 11 56
934938 33 11
713158 3 74
1900806 24 30
83704 22 7
543326 13 17
505699 2 141
2015788 54 18
916095 24 84
8903413 69 52
687471 56 7
778388 6 41
587574 2 126
121718 7 8
254854 3 108
56386 1 23
218190 24 5
436895 6 27
103972 8 26
1464891 34 13
563722 33 8
2454743 31 40
1109889 75 66
1307059 57 19
479774 13 38
53832 1 108
888837 13 93
80307 1 42
209617 4 52
490632 3 92
10633772 45 104
203217 2 51
34454 2 14
677451 4 87
226010 22 34
99133 2 95
31642 7 14
32586 3 9
703794 10 49
382404 11 13
113438 44 1
83311 3 12
99585 1 95
39028 3 6
314172 15 11
375865 25 10
28836 2 13
77114 11 19
4380288 71 36
904759 11 114
33864 1 11
160915 11 9
36980 3 7
128706 32 17
12043 1 6
1976599 30 86
126058 2 25
67312 2 21
47126 4 30
3068186 14 115
237746 16 30
312215 50 3
21325 2 4
3838173 37 60
7790 1 3
358193 5 50
10134 2 14
2140298 14 53
402354 6 99
1731033 17 34
221568 23 4
782196 13 26
1405110 18 78
854730 4 110
56810 9 2
95472 26 2
58920 1 30
358948 9 13
1004332 6 57
492463 18 13
5008921 56 110
17603 1 9
7580370 39 133
246227 3 30
210602 4 22
667845 21 20
143140 21 31
276329 6 25
676594 6 34
8935504 73 108
530198 2 108
446744 33 6
32748 1 13
1560148 6 131
62578 6 26
2637192 6 136
324280 109 8
1994020 8 94
493157 6 46
291988 8 16
2554973 22 59
159041 25 3
692711 9 111
1505055 29 26
2345849 55 74
26972 1 11
467296 3 67
3361721 34 36
7730 2 2
41747 34 2
1067205 60 30
88627 88 6
1062034 10 37
154436 6 12
71472 14 16
22133 1 104
157243 26 2
721940 9 57
584366 5 45
1214004 10 47
3395953 18 67
366613 20 10
144164 4 33
3720047 77 15
2130485 25 37
594949 12 55
326550 35 3
53616 1 28
457802 12 13
363345 25 23
661488 18 28
596951 10 18
457364 2 86
1572351 9 61
14994 50 1
2281738 17 47
838001 13 38
292028 8 11
317758 4 29
823884 11 37
93698 1 82
446041 22 72
1942417 22 43
2484890 64 52
826991 52 8
691813 19 18
43051 1 20
5610 2 8
25757 28 1
858997 33 44
307512 34 30
765604 3 77
72708 9 7
25332 6 13
1912945 28 101
151438 7 9
139409 63 5
3517098 63 18
30021 15 1
294499 58 3
32520 16 8
43078 4 52
5823 1 3
15257 24 1
311075 9 22
903512 38 44
101869 36 1
100626 1 42
10476527 85 92
872389 14 91
13878160 101 74
1014330 23 76
455710 4 59
27703 1 9
1782484 33 29
9491 1 22
5293999 47 48
1457907 8 79
8614543 46 92
626631 78 6
405767 21 50
2125480 15 74
230660 1 90
8388 1 13
35808 35 6
1874669 13 83
92106 21 10
70481 2 90
280592 14 16
58038 1 21
1090180 11 34
140416 1 69
159571 2 30
106153 2 22
1227144 80 60
79707 6 40
534179 30 7
7316 1 28
502835 14 16
7569580 61 55
337240 6 22
379718 33 6
1568573 44 14
631149 20 10
514 1 3
184251 4 21
4340899 52 28
511322 61 18
132248 7 6
32977 1 13
2875775 25 56
10127870 63 89
257920 2 67
970200 29 12
80322 2 15
10358 2 5
46219 41 1
1999574 58 39
42864 7 3
131359 8 11
189701 36 2
44572 14 1
5221 1 3
47302 1 23
226833 4 34
1818196 10 58
22126 4 18
61867 4 35
271525 3 52
57051 2 17
9433 3 13
494909 18 20
6613307 55 68
251837 16 55
4600855 27 87
658149 15 21
6685975 42 89
72407 1 35
367175 43 3
3207138 32 62
172413 30 33
917301 28 19
275453 22 10
465824 2 78
6740791 70 46
119481 6 30
5327022 28 80
1339398 38 28
64556 9 19
1104790 8 59
853301 5 66
24213 3 3
66215 2 11
435654 21 10
656740 9 102
2721 1 8
46645 2 11
764620 16 33
3613707 21 81
3034664 19 90
2703964 11 116
36304 19 1
2457674 15 55
5329946 39 55
266989 6 40
81208 44 6
184 1 1
255406 20 9
125773 1 49
1133195 18 34
178931 35 2
465275 20 65
33869 1 15
625306 3 86
317264 18 49
3863871 87 36
8151385 54 49
42570 1 21
218361 16 5
1710418 21 42
35762 23 3
3525128 42 33
4271668 25 66
21927 11 8
150890 3 25
1756449 37 15
119021 7 58
535081 28 8
1155500 12 51
545059 3 64
343398 1 104
1556456 36 25
2253164 47 27
209094 4 105
30743 1 92
27313993 110 84
4475338 85 47
1273106 11 56
1613168 43 21
39060 11 2
174577 67 9
100963 6 8
2071748 9 118
29682 15 1
1474285 31 82
537436 95 8
30582 2 19
586318 24 28
97996 59 10
41922 8 3
316048 2 55
250324 55 16
100177 9 5
1112659 11 38
1331479 10 53
312252 4 39
71036 12 25
6285 1 2
1924396 74 30
1454981 50 34
4135871 14 94
1047658 12 34
27423 2 62
15077 4 4
459697 24 16
826383 21 81
6456 1 2
76842 3 15
1046417 6 104
2290051 83 12
397556 22 11
593221 38 7
10236823 39 121
6689 1 30
337104 4 27
270160 80 2
14716 1 10
2499282 39 28
1839469 29 26
38096 1 18
263818 11 11
2030415 38 62
40521 7 10
140899 34 2
3013192 44 24
39059 2 38
624705 14 50
223446 23 5
1463347 11 71
857338 4 92
270031 18 18
430269 9 19
301720 9 16
97212 1 34
75712 3 74
636692 6 46
2100054 18 67
1595103 10 65
722646 9 34
14786 11 2
18639 18 1
615324 22 14
2922274 34 46
98489 17 2
57706 7 12
549146 41 38
526580 63 26
5181587 50 121
178271 1 64
299028 21 18
79135 3 12
391549 7 21
271990 8 64
231598 4 22
1364022 20 28
8799917 57 67
52311 7 8
143663 5 15
63666 1 43
7474909 35 93
575241 23 25
93284 11 7
205431 19 6
390939 3 74
4082842 16 78
64606 1 75
856902 20 14
758519 8 40
1092452 29 70
33042 1 13
123408 2 38
76354 1 25
29851 2 9
55334 1 20
203097 4 26
57620 4 6
124079 5 48
49380 5 3
11157 16 2
8813 1 8
197878 3 39
1333137 23 22
813591 23 59
188152 5 14
29888 3 22
14309 6 1
7729 1 22
310006 2 69
1439421 28 78
56568 11 5
43242 3 18
59857 1 31
13179 1 5
1040627 6 63
1177384 17 23
138579 1 72
683587 64 4
8851 1 28
82326 1 42
59893 4 68
189094 11 11
9711282 66 80
257040 22 4
51061 1 17
170477 22 4
2246884 21 60
16914 29 3
1015251 13 59
474042 4 67
99802 1 59
926884 23 98
881475 17 71
363193 34 6
379254 3 44
170556 19 5
480955 8 28
1111287 16 34
1029044 5 122
7447014 19 124
249257 4 68
65420 1 30
16867 3 26
3225180 17 71
975468 11 77
189101 14 28
1393750 27 109
142075 10 12
3340522 36 40
40817 13 13
11545 2 2
157181 6 12
1875056 20 29
631858 7 33
120023 59 1
753250 5 90
451121 6 42
14646 1 17
244578 7 24
2013819 54 22
139254 8 54
1177547 34 18
10644520 130 39
3315948 36 35
1618255 61 15
177192 6 29
290874 1 89
9933030 57 55
730885 11 33
762583 23 27
104910 3 34
244337 66 3
486405 23 26
3405624 40 45
518052 20 30
12678 1 30
2954 1 1
1210690 26 59
202988 13 8
2454584 13 101
746739 3 131
1620866 50 13
13416111 43 139
109738 8 27
9257161 78 48
902239 33 10
34577 2 10
11287378 72 56
422115 85 20
13418 1 8
657003 21 12
10606 1 12
351257 35 4
11419431 63 86
296864 57 3
1005733 5 101
7354707 29 103
86661 4 10
307524 4 30
389008 28 8
97257 2 37
348746 2 106
9012072 72 53
20612 15 1
2027779 12 97
58939 20 14
165957 1 72
982595 25 30
471328 2 88
4353641 35 131
263599 3 51
1697520 14 70
112093 5 35
113335 9 15
3172724 21 65
23457 1 10
193986 1 69
45358 1 18
12383727 39 114
7960 2 2
4992807 29 57
4053701 43 40
5575126 84 34
4366 1 12
1606424 11 49
3474 3 4
490863 21 10
192240 11 6
115376 5 35
202796 2 43
2978435 34 50
23272 2 4
13993769 52 110
12577989 63 70
404230 8 17
87877 1 49
8293 1 4
109931 57 3
98641 5 7
146662 8 9
10072 1 46
1577338 69 13
1866683 18 40
2625344 43 83
1667692 50 17
982491 13 41
129049 21 8
20469 1 19
81787 30 1
6233869 121 23
45730 2 11
638519 7 28
22481 1 13
71953 2 19
1275838 13 40
433118 11 16
383909 4 37
597538 28 9
2863748 13 108
408398 5 42
274932 2 50
202798 7 9
573073 29 11
1944845 8 120
677137 5 64
379966 4 38
483435 8 19
299087 5 25
272671 20 9
617812 10 34
862821 18 18
116448 85 1
93237 1 35
468981 9 74
1363957 21 25
922568 54 9
8078635 69 36
208329 23 5
2961951 85 17
74390 1 44
1133487 23 23
54183 5 7
10628287 85 41
498408 33 6
27414 2 40
266213 9 10
2818682 107 15
1321329 4 116
7859463 53 128
567056 7 42
869022 8 60
125314 3 61
312634 15 11
4576014 23 88
1764799 21 93
24661 23 5
97506 11 3
5767756 16 144
1202574 17 24
2908 1 3
94081 3 16
78921 12 29
977803 91 5
131050 1 46
2890 17 1
41372 3 7
407901 11 94
790138 36 9
3328973 23 57
118901 6 11
82940 1 45
1551289 19 44
30088 4 16
119415 8 5
180441 17 4
1875859 14 54
1290693 32 28
379670 24 9
6673 2 14
147004 16 47
31341 2 7
21712 2 5
348238 11 14
2060046 35 35
320193 40 7
57777 1 26
5550 1 9
19858 7 15
6764696 53 69
1313705 10 47
293385 15 8
576923 37 38
79947 1 97
466295 6 64
301807 6 30
163663 36 8
101402 29 17
6214 21 1
2359819 27 68
74950 13 2
5128398 37 76
10036 1 4
1461789 9 57
2624517 21 59
686824 20 13
949707 11 82
10294 1 12
6889454 57 47
367780 58 22
5029 13 2
29899 3 5
137152 3 116
80089 33 1
67756 6 10
323555 2 82
2503087 45 39
102901 1 58
206308 2 46
5192 1 10
202420 16 6
8809 3 1
148089 2 39
1502 5 1
40439 2 10
22870 1 95
112220 2 23
182836 17 21
401697 7 61
205406 17 17
7738 3 3
258236 4 77
985940 27 23
951759 26 109
649124 7 44
492048 4 76
279250 17 31
127550 43 6
70941 17 6
37521 1 15
4155991 47 44
196176 10 12
1227723 8 47
9310 4 11
20804 1 11
446277 4 66
2304479 32 43
1974919 50 69
42202 1 19
22826341 101 70
3206655 36 40
9696293 35 121
1152517 17 35
519847 9 22
104776 1 39
1012873 3 119
106449 25 8
77815 4 9
193613 16 16
45392 22 10
308937 5 36
106206 2 86
235290 38 2
1106656 56 8
485662 58 28
804630 31 36
182557 11 16
110355 3 29
316087 39 13
1530014 32 28
66974 1 42
56929 1 57
208455 3 111
228481 9 14
731949 10 28
177315 16 8
20828 6 2
221647 19 35
38544 2 21
251846 9 69
7487 1 36
610863 63 4
208921 3 79
4286483 26 88
54363 2 16
19708 8 1
28137 2 40
15827 1 9
1475024 34 24
171276 1 63
3999545 36 50
670009 29 60
10531 1 59
2756235 28 31
101745 4 18
9514 1 4
477769 19 14
1189521 6 84
7803 1 14
245860 15 32
310266 6 27
148654 4 12
38979 1 15
342599 48 4
15403606 78 75
5337153 73 43
180163 8 12
107375 34 7
1654187 27 61
1198629 72 64
487360 8 74
829322 7 101
58190 4 8
477182 2 80
751174 28 11
725740 9 75
497635 12 102
5845369 29 101
3638864 93 76
4434206 41 43
525944 16 23
6253247 65 53
977843 31 18
312741 35 3
62712 32 2
1514896 17 97
63496 4 67
55929 6 44
276477 9 51
174628 51 2
14095 1 8
52116 40 2
1317367 33 17
103085 1 55
1504178 37 19
15943 6 10
166978 4 38
1731529 12 69
1927 1 1
4094124 18 102
680229 10 33
422771 8 87
9100258 64 67
1542 1 3
56398 23 4
7800856 22 119
54852 4 47
40695 54 2
130582 4 15
390843 38 51
12610 4 5
134365 8 25
6086160 83 26
3285394 73 34
794563 15 37
890986 23 16
29702 2 7
182746 3 23
6403177 18 136
103964 2 25
1024076 14 25
4031924 58 44
28548 2 6
61371 8 3
1002764 21 16
290773 7 51
563557 13 18
2172597 28 52
5487194 69 26
273354 55 9
25343 1 65
65906 2 79
221273 16 53
550297 33 6
57771 16 15
2828486 11 128
877663 72 7
255373 4 32
577735 34 14
1163 1 1
30361 1 30
61779 3 16
3181882 59 29
47077 10 5
415212 56 3
428470 26 36
1392574 21 43
6442852 24 99
10701 2 2
630275 29 23
25684 1 10
1952766 31 24
980090 29 16
487886 12 56
2026342 35 40
715052 8 33
544256 4 69
116264 5 14
18739255 71 86
914398 6 59
2842897 41 25
5822148 32 60
6674 1 26
165090 32 19
1456134 38 19
267983 13 9
91011 31 1
7167 14 1
30712 4 39
730317 5 45
2590705 17 67
182834 8 10
6746654 50 54
625857 18 119
50513 2 10
384666 2 61
1112424 13 49
69579 36 3
353 1 2
1961522 77 22
130802 27 2
2616 1 1
150775 8 41
185169 17 5
725948 9 48
289940 14 9
11963369 40 125
303925 3 33
214528 26 3
2600466 23 60
303159 29 5
181648 4 25
1234489 51 14
21293 1 43
1096552 50 35
595413 23 16
39480 1 39
2179700 34 25
1256873 28 15
250874 16 8
61409 8 12
892586 27 15
40827 2 7
231762 8 96
3669264 16 136
2159650 16 72
229217 48 6
48259 58 4
48348 1 15
469653 12 22
13926352 48 117
1565546 39 17
585151 2 121
2567554 40 48
5045 11 2
111121 2 21
4386198 52 27
412376 9 58
799732 5 88
35335 3 13
10453 1 46
32498861 109 92
1210709 20 30
11126 1 5
138295 1 48
54115 24 2
1463824 6 81
1145351 20 34
201992 6 27
3890265 41 41
18654 1 26
757644 33 7
310204 3 38
894061 16 56
200220 14 14
36898 2 10
35979 11 1
3619 1 16
92078 13 6
19889 1 9
513985 17 73
3520968 26 104
24980 3 11
48927 25 1
79875 20 2
79971 4 32
306783 5 21
310704 5 31
8820719 74 46
1479421 41 13
7718913 56 66
587400 5 53
718455 25 91
457354 23 20
82602 5 6
11196 1 36
368567 3 39
42543 4 14
5417828 29 88
46932 5 12
841691 56 45
313229 12 25
15393089 34 138
5977877 68 43
29074 1 16
4999995 38 66
301980 2 84
7835 2 2
545344 20 9
2714055 54 19
546066 16 19
561494 21 11
4544084 17 93
104506 18 4
24787 2 24
8883 2 5
72562 2 18
3967231 22 59
700680 9 26
1404397 65 7
88331 1 119
180019 20 5
112968 4 67
800974 4 63
1964877 53 17
204682 9 17
2942640 94 14
1899359 48 17
7980808 36 79
33133 3 6
28453 1 76
71095 5 9
3563539 27 72
885520 26 19
1486561 22 22
721471 20 40
591962 17 11
5922559 26 81
382759 7 81
111714 1 59
585861 3 62
334568 15 10
11419 3 8
8851 13 1
2385968 17 45
1840066 13 44
707595 4 103
481659 18 15
120374 11 5
1854021 28 26
3499317 40 73
1948262 40 16
3451130 67 25
229730 2 104
32758 12 2
258812 17 17
33774 6 4
602338 6 36
427674 7 27
19757 1 10
29695 2 10
362707 7 25
242307 8 44
1620240 18 37
177118 1 88
2020772 29 25
15137 3 2
430919 3 124
347836 26 12
85644 1 32
44054 7 13
15305 4 12
4086431 25 59
125781 1 58
78390 2 38
1021927 71 6
13404 8 10
