150 3178 1420
9 129 112 17 116 93 4 99 103 6 97 89 145 67 25 51 146 101 143 128 39 23 118 31 28 91 65 132 135 56 48 12 115 55 22 18 78 89 140 41 6 149 41 127 120 109 78 140 68 51 10 19 7 121 144 31 12 95 59 3 74 120 36 38 127 7 6 100 49 96 7 36 102 143 97 68 4 78 96 113 133 132 117 124 77 7 97 61 17 111 118 98 52 141 46 92 61 57 115 149 42 72 72 142 23 112 28 26 43 27 140 12 12 124 49 67 61 6 38 2 136 31 90 105 65 146 124 98 90 86 65 112 98 52 70 149 35 38 1 126 45 125 80 89 16 26 39 23 137 86
200584 3 57
348560 9 36
228263 7 28
1093607 66 52
149842 2 57
107646 18 61
2064985 20 104
94721 9 68
860382 29 29
274251 40 28
2973453 68 37
64817 1 72
5032 3 14
83428 8 13
940466 78 12
83105 5 20
163422 9 18
32834 3 11
15727 15 1
310917 9 40
17780 37 2
49755 1 38
2131 1 3
3286659 31 84
150959 14 58
1043288 23 41
562234 12 78
168376 28 6
418695 7 53
2772 1 34
308767 14 22
98930 6 12
246810 26 124
177972 8 23
7680 13 2
43866 25 2
566923 12 42
160829 49 4
605681 10 54
109190 77 9
307264 11 57
179682 14 11
134463 19 5
1474449 27 62
748110 34 25
16877 16 11
742295 10 58
5278095 84 86
88751 9 16
61075 14 5
55663 1 74
654692 5 110
54358 26 2
94823 19 23
1196 2 3
282039 9 86
128264 2 72
62155 33 9
10826 12 1
32547 41 1
292865 4 94
510379 16 23
444147 5 106
441528 15 26
32594 7 23
930131 76 14
834013 41 59
103203 19 9
205833 5 35
377849 4 87
852898 22 42
92707 9 36
116017 9 67
12480 12 1
54733 2 78
6763935 74 115
10751 3 5
685753 14 50
333385 21 18
844612 9 94
1048294 22 92
381084 17 57
1762165 78 78
1398004 47 59
776540 51 34
155035 54 10
63798 57 15
4063439 27 134
551322 14 29
203358 29 15
22086 12 3
14269 1 20
131165 15 8
138281 2 49
1791207 70 19
157633 10 20
16861 27 3
2206 1 10
3510913 71 46
5921 1 54
21226 3 8
426268 7 59
142762 2 79
13950 7 5
361216 18 27
20751 18 3
10760 3 47
1080944 42 29
48758 14 8
142823 8 16
2857084 47 43
39798 6 8
2116 3 3
5000170 73 67
205374 8 25
1303118 26 54
3837998 98 43
8885 1 98
15372 1 141
13596 7 5
10667 1 20
4497 2 12
45309 6 26
410718 8 46
18248 24 9
40032 2 79
778914 6 108
155883 7 27
62387 1 50
165416 5 45
60169 14 5
14719 1 12
569161 30 16
142478 43 4
524246 17 102
35320 1 29
113853 4 28
350885 57 6
11564 1 20
41049 8 27
966469 32 31
52375 17 6
2980 3 1
9904 13 9
5313 1 44
4701 3 12
334025 12 24
253058 56 29
593086 13 36
246727 5 53
343824 25 38
518514 4 116
312044 6 53
467637 91 22
88780 70 1
82447 12 39
291682 9 59
38588 8 28
202979 21 27
159399 14 55
156528 1 117
1498679 42 63
706539 12 47
676142 11 53
166645 4 44
256019 6 57
23302 5 5
127271 7 16
1338925 31 54
251138 41 11
6074 1 40
656506 27 105
258873 15 19
93821 19 4
41426 3 32
35288 2 39
32821 25 1
47662 12 15
29609 27 1
1010394 19 70
692513 33 67
138263 8 29
68487 4 35
51668 15 22
349546 12 79
351449 28 16
40898 17 10
17909 1 17
11038 2 27
2079480 17 133
2120979 27 62
456694 25 21
826042 7 90
60193 7 12
2597622 52 47
326891 45 9
1260514 22 53
194493 10 20
330321 10 36
3035 1 8
391789 75 29
175055 2 91
884978 31 29
3027831 27 93
576027 64 86
608588 7 116
656427 22 28
83076 2 72
64450 8 6
44512 1 72
4452 1 4
89530 10 25
2062633 60 26
1322 1 1
1721931 33 72
23055 36 3
2810415 92 30
106210 17 42
311 2 2
271691 9 40
855771 12 94
48412 14 18
1804935 27 60
1295533 22 44
171642 6 22
1054090 51 37
23997 41 5
3727969 76 35
365614 6 73
43475 6 10
112521 4 45
920 1 3
161607 31 6
10828 3 5
217311 4 48
891635 49 20
1319142 22 50
5396 10 3
37740 12 5
1330162 36 50
4946235 29 128
27441 1 56
1328346 23 113
3193 1 16
169456 10 13
151589 3 56
450466 13 87
5311 19 1
69257 62 3
174427 4 36
553142 18 66
29147 1 57
221027 11 18
7561 1 9
82459 10 6
8609 4 2
700715 22 24
3654507 39 71
582325 8 129
4995 21 1
22938 49 2
295815 19 21
134538 4 26
29081 25 2
106826 39 6
30222 1 37
1099506 18 70
115776 35 10
1063469 15 84
272638 9 36
1129127 40 38
1188719 14 89
299716 2 121
28329 7 5
301624 22 10
225925 60 10
1763544 15 89
45544 51 1
125951 4 24
840 1 1
243232 7 45
780854 46 23
21911 4 23
1663284 45 88
152487 26 6
7521 8 1
17385 3 77
2261 1 13
5067 1 32
936834 24 65
480685 42 31
98853 2 37
10934 3 22
13306 2 8
7117 1 37
11043 5 14
121102 2 60
6807 2 41
337966 3 93
202625 3 79
27699 17 14
372515 6 62
277024 6 52
1045820 16 58
378309 52 29
440294 14 28
14113 47 3
26033 60 1
295271 5 111
303359 39 93
785818 61 17
198576 5 40
4168558 54 57
914381 19 39
932938 20 53
42516 1 31
551652 45 20
70175 17 39
251532 17 19
120246 104 2
226445 6 37
1862922 52 35
262779 9 90
55225 12 47
25781 1 27
1656298 17 86
42326 15 21
163544 14 19
9994 5 8
870602 9 106
489656 5 89
1021298 67 29
594752 17 28
549965 9 48
34558 7 26
277414 25 14
2209 1 13
195000 5 80
20534 1 88
73180 3 27
1828490 12 115
162972 38 17
95700 1 70
55635 4 15
5460582 113 35
9473 1 13
586758 9 87
410423 13 33
210875 4 44
344 1 1
522991 38 14
381341 71 43
7303 4 4
35863 2 13
534776 67 10
278169 28 54
128521 2 48
5104616 109 90
4766 4 4
722493 16 40
3495 4 6
7504 3 7
193699 71 3
1010826 6 133
273557 74 4
1603450 24 54
50508 5 26
462695 5 124
179580 6 34
101799 1 75
284144 44 57
2352993 46 52
40629 1 43
259688 6 57
562406 15 55
783047 71 9
2663536 20 100
2821457 49 54
9443 30 1
1707066 16 100
299806 7 37
569679 25 32
20052 2 68
46373 14 3
178786 15 13
464062 9 72
932486 41 100
36033 28 1
104629 2 38
381345 83 30
171133 76 16
104340 4 29
22701 1 24
1083900 32 65
292341 61 5
8959 5 25
118149 18 27
1203628 35 32
324 1 2
98485 4 33
111323 12 9
89465 1 65
99933 47 2
1092794 65 35
1005162 25 80
13376 11 1
613821 14 68
12148 2 13
1051833 16 48
158730 3 67
242048 47 4
75164 1 97
444775 16 25
731984 26 26
286125 20 11
1081297 67 13
119322 14 21
22825 3 10
7301 1 10
113880 1 135
307892 4 71
777746 62 16
8942 30 1
139901 78 2
207501 10 18
29089 2 29
564866 10 77
203037 33 12
11245 3 8
32758 12 9
36965 5 6
590837 7 60
1634276 26 70
333062 4 65
172788 10 15
267403 9 34
948734 15 110
877615 35 27
1334937 38 38
340055 46 14
188712 14 24
23739 2 70
6349 9 1
18354 24 1
176297 16 35
8469 1 9
779256 29 22
601797 31 14
105077 13 37
4908 2 8
74752 1 74
486798 29 18
4522 1 18
344686 58 6
48002 3 28
126773 34 40
5813 1 12
3256824 41 107
38156 9 3
55248 85 1
38531 12 3
187588 17 11
55903 21 3
61037 4 102
843650 13 58
45056 6 9
183563 5 51
217276 39 17
150775 9 18
41773 2 29
19887 1 62
86850 14 21
12758 6 26
14437 1 66
2583474 44 57
3294537 56 59
7414 17 3
441935 73 8
16653 12 1
388649 17 53
4219 1 31
106344 5 38
145061 8 67
1374327 37 33
375370 9 44
214428 19 52
54966 1 50
699030 34 34
129716 4 26
69178 4 75
77241 8 29
34686 4 23
8578 2 29
325147 5 82
218383 33 6
375458 21 16
134751 6 19
14946 17 1
39898 2 29
7947 1 23
878 1 1
7058 1 8
401559 56 12
5037416 72 58
388394 11 44
23475 6 13
3301 1 15
31332 3 11
509722 11 40
5670661 55 129
153560 13 13
65484 1 48
934976 69 30
37913 17 23
14457 11 4
325248 3 125
1603081 66 33
359423 40 45
380319 6 60
213757 2 97
43672 5 8
300328 11 22
25438 4 8
57397 3 19
27617 12 8
11371 4 4
98369 2 60
10254 1 64
5350 1 6
189601 7 56
109837 6 15
706816 8 77
158160 20 91
1501881 18 61
182424 18 11
27805 1 31
2742758 61 44
1385723 35 39
706514 11 53
40432 1 35
270506 3 108
3262397 40 113
235414 44 26
719323 8 109
2856 8 4
2120120 23 108
110315 6 24
242518 6 49
2064103 58 41
136826 8 15
867313 73 13
14128 1 16
1264750 72 16
30844 23 2
359933 58 30
19819 3 5
71266 15 4
200025 13 18
2059581 81 32
19525 3 6
5905939 81 60
159047 3 49
24157 4 23
39953 2 26
149941 22 15
323946 47 24
3553905 76 42
327007 7 70
566335 21 19
12101 4 4
167429 29 31
107860 2 47
300811 10 40
891827 42 29
154827 7 23
3582656 35 83
22053 22 1
129216 2 86
18605 13 2
2821853 31 125
71958 11 5
150606 6 22
1430849 13 118
36165 43 2
24932 2 17
194458 48 24
188793 9 25
50838 56 1
13109 1 14
1623882 30 61
531167 56 8
558375 14 41
224853 9 22
171049 25 8
920498 11 92
149774 2 72
64409 4 40
69182 1 89
48938 11 5
334271 8 35
6551 1 6
2685167 30 73
1100438 30 49
30042 1 24
2692363 24 102
5474 2 5
128183 7 15
68965 3 26
97986 5 20
35948 1 27
72727 11 15
73784 3 33
8762199 99 67
117097 17 20
59693 4 45
95102 22 10
15598 7 13
33742 14 4
2614 2 14
56204 2 30
503537 37 43
32262 40 11
179526 26 8
1426822 12 99
593069 24 28
275073 40 7
5739 2 14
307896 3 87
66574 14 5
351332 23 15
1159306 21 66
41846 2 42
76236 17 52
120307 30 5
325237 4 77
1650880 27 70
87960 10 11
36790 2 35
515561 18 26
168512 5 38
11711 2 37
1701506 17 105
827601 29 76
47590 31 2
80791 14 52
76078 14 40
406640 44 12
492255 37 21
14477 38 2
48736 1 37
4261 6 8
4811716 45 97
33015 43 1
122220 2 47
13207 3 5
51823 2 26
276571 20 44
566 2 3
46903 38 1
108301 30 3
346707 23 25
711262 21 35
25031 5 6
1834873 33 69
12836 1 21
34623 2 35
263956 5 47
1423450 23 60
66292 53 1
176128 13 12
405069 17 33
2153690 33 55
227478 52 5
21746 1 22
2202420 38 44
145734 34 6
296500 3 72
109936 7 15
2869 2 14
65119 9 6
1644083 28 65
2553819 50 56
491751 58 8
308507 9 28
391204 44 18
599288 27 45
789445 24 39
38653 38 6
17933 1 16
269645 5 71
157941 19 10
2364496 70 48
1016969 9 90
578648 11 41
22750 27 4
69538 9 16
2115634 98 110
341076 80 27
374333 4 93
25977 74 1
65976 29 3
788095 19 42
7552722 43 124
807010 14 84
163970 5 67
77597 3 21
524824 47 10
465811 6 66
46225 1 67
116828 5 47
28827 6 4
109728 26 3
164132 21 19
97846 37 14
75340 3 43
473739 29 14
13074804 95 104
35640 1 26
552685 31 24
40530 5 14
21815 2 33
482 1 3
75776 7 15
1439393 15 72
71621 9 27
676063 44 17
288090 10 91
256639 6 65
132425 17 48
80245 11 52
83487 8 10
985 5 1
919733 38 101
100321 6 51
878415 19 58
91288 20 6
60168 1 89
709428 11 101
21793 24 1
108967 8 25
1069218 25 49
168619 11 20
1429338 43 35
463364 11 41
13408 3 6
56473 1 47
5161 1 15
242516 28 10
132194 2 68
209024 13 78
38612 1 46
718529 19 38
1443569 32 61
26646 1 28
139183 2 61
13305 1 12
11685 15 2
998947 15 77
1224130 31 49
779859 16 52
661379 10 73
75541 29 2
46983 2 54
162756 2 101
2237315 23 73
109712 13 21
104365 14 8
100265 12 7
842485 10 99
175883 13 100
10482 2 7
13105 2 89
22141 3 30
532787 10 77
202364 18 9
190729 4 35
124469 14 41
2287886 40 55
278578 17 116
97466 13 40
15463 22 6
65147 7 69
18290 7 27
7940 2 19
513706 6 64
1285387 35 92
1883455 18 106
46266 2 23
31081 16 2
16840 1 15
122979 2 101
622332 11 41
146009 10 19
192810 4 49
19392 20 1
212785 25 11
305620 5 79
2056603 27 67
10051 10 1
537763 28 19
655666 26 33
22411 1 16
286043 5 56
219064 46 5
170188 37 20
219995 31 9
219416 30 16
60480 9 7
659803 16 47
1569788 17 84
4775892 57 84
119032 6 14
537038 21 28
7296 2 16
189898 20 10
95692 2 46
2180183 86 45
1104 1 12
628104 16 39
284046 5 65
1557415 49 71
81596 19 45
825747 9 66
164580 4 39
1698 4 4
575344 17 41
477059 11 43
1435 1 11
3224369 44 75
89082 6 68
25914 10 12
14914 1 16
3680216 83 54
26617 4 24
161661 21 7
684463 13 40
3887923 51 62
315076 11 37
21478 2 12
224369 8 30
2727075 65 38
1412601 16 90
1686319 32 46
119081 8 20
23187 26 10
67255 15 58
198603 26 67
17495 1 17
52303 6 38
14001 4 11
1106422 21 59
52504 6 17
302368 48 14
22471 18 1
21578 10 3
59487 6 9
300580 17 91
822048 35 31
6238 3 15
2501004 101 21
9434 2 4
20300 1 23
1669656 16 121
252029 13 14
315648 7 62
11818 1 38
1005697 32 27
121205 27 5
232822 13 17
22998 4 5
2328031 41 74
183472 14 14
764120 26 23
291131 53 6
1078 1 7
6013 1 21
83759 5 56
71246 25 8
29214 3 21
1033143 26 42
46415 1 48
329621 19 73
1256142 50 110
43406 7 6
725860 32 29
26460 7 4
42467 10 4
594989 14 67
14279 6 2
1125916 35 26
362787 8 58
1048259 39 26
2680288 110 18
531284 30 24
514072 8 52
67153 1 62
210850 16 10
260274 2 101
88134 6 17
76322 1 69
187389 46 8
18910 2 9
81584 2 43
297212 5 77
385228 32 32
25155 1 20
1299876 9 115
2582642 31 88
227850 51 14
89556 1 79
63500 6 12
2483788 41 59
384819 23 20
997475 46 21
117065 69 3
1240676 18 69
82600 3 32
366332 22 27
44977 13 42
25891 7 4
45785 6 10
866287 20 47
1823761 12 113
1529366 14 98
185001 9 34
1357907 15 76
5928810 50 84
49337 1 59
1254424 30 76
24559 21 9
4606 1 12
196625 30 7
178906 6 48
648963 78 9
30342 4 6
219177 14 26
195149 2 95
30015 20 16
2012690 44 40
18340 23 5
29965 4 9
639616 26 71
205294 17 40
12214 2 7
7073 2 19
77909 3 52
954596 21 39
396068 24 13
1126006 34 33
2065154 16 105
9804 8 4
623055 13 51
1275207 8 120
33581 1 36
2471623 56 47
326586 23 19
324827 44 35
119618 9 31
178346 18 29
29914 1 53
47445 13 22
1065057 56 18
4761897 64 80
703354 7 148
958 6 1
9484 3 4
108414 3 96
123567 11 10
182496 15 44
7253 2 3
37817 8 43
1566439 41 40
5627 3 17
85419 4 41
34703 2 61
51017 5 55
574710 33 13
1702332 17 125
350763 16 19
492542 25 37
4905797 78 59
57333 2 35
4337892 50 127
147263 8 29
3672 1 13
12571 5 7
66836 16 37
55636 19 3
971464 12 70
382887 42 46
68994 19 3
595 8 1
7761 2 16
11216 2 74
6233 1 37
1544885 40 38
126 1 1
185104 9 19
389497 31 13
14412 1 56
10671 7 8
836159 80 8
903977 52 17
8662812 77 115
42193 2 46
1632583 17 78
35922 1 60
10817 5 12
327176 47 7
1307283 15 144
556042 9 80
248743 12 16
75657 50 5
551051 7 56
372827 21 97
33610 32 9
222215 16 13
443350 49 10
10623 1 15
5532894 64 78
51533 20 3
45198 7 32
720437 33 21
3235029 66 113
233 1 3
20267 2 9
450011 29 42
11213 1 131
49443 18 3
6138 1 11
334843 44 10
130914 17 21
98351 9 15
401013 18 28
950647 12 100
33234 4 10
1654466 9 136
188630 51 3
5338 1 5
14748 2 23
27179 9 4
147157 42 4
500169 95 13
556073 21 61
8138 4 24
158134 3 56
588899 53 46
346 1 2
1486194 11 109
307679 4 73
691920 56 21
1032862 11 108
325419 5 61
12088 5 3
44690 29 2
537516 31 43
3970 15 1
239419 2 102
27323 1 104
69612 7 12
130993 3 50
641987 10 46
28059 20 1
174200 2 98
1129369 110 52
811181 38 27
32972 17 24
55348 1 42
2987744 36 61
111750 9 17
1064765 14 68
2539 7 1
648744 37 17
1753945 36 67
82168 1 108
102708 5 22
52533 22 24
810815 16 43
182986 10 15
1495888 49 50
162926 7 74
27315 6 39
714955 14 51
9921 6 3
2302630 49 61
281075 6 58
5298 1 4
447101 14 82
11358 2 4
18797 17 1
946876 7 99
115430 15 14
169457 11 17
9963 2 4
53983 3 127
141851 7 18
69662 4 31
1655326 27 66
2937 8 4
187127 25 9
459501 55 14
357709 24 24
1230892 14 78
63667 7 7
33752 19 15
2223486 73 34
11458 21 7
516271 30 23
12347 3 32
372197 34 8
37972 1 38
27168 3 10
143489 1 136
2961805 55 74
188215 9 35
43342 2 23
548375 14 73
52617 3 19
28092 1 43
152377 6 19
19695 1 58
91766 3 29
24961 9 7
42322 3 20
1220286 30 55
94971 2 87
276822 28 25
1249230 21 49
1759263 47 52
1982 1 2
1841825 50 32
107835 8 13
136421 4 39
40904 1 111
1676 4 5
137382 17 25
391504 24 15
2909 5 1
929443 11 101
28876 16 22
92840 23 4
173991 18 13
429150 17 32
279778 67 27
109878 5 123
13418 34 2
1186 1 2
66398 21 37
186178 3 93
398218 13 41
578581 22 36
60390 10 18
45789 34 1
41504 3 10
174472 29 8
230275 3 66
527081 10 53
478 1 1
13663 14 1
1717745 39 42
147353 26 7
23647 28 1
226421 29 11
699929 114 6
26738 16 6
1367 3 2
175899 38 4
313217 10 36
23532 1 26
629879 27 32
1077546 29 79
18677 1 29
118046 10 16
21907 31 5
191129 8 48
148010 33 40
261 2 1
78739 4 67
70876 26 11
182460 28 5
291612 18 14
49901 1 36
2639 1 2
40544 17 30
19248 3 5
30564 7 9
154474 10 12
41630 2 103
29470 1 36
65964 21 25
1006916 15 74
232739 19 91
7854 1 62
4813914 41 99
249372 9 23
1696866 13 124
27036 1 22
191327 18 10
354828 41 21
1692490 37 37
1497470 19 82
3554638 101 54
253415 4 86
2988401 38 56
56536 81 1
8853 1 53
818639 24 37
199484 5 52
77513 89 11
30800 9 6
13517 7 3
525107 43 12
299317 8 28
38136 1 65
31511 6 9
948068 9 79
520586 74 8
94531 10 11
70793 4 41
1869103 79 28
31349 1 34
1088941 35 40
327837 45 13
45873 1 39
2068406 17 104
352281 30 16
67484 1 57
179150 8 26
4479655 34 122
813764 22 88
3639539 92 63
2168486 75 25
149773 18 16
44449 3 15
53689 5 14
148120 43 9
2107697 67 32
348963 17 24
88597 54 17
30549 2 12
18147 63 3
237590 63 8
346926 17 26
389337 20 52
584110 6 122
710198 24 35
13080 40 3
396215 33 11
473464 14 30
2254 8 3
55055 4 24
801665 25 40
2954750 33 109
19067 4 8
617684 28 22
80255 34 9
9547859 71 95
8177 6 1
272716 3 67
7466 8 2
2454117 71 48
303241 10 52
158749 24 5
186491 14 11
105609 4 36
21843 14 3
43813 3 71
382850 27 23
54655 1 71
240431 23 10
46945 3 17
34847 8 16
1636537 21 72
77398 1 108
62742 22 38
8752 12 6
256811 3 78
1818029 16 140
19843 1 21
4667 2 6
35772 5 23
5113 33 1
63392 5 38
169774 10 91
625319 35 13
57982 1 63
3339858 50 72
129813 109 5
1241 1 15
104211 2 72
120595 12 25
8920 62 1
619576 14 41
469902 5 97
1814756 49 61
409840 3 126
27906 1 70
2865779 53 59
254301 6 30
18518 6 3
1142874 13 97
78249 2 53
59374 2 29
41366 7 10
3574012 69 44
5956568 43 125
428558 6 92
67483 1 79
30333 8 5
433077 32 75
193346 13 16
7182 11 2
75746 54 6
12431 3 8
27518 11 16
86261 3 22
4074920 61 83
337455 12 31
103787 2 43
16316 4 5
81122 3 33
19050 1 22
254015 39 37
311378 16 22
1694975 26 70
364928 15 60
354430 5 53
71642 17 3
250068 33 8
1506721 41 26
9929 1 49
1418944 23 120
20638 2 17
397203 65 18
124457 2 55
2872041 59 63
84899 5 120
5920 19 2
61591 12 7
2325517 57 36
197150 61 12
1300220 84 21
86088 5 13
28932 5 71
967564 22 63
4108 1 10
2327424 23 126
133482 44 4
176895 8 30
1763951 30 60
8688 27 1
117405 39 9
1994 1 6
1929698 26 60
438744 13 41
255612 20 20
1088545 18 78
3556 5 1
84722 7 42
439714 11 45
20775 1 19
506775 35 19
10554 2 10
78 1 1
51551 5 9
1871365 61 41
521252 9 69
1236216 71 32
2281482 63 36
61443 32 2
339131 58 48
715061 15 60
8517 19 1
467410 48 52
4693 21 2
1215388 42 38
9497 7 1
54767 4 19
697382 41 16
31969 1 94
1328 1 1
1065158 17 49
9756 2 46
84756 7 16
325633 8 81
805308 87 33
30653 5 5
5985 5 1
12181 30 2
145895 52 19
261538 13 117
15128 7 3
897214 30 27
3592647 35 82
62743 1 49
1912576 24 75
6028 10 2
2427186 17 122
125987 13 56
320014 94 7
279507 17 20
71034 12 8
2721 1 7
20670 2 9
99025 33 18
273147 5 80
1213759 16 78
16452 3 8
36166 49 1
535712 41 33
2036 1 8
13937 2 9
1415919 22 50
87893 2 48
435375 7 75
39569 3 38
1183449 14 69
90456 6 45
277848 5 69
581586 33 30
56993 3 25
6482 3 9
2401787 28 89
193063 8 30
204548 26 10
796977 31 29
1010300 45 47
1086097 17 77
42554 10 4
46151 3 43
4741 1 4
12897323 122 81
9503 6 2
166567 7 24
30590 5 9
149445 5 39
23692 10 2
112256 3 28
312964 3 87
56282 1 54
242329 3 73
82259 2 31
87025 13 8
152039 15 22
1805835 36 68
1416589 31 82
954302 47 19
183353 41 4
38203 4 18
500038 18 92
26292 1 21
167608 18 31
29031 25 8
1102871 17 66
81087 51 2
594264 9 58
295 1 1
3609 2 3
9961 1 13
78866 11 7
758213 28 32
131329 3 40
91420 21 4
2004897 29 114
1125835 56 76
1017530 11 66
20583 6 3
286386 37 6
546001 38 11
18562 1 19
42650 6 7
1366014 51 36
295970 15 49
7966667 86 100
148098 3 37
17100 1 16
39234 1 52
12001 1 71
54596 9 17
263316 4 52
8861 4 15
862920 13 60
415039 7 80
263141 2 110
828193 21 31
28398 1 35
28781 19 7
11280 1 61
464291 15 101
32800 30 5
797029 19 49
13010 2 27
129997 1 97
132063 17 9
43760 11 5
6471933 80 77
57217 2 39
1483301 35 50
277500 31 7
345365 19 26
119576 4 41
26400 73 2
69702 20 10
1168839 35 45
16918 6 26
54532 2 29
182864 9 55
73700 6 13
47087 3 15
244110 3 103
450747 21 16
290834 27 12
3031068 26 120
191699 69 3
1515773 14 87
281632 3 106
173163 3 92
134972 1 101
8259 7 2
1467561 35 42
113798 15 8
1165271 26 55
21749 22 3
7330 1 42
70262 28 4
11576648 110 85
23585 40 4
16266 6 2
271207 60 11
118994 64 2
101066 1 87
66680 20 18
224660 13 54
382048 7 61
2800507 67 51
147056 4 45
158621 18 7
73131 18 20
32498 30 11
849187 38 17
14605 8 15
406274 8 56
1899635 56 33
1214338 43 22
2207724 39 41
116129 20 70
21990 1 29
415567 30 53
23018 3 49
53651 3 43
453046 8 75
37089 1 50
6441 27 1
140537 82 17
130526 70 26
23137 2 12
127042 13 8
860525 9 89
156454 11 55
35788 29 1
281 1 1
53838 1 69
3273 1 3
88011 1 109
134363 16 10
571095 15 52
15966 5 11
89797 14 7
330830 33 60
142946 5 35
422527 38 66
65226 5 13
180490 50 3
52912 41 4
108631 23 5
28648 7 3
3191422 53 66
477478 11 48
34431 6 19
22509 1 24
170502 10 22
27235 1 37
505041 21 30
211324 2 88
425488 21 130
1260292 68 19
58604 14 5
1392792 27 49
220382 6 70
10166 20 2
21277 4 50
155918 17 8
126144 102 3
120604 1 106
197121 3 47
103317 44 4
162276 75 2
112580 8 37
481013 44 15
131436 18 8
104005 12 50
229980 5 112
1203768 20 52
308291 17 15
51626 1 46
149392 1 134
435312 8 45
635011 16 39
73928 6 21
224942 5 58
3405210 28 116
652 1 9
180145 31 42
1572777 19 89
164327 3 54
114427 1 117
17473 33 7
1154138 44 19
1635862 56 27
1257158 38 31
13303 3 6
1495604 20 70
217581 17 13
36163 3 9
47561 2 137
75515 1 55
127373 19 16
218087 40 23
53073 2 22
2935 3 1
50229 4 48
213220 10 17
107165 6 30
337865 7 46
96159 17 36
57584 44 16
6797 8 7
318148 27 20
17615 16 1
1188887 10 100
67143 2 35
187599 2 106
162194 2 76
3775 2 9
167724 8 15
1183574 8 116
60698 3 24
170816 23 8
208311 14 24
661835 7 125
962904 12 66
2086754 74 39
42755 11 7
53053 6 13
73873 4 52
561764 7 92
945013 15 58
23024 10 13
2033 1 7
4000 1 3
210237 31 21
1284672 100 10
14501 1 47
303366 30 13
447626 39 11
22225 18 8
241887 3 106
925580 96 13
921018 28 30
339438 25 11
88692 4 55
609393 51 19
207350 28 14
1967040 28 71
178554 8 26
1629223 83 22
66026 1 51
78924 9 7
1869162 51 130
1450987 63 17
29614 2 19
27706 1 23
378593 30 44
317778 11 37
37424 6 19
54151 4 17
49634 1 95
52530 22 14
12342 10 1
18091 21 1
25624 3 63
1990374 60 30
41553 29 3
394115 5 92
390873 14 20
30296 1 22
12870 1 12
103335 3 58
702192 45 12
17278 6 8
16438 31 1
22148 1 24
50238 24 2
6568 4 2
595746 15 50
12259 5 26
237806 14 15
45012 1 109
8243216 64 126
146591 5 30
12202 1 45
301509 3 117
81306 17 42
4603 1 5
419016 22 15
832280 26 32
18088 4 4
177723 24 16
65454 7 9
96646 73 5
199763 5 97
19857 1 19
359573 21 49
356819 53 9
291303 69 4
164533 6 26
67580 28 28
120297 26 36
30069 16 2
393319 22 55
1130586 47 108
700809 18 42
1205 5 1
23544 92 2
229105 4 60
79697 3 28
149809 5 43
51231 31 2
423850 17 24
721716 24 28
33840 3 12
1366233 32 45
1595982 23 75
755 1 7
4166212 65 80
37921 2 106
326100 78 34
275770 10 21
51947 5 29
40967 11 23
666159 83 23
132893 42 41
969510 48 33
38427 5 23
513444 25 18
986699 17 60
164787 56 25
2203184 60 26
8640 1 55
862162 16 58
4189032 84 41
36620 1 34
11687 2 47
10118 12 1
147810 6 25
9059540 99 127
103337 1 97
55872 17 6
97890 57 7
156312 5 24
85322 3 27
1494144 71 22
772809 6 108
414281 11 49
173218 1 130
49921 60 1
116401 27 4
7129 1 6
45240 6 30
107096 3 107
97913 94 1
309612 5 97
185387 7 34
4789 1 4
23376 17 5
1915029 31 85
222535 12 19
672113 18 40
1004783 74 15
47996 9 49
835096 58 16
14836 2 19
209576 20 12
19048 13 14
5131 1 11
924555 15 80
35809 2 25
1948 1 2
191064 21 12
268039 31 7
1011108 15 73
465229 19 26
1321 1 6
167656 2 85
645147 25 19
1692254 57 39
642544 9 80
640738 19 29
362790 24 18
632268 35 16
135722 10 20
3176120 64 106
28775 3 9
2167 1 3
159588 10 92
1636507 89 18
999200 36 28
40797 2 23
961942 12 65
425488 54 42
2710 3 5
23541 1 18
20627 2 93
7612 1 8
163135 20 13
90600 1 106
74270 4 17
358045 9 116
2597930 24 112
23728 10 13
28913 5 79
1105917 30 35
115108 5 100
81511 14 17
3034 10 1
604757 45 14
189095 20 30
216600 8 32
9939 5 2
40782 3 13
75954 1 59
993699 50 15
405958 25 32
22208 4 7
1060286 8 94
36655 29 1
1182203 80 30
75758 5 15
24205 1 25
1223 3 1
28664 50 1
41596 13 4
26306 3 43
12169 3 3
805784 49 19
1514150 21 66
144113 2 57
20713 44 6
269046 4 83
77750 2 35
30862 33 1
583826 54 12
120627 5 25
583821 8 55
1257 9 1
362121 25 22
94069 4 41
858794 17 103
12650 5 3
578023 13 47
991774 25 30
19689 1 41
957302 37 33
161086 17 18
28949 2 15
396976 19 47
677218 45 15
23040 28 1
350926 43 17
56820 4 14
709582 30 27
121670 21 44
708822 23 83
111986 2 91
2378602 51 42
3087 4 1
377340 28 16
23989 7 22
694729 18 42
102236 12 10
1203063 14 84
1512 4 3
9751 2 37
1174408 19 52
1956265 107 17
374054 90 10
393424 27 11
144800 35 3
448781 11 38
118423 28 23
38656 3 74
18262 1 49
12288 3 20
1228971 37 45
4985147 84 59
39572 5 83
389164 20 15
267069 25 14
627219 115 57
16437 12 1
936 1 3
81526 12 68
265726 17 87
191290 6 24
3504 1 5
2276 1 19
313525 22 18
612549 76 77
273565 5 39
1962 1 15
279036 19 12
275782 16 69
114865 8 12
20997 1 24
45613 13 15
1311060 17 103
14198 9 7
2001557 102 63
10281118 127 65
84893 27 9
110276 4 116
182141 6 40
11068 7 19
447351 21 77
7486 13 1
70225 29 3
646813 42 11
37741 22 8
26288 33 1
2394826 27 90
3460 1 3
695690 24 38
83835 15 16
25035 19 4
13080 3 11
2270483 49 36
402360 11 48
11397 3 4
9937 42 1
3635627 48 101
1556271 45 36
2009993 39 56
161101 16 57
385582 9 62
121255 3 49
2243935 36 86
38426 1 46
2162167 30 73
309093 10 29
25646 2 24
184972 15 90
43367 27 19
168388 2 74
2544480 36 66
209315 25 26
138565 5 20
134646 32 4
998935 29 77
708142 44 23
259256 6 68
279642 7 49
499485 16 39
30321 2 19
116081 4 40
2936981 43 60
287670 5 45
97481 9 9
3870 4 2
2114 3 3
3796 3 1
487558 76 8
245105 21 62
42005 8 7
279925 55 28
3000054 63 65
21715 2 9
181290 24 22
416006 19 40
3862 1 12
204461 20 16
93164 30 42
967264 42 22
365138 14 32
390622 18 20
5109 1 6
10461569 93 116
291884 69 21
861399 21 138
7029 1 9
740278 13 76
433725 44 12
401875 46 7
3491591 82 47
39630 9 38
609337 9 94
2757 2 5
965317 27 60
4209240 42 104
39811 5 10
590147 35 13
380409 13 54
8112 8 1
1046643 52 23
6067695 44 98
140274 21 7
7492 1 30
141002 1 118
294236 70 4
1019 1 1
11331 1 38
575998 26 22
317497 4 77
1765747 57 24
1125479 32 32
350367 98 11
4791903 74 63
32384 4 6
175414 5 47
1495178 9 124
163508 2 83
264058 8 40
258400 22 49
364623 3 102
1075801 15 98
805840 50 19
877776 12 89
1947238 32 51
181565 39 6
859801 47 19
95515 4 22
61140 4 11
749448 20 39
50994 7 7
1977 1 3
1105602 23 52
17659 2 8
141991 15 11
9354 2 4
13143 10 2
1499500 15 74
9605 1 10
65995 60 1
539107 20 22
13133 9 2
9394 4 6
9100 3 33
170818 4 33
8639649 72 102
92961 4 18
649498 91 9
542602 12 60
3298 7 1
8148 8 4
763204 27 80
174324 6 31
15382 2 8
58513 3 20
283423 7 55
169811 19 9
162751 4 76
356657 46 8
140943 13 11
34810 10 14
227129 29 8
4592 5 1
1674060 21 85
102449 26 30
165149 6 96
221699 5 37
110352 24 4
4763 4 1
495931 18 28
301054 47 44
13921 30 2
69533 4 19
1571737 24 59
4233339 38 111
64615 18 21
2038995 35 59
476480 12 49
3171 14 2
69679 8 7
36608 1 43
26443 3 13
24556 4 29
19381 8 3
1139802 11 83
4033 3 9
3194506 75 32
192 1 1
48764 1 71
69984 2 62
90379 25 8
1035344 7 112
5100 1 16
503339 30 50
83173 4 28
40634 1 32
294799 7 30
167596 6 24
45386 1 56
51240 17 3
7687 3 26
1711277 13 101
75389 25 4
23681 15 2
316650 8 41
1996 4 3
162156 43 33
161673 6 38
535 4 1
43164 2 28
14824 1 61
25895 34 1
112803 12 15
15366 2 8
1046279 21 49
29365 2 138
267848 44 8
853484 21 65
119121 2 49
361606 30 85
259454 9 53
329952 66 4
8318 1 6
22779 1 32
121872 7 23
51928 36 6
48377 1 120
70339 16 6
3309998 34 81
1005019 12 78
25330 2 11
230905 35 67
251768 2 125
2090155 40 59
1607159 15 91
36371 1 37
12243 7 2
181687 3 53
140234 17 11
65652 2 142
4913 12 2
284942 13 26
4026 1 50
1676297 90 17
3943156 24 130
19681 1 25
496306 38 56
94337 6 17
31200 4 10
329199 17 15
484999 12 36
34667 21 17
210089 6 47
11005 2 35
25984 1 27
83081 8 11
613517 26 100
125703 9 14
455565 40 15
2794536 50 78
600737 68 11
8718 1 19
113329 5 26
14715 1 12
448368 45 14
9398 10 1
218483 10 83
724798 9 58
520625 34 20
325213 29 11
170573 6 51
4645 11 4
30430 12 3
1738 1 2
1492319 57 33
1874462 70 21
5306 7 5
24953 27 1
58765 9 8
200284 3 70
2463586 102 28
4149575 44 68
8455 11 1
1098148 70 35
1236949 76 18
11655054 82 123
70352 15 44
200594 3 70
870015 12 58
6760044 73 74
325 3 1
53913 5 12
1667881 22 99
631394 43 17
8635 3 15
36547 4 12
65730 13 15
403061 17 34
238288 19 22
144542 5 27
1589279 16 75
55475 10 4
10280 1 71
269263 5 46
295267 7 53
1689047 33 40
621 1 6
347632 5 60
12400 2 52
194831 13 96
599609 20 46
223054 59 22
31445 1 99
11583 4 4
11821 16 1
133339 23 6
41552 15 21
692451 57 66
154188 7 31
280457 3 86
1256 5 2
59120 8 8
6888 5 4
2254344 43 43
175008 12 61
1923183 56 25
259677 49 11
26246 2 11
107645 2 55
7483 4 2
891278 123 44
1125059 32 29
74663 10 23
1057771 37 34
1992 1 2
18151 1 20
633083 14 45
472286 23 22
26296 4 13
191992 18 31
16582 1 22
75195 7 20
231356 13 40
154319 8 96
1455469 56 24
1320945 49 40
198713 5 46
200276 6 30
60101 4 14
183930 3 62
39279 32 1
137037 10 15
7003 3 26
120588 10 33
1841789 40 60
10383 5 17
24141 2 27
196375 11 19
334273 16 83
229900 49 64
803442 12 49
987810 17 43
45785 2 25
24444 1 31
44089 30 8
1393476 15 79
526329 101 12
1844892 28 95
205274 34 6
1563631 20 93
1113149 58 20
38511 38 1
943408 53 14
31306 15 12
12643 3 5
59375 71 5
1415628 15 106
156144 13 19
73935 2 29
23364 1 87
26212 2 36
995641 27 46
10759 2 18
528473 14 43
72282 26 4
60557 2 27
42850 18 2
2392 16 1
312047 58 21
34402 1 26
3272 3 1
12638 1 89
22122 1 18
104020 9 12
740 1 1
238235 24 13
1187771 34 57
145707 24 19
6605174 70 72
26704 1 85
544917 10 64
701221 8 70
38983 44 12
491229 22 28
12244 3 12
17407 1 27
1421146 13 98
103189 34 4
456348 19 19
165950 3 39
62680 1 110
139382 23 20
276205 7 97
50960 1 36
125176 6 23
2740 1 2
868304 7 106
33219 14 15
48417 3 14
24716 8 3
139555 6 87
65523 3 58
888893 44 99
93639 2 41
66704 3 82
2624783 29 99
6176 2 32
959072 9 90
9935 1 12
226424 8 35
402544 5 59
28151 22 1
58601 1 47
2253532 13 136
397793 32 42
1094285 41 37
323320 31 19
449313 19 20
43601 2 20
31302 1 32
181086 18 9
171539 11 13
56381 11 4
2528930 39 75
896323 32 46
221554 28 39
45457 1 59
1027482 115 77
40120 68 3
52160 19 3
578332 6 121
1432064 63 18
23467 4 76
408833 10 33
24607 1 33
218031 3 52
107466 3 40
111275 61 6
53954 5 102
478129 18 25
260707 7 32
355165 24 63
556076 19 31
64186 2 29
355565 8 56
338542 8 124
86027 24 3
313388 4 60
415253 12 92
948493 69 10
90433 2 104
42419 13 3
59542 21 2
57424 2 105
356778 25 24
157446 2 66
181515 8 16
54458 5 10
384526 15 34
11464 1 12
54734 1 42
609121 72 36
967 1 3
7850631 65 124
6361985 86 59
76312 1 70
51208 2 22
60603 12 12
17369 1 13
126219 2 53
291413 41 14
366565 13 34
2705 1 8
55921 3 32
529514 22 22
1332771 24 48
73563 8 10
30948 19 2
12724 10 1
1078280 40 24
14692 1 51
1132512 56 26
1626912 26 77
245070 7 48
394078 40 8
129886 2 52
4905 9 6
474884 15 40
1341995 11 112
128941 24 18
155651 6 49
3961261 48 96
5992838 42 108
1027652 16 59
1974432 59 27
684676 7 73
196692 51 14
908320 36 26
1173058 46 25
826 3 2
4132559 37 147
173963 19 10
71162 4 36
10152 2 33
1493434 16 72
111395 4 112
28580 1 21
1599383 33 62
1007636 53 74
180499 3 46
722976 53 10
14527 1 57
1281181 33 50
14890 14 9
520472 36 69
997920 33 36
173457 2 72
164213 12 13
177351 5 37
148827 29 26
469667 33 107
278254 51 4
558743 32 19
9176 1 13
160305 3 39
69272 9 9
445117 18 47
1960 1 2
93728 14 5
79773 33 3
623765 16 33
6668 1 8
650549 16 121
999467 11 67
2461204 33 122
811995 6 99
81230 26 15
6724 3 2
326792 16 66
227450 33 6
602324 32 24
1222739 11 96
42141 13 23
574722 30 53
154179 14 60
1209065 28 71
139498 15 55
17174 1 13
17580 7 2
179733 10 32
313184 5 56
2432 1 10
38638 2 17
22881 2 13
6111 2 18
8842 1 16
14234449 106 102
276362 6 71
183618 18 19
505 1 1
1020616 15 66
155565 2 107
493355 36 15
252446 59 39
72682 13 8
25932 1 43
423 1 2
119794 9 16
213693 47 7
146794 11 11
364302 28 18
40033 5 6
62900 5 11
54182 2 118
52250 5 26
29089 1 26
1951643 54 36
1095653 43 18
51248 2 48
71138 10 9
19508 5 38
73627 8 124
1451004 33 74
241751 2 108
950013 22 55
529111 41 120
12066 6 8
4761 8 1
3663 1 11
18773 1 73
328283 5 61
7149 9 8
249867 9 32
81030 66 1
17651 8 30
36963 2 88
775183 10 73
10426 5 2
761297 36 21
325201 18 20
30565 1 43
488670 21 96
406062 7 56
153371 24 5
68132 5 19
7496 2 3
674455 46 24
125869 35 16
65589 4 49
169377 1 122
295338 37 9
112882 4 123
90295 2 56
1052878 33 32
421871 3 146
101941 8 13
63198 2 37
555448 17 53
2666881 38 83
12249 1 16
11279 5 2
254873 11 25
12262 43 1
4942 2 2
298473 8 44
35411 10 4
118170 4 68
145134 5 27
111861 52 2
107633 28 40
222849 34 29
238885 17 66
58004 4 17
31516 4 7
108585 1 86
844629 19 51
12881 1 64
403858 19 27
860274 34 25
1697640 43 35
336745 27 16
793 1 1
532496 7 59
229163 5 48
128296 54 9
365839 12 109
8286 1 79
432593 8 85
1699 2 1
200256 41 7
132468 6 20
21711 15 9
223874 21 28
35142 1 30
397442 10 37
29757 7 4
138991 3 100
639826 18 49
66862 77 5
513496 8 47
75651 1 57
295146 22 17
2428857 43 69
254952 4 45
303644 2 110
2158412 95 25
315760 31 13
28298 10 2
3403103 47 69
249656 4 48
68410 1 72
82136 6 29
212470 3 51
215857 13 35
11331734 71 133
4428 1 12
503621 32 110
1024498 23 58
16723 8 7
626192 26 58
57669 5 31
57221 4 28
51304 3 39
575736 14 83
440554 13 42
1545044 29 69
136904 16 37
351401 3 90
2741785 38 61
5722 3 8
776174 26 42
675307 23 29
11510 8 2
2987439 42 120
33719 3 9
37976 20 2
40860 1 34
506319 66 34
5101623 94 68
30561 2 16
1692313 29 51
547217 7 77
74632 25 3
2382430 28 64
1641175 14 137
215768 30 8
35958 2 26
2489 1 16
172125 16 10
390 1 5
156774 31 15
1534 1 7
301682 23 22
16908 4 10
76988 11 8
84053 4 19
1497884 48 26
76840 1 70
276197 5 76
254707 15 84
332930 21 34
66111 25 2
18923 6 3
29389 9 14
245277 30 8
108442 18 29
1924325 26 74
173919 59 4
21734 7 10
100426 2 64
429374 34 115
656940 23 110
56117 25 5
8501 1 7
64936 1 78
22147 9 20
7269009 50 104
353148 3 118
509502 17 39
1418653 32 35
668738 9 64
554153 21 90
317173 13 42
28012 20 1
161846 19 22
11212 3 9
4706554 35 120
29656 5 31
4503110 73 50
1939857 70 32
2748716 32 69
244378 41 6
837738 11 91
293083 18 20
762809 33 28
239964 5 38
20934 17 6
1329456 26 69
138970 3 34
1077746 31 46
90300 1 66
33482 29 2
16237 1 34
603669 54 9
44039 3 89
1282735 16 95
361550 7 38
121375 3 99
1764575 79 29
60277 1 86
28517 8 4
1008533 12 77
2467471 57 59
3158672 117 30
51262 4 18
4464910 68 66
11257 1 42
430875 15 25
117035 2 71
2048317 23 103
30963 17 3
1245360 17 63
322049 8 37
60539 1 54
119228 2 77
527045 125 12
1617457 38 34
6607 2 10
187867 14 100
25282 16 10
581 2 1
43588 25 16
26508 1 43
185034 11 15
274406 97 3
3422081 64 39
759413 13 56
56370 2 20
86669 4 20
17151 12 2
368122 18 19
15046 5 4
89659 3 56
749904 12 69
157499 16 43
375960 15 32
517261 82 6
2859870 34 97
52109 8 27
63324 21 15
350961 27 13
7354 13 4
16119 12 13
3118137 40 66
555551 17 53
21146 21 1
171161 2 64
31786 8 4
1910465 28 98
457824 7 50
50109 8 25
102767 26 5
316631 44 54
127659 24 5
22201 1 26
22037 2 10
1340170 19 91
2738128 29 68
77547 5 16
137675 2 63
896601 55 45
142925 2 87
856714 10 103
93160 8 21
586210 37 20
994258 11 100
4355351 50 75
207258 22 19
338199 31 13
330117 6 44
43353 2 102
681944 13 69
856215 10 77
879922 18 54
64755 12 12
205042 5 34
70167 4 19
520654 23 61
2679 1 6
38962 29 7
47972 2 29
631579 12 45
495502 6 68
16890 2 68
93110 6 144
330200 7 66
368249 5 54
474557 34 96
10122 1 12
505795 15 41
20197 1 44
26610 2 17
76038 5 18
475904 8 45
255304 8 31
64988 8 6
93170 3 44
634112 29 16
253007 20 49
1003 1 1
33964 19 2
4570901 47 81
210641 26 58
54822 38 5
6872 8 6
33239 4 42
212885 14 11
113619 5 20
65182 3 93
8375 1 19
54128 5 10
2976188 27 92
159069 26 47
164449 3 60
115876 22 5
1258477 40 27
19252 2 9
9793 1 24
215180 9 57
1603652 23 66
46511 1 45
5488 2 15
13423 2 8
62068 77 10
3351405 45 60
84711 4 17
2083949 32 66
2119676 35 85
12513 10 9
220 1 2
1215357 50 18
2052665 18 92
74031 7 8
75859 15 4
409334 44 31
395996 17 19
599178 46 24
1670924 20 71
1867037 54 40
1974 1 9
7257 32 1
247899 10 18
172939 20 12
611682 11 43
282 1 2
88306 83 1
13946 4 24
1491488 35 60
476332 11 41
328150 8 123
4773370 41 145
23816 2 13
3708580 81 50
42153 5 98
111941 9 13
72580 16 4
87325 5 29
907728 106 82
71803 12 6
3189150 46 49
708030 23 41
658014 27 24
1828750 20 108
166455 9 18
3745 1 4
374994 41 12
205086 14 21
29956 1 36
74977 85 2
634839 31 26
102614 1 100
136888 98 5
20665 12 2
24741 19 5
2464 1 3
73878 2 106
20607 3 7
156628 8 14
6594 1 19
415107 20 20
560810 43 39
31467 10 3
11867 2 11
231707 6 30
154523 14 13
105750 5 51
1404134 63 21
5922 1 17
146312 23 30
38515 35 1
28285 3 119
57711 25 15
3677751 41 118
1459658 25 84
755496 31 23
554 1 3
339529 50 20
1714298 41 46
340719 29 28
272932 32 16
525097 29 21
17128 6 3
6194 7 1
3414456 39 92
27574 7 14
32417 3 46
56955 3 18
2443778 25 74
1867483 39 57
334106 23 16
4084011 100 30
599572 15 52
4418 4 1
145547 2 57
784346 16 39
302225 3 101
2072292 51 51
7241722 112 137
108533 5 92
994097 35 38
13561 1 16
54936 1 50
100144 39 2
3441 37 1
1062319 32 24
102833 2 71
141230 7 26
146438 3 62
224864 44 37
40509 9 28
881385 11 101
351251 13 23
16246 19 3
50248 6 17
150318 7 27
30628 2 46
205236 5 43
41984 12 39
410514 29 33
155672 4 34
40659 4 9
58546 7 8
137167 23 7
137271 62 2
152900 36 3
75625 5 11
3253192 33 74
510 1 2
2217083 12 141
35873 1 39
1242 1 11
42315 82 1
1594859 36 42
187793 7 40
754319 51 12
297864 68 6
181238 3 55
35764 7 6
410962 42 15
1085751 18 75
565862 7 64
55844 1 40
158720 31 14
372261 7 68
1111823 25 38
270738 6 35
10613 1 13
64419 1 105
52486 7 28
60999 4 72
3037 1 9
32816 42 10
100812 5 28
548590 11 44
25003 6 6
417531 8 65
1218528 29 40
295696 33 16
4072 4 1
122254 2 75
178430 9 27
329213 11 50
222611 3 60
373678 10 33
183659 9 26
91254 2 58
67127 6 11
308137 17 14
96330 21 6
8145 1 6
3341043 22 111
8191 4 5
33222 8 5
142665 21 27
115335 2 101
45051 4 30
154625 6 23
658507 34 22
133139 12 76
11864 16 9
334484 73 9
591294 8 62
50993 1 70
154980 12 70
12046 10 1
73655 13 21
479739 23 17
3227 3 4
137725 44 29
240850 2 88
26330 1 25
473617 9 87
30329 15 2
363617 15 40
4445 6 1
1154066 13 71
3103 12 1
313357 7 57
2651 7 5
4209 1 4
1005747 50 16
7461 4 14
551134 8 78
406422 11 46
128883 15 35
4103907 41 71
9342 15 2
10763 7 2
122472 2 49
7028 1 17
383900 4 74
1577579 88 28
2962385 38 67
157945 15 29
647492 14 48
50665 7 9
10440 1 43
115756 5 23
1950017 32 57
1706 6 4
406296 11 76
1020141 10 77
8946 30 2
4082 3 3
12335 2 5
84283 30 3
3525803 55 53
781705 12 46
173368 103 8
392725 8 56
522917 11 108
8305 3 12
5043385 62 88
100686 9 50
12040642 114 83
617611 6 89
11635 3 11
218151 93 22
1408538 83 16
41213 81 5
2671961 34 91
56970 26 15
1007462 36 20
8466 1 8
51779 3 22
36607 1 43
88849 9 100
4331846 43 87
33390 3 8
400728 59 36
16594 2 43
30454 3 11
2772740 24 96
278507 42 6
156773 8 18
29896 2 11
3123464 73 56
34606 34 1
69163 10 9
260719 10 25
176366 2 113
30891 1 35
422938 81 25
108213 8 11
543312 10 42
68439 3 37
307180 12 27
29163 13 3
6537813 100 49
65792 2 73
434040 13 30
107328 29 5
1315 1 1
57105 6 10
246160 19 20
27003 5 5
185301 3 54
16557 2 9
1799329 10 128
64899 4 46
166101 4 40
105031 3 30
24448 3 11
481236 32 11
50524 6 9
85747 25 3
139914 34 6
658911 27 54
22673 21 5
238816 28 50
1010444 67 20
10835962 116 91
95932 2 43
370544 21 25
118601 17 6
2153 2 6
11113 2 7
28984 5 32
41194 9 10
25302 6 4
28292 14 2
176174 20 32
412773 6 56
26026 2 46
4124 1 3
51002 2 24
404548 14 39
151355 26 5
311232 7 59
237693 2 116
73496 6 70
156479 10 14
15718 3 6
26608 29 1
174909 36 11
355878 11 31
90275 19 4
210005 72 5
213643 58 11
100198 12 25
242242 7 27
80335 12 26
657358 58 26
4703020 38 97
54368 1 112
342927 6 56
1284 1 3
5506277 81 67
38634 14 3
1150453 20 47
45564 3 31
243541 46 6
1169274 31 88
591229 10 78
58309 22 6
131669 7 54
207121 4 63
1239165 23 62
57975 2 58
14995 1 89
573109 23 34
21134 5 3
265586 36 36
296737 13 27
21063 1 20
223163 9 55
396704 9 58
2973951 54 62
5513615 79 57
815234 20 75
2315868 15 123
722294 40 15
1055184 37 100
29031 2 11
1115207 35 37
642455 81 11
