150 2508 2245
71 91 90 9 83 40 59 97 53 39 17 121 147 30 107 112 76 67 147 28 46 5 46 99 63 18 114 95 128 29 143 110 11 134 135 47 138 76 77 30 66 130 35 85 49 108 109 132 54 92 37 20 30 71 117 62 148 57 41 126 147 128 129 16 97 83 54 104 73 83 41 118 115 65 32 146 68 45 41 108 50 107 144 37 100 130 2 144 72 84 27 20 69 112 75 41 52 74 125 73 49 133 81 72 67 37 76 28 94 114 116 35 52 87 68 53 95 101 98 26 41 8 122 40 120 116 140 123 61 86 1 1 67 97 140 68 91 88 49 147 148 26 104 143 60 90 59 83 136 48
66947 14 36
1850 1 7
1572 1 8
3878 2 6
548832 5 67
9365 2 4
368406 78 27
249405 2 72
54130 1 51
1305057 68 25
207929 20 5
267839 2 104
563322 10 70
4161 5 1
156201 1 84
894973 33 26
4613 1 8
24451 5 24
3588 2 4
4156908 37 55
270028 5 27
258337 9 41
785296 18 138
2809316 24 87
2904472 36 43
2669192 43 63
15317 6 7
701980 40 14
353917 5 119
2465 3 5
245033 3 72
11110130 87 77
2701949 19 69
11373227 79 94
20200 28 2
601948 10 33
415064 6 40
242140 36 10
1879722 45 26
25281 9 12
2102202 48 20
1123773 69 13
151776 16 5
313402 30 9
6087399 55 58
186255 7 58
249812 15 20
272838 32 4
252647 15 41
37711 3 41
13080 1 82
8005 8 4
1282 1 6
540163 9 108
1813431 55 81
318247 21 32
139679 11 55
276244 10 13
49005 27 10
106546 3 38
1225498 11 103
2724 8 1
125632 5 20
267910 18 11
429994 6 44
75536 2 24
101773 3 36
52838 1 82
21936 12 1
5297177 91 37
1954403 30 99
82357 2 29
260564 18 19
156883 7 10
142087 3 38
16882 4 3
340866 23 19
554075 10 48
605302 19 17
166377 27 5
36862 5 16
129221 17 12
3301 1 3
801524 38 14
221163 6 136
3709629 51 37
1189320 18 39
236596 9 31
257481 58 3
78692 10 5
164387 3 29
73101 4 10
10024 1 8
435258 5 51
98713 28 3
132024 19 47
371135 20 31
309731 5 39
4972833 59 38
12680099 72 118
227243 5 21
7210533 37 139
207103 11 10
424857 34 7
1835717 30 34
161771 9 12
620102 11 114
44613 1 22
42301 13 11
703210 11 71
60963 2 23
198373 27 6
3979541 35 82
383890 43 12
244795 10 27
519403 21 17
178685 11 84
87883 19 30
4863486 54 59
684388 58 13
536427 4 117
11599 7 1
23372 5 3
107069 2 27
2098660 9 110
67456 3 49
1935454 55 40
17700 2 7
191700 3 31
17330 30 2
4455 1 4
766428 40 13
442757 32 30
1964572 45 43
924338 40 76
1006069 7 103
2454389 99 63
374913 14 12
517831 35 35
3470 3 8
1412475 22 47
223506 5 39
4272 1 2
191437 32 42
63265 1 53
32053 1 18
246652 2 103
55045 2 23
20070 3 4
2215102 45 73
802949 37 14
7604 1 4
1168868 8 80
5646 1 31
61856 2 76
325950 4 43
74265 1 58
52179 6 5
3081795 38 58
129461 1 77
1972696 20 47
138789 5 19
106129 8 80
1120378 10 75
3079194 39 45
15538 10 1
2497009 31 50
63152 7 50
28090 8 2
49846 6 37
140981 13 17
1158160 87 9
31481 1 45
2017864 45 21
29524 1 52
3564 1 15
5485864 137 95
4307659 48 69
211882 22 8
3370935 52 43
659113 14 37
94627 12 12
106696 13 48
829104 54 9
46090 23 1
920625 38 12
446751 13 37
994617 8 67
13680 13 6
140225 3 65
891282 10 65
478676 17 16
3360915 65 33
484584 6 51
117495 65 2
137806 16 55
779 1 1
1258943 48 12
4862 1 10
417706 40 8
1070746 8 100
80092 2 35
44047 13 7
161502 2 50
119470 2 31
102012 76 2
102712 8 39
217662 20 8
506779 17 21
140827 8 15
582858 5 53
1217751 13 69
6094 1 4
378780 2 90
65983 14 10
130754 5 28
117303 27 28
89181 3 23
1260722 49 16
30008 5 3
393884 25 51
307260 4 49
289177 43 3
213850 18 32
432152 12 26
43892 11 30
111879 17 4
3263 3 4
85706 1 60
16494884 86 101
2881398 23 71
266049 2 98
2937491 41 59
172190 5 23
7761 4 1
26436 16 4
6962 5 1
11473721 101 75
1941761 22 40
1073971 14 43
97868 12 7
15513 7 1
150503 11 7
439861 22 59
147910 5 100
2847526 97 24
27302 4 4
245215 16 18
479257 24 18
1130746 22 91
1383721 6 111
20795 3 14
120831 2 106
52750 1 43
1851 1 1
39778 9 8
51952 2 13
5375 3 15
5926195 89 83
106115 4 15
59962 10 3
177092 1 109
498565 39 19
389213 7 30
273311 55 11
138690 1 116
304901 3 54
57401 6 11
2025073 124 40
59852 36 5
2261939 43 39
88508 16 41
1295087 10 107
33335 8 2
46281 1 36
913682 38 17
28315 4 8
3169478 17 87
4237213 61 51
35382 1 33
35155 1 105
366780 41 31
867789 29 14
175986 44 4
605977 23 19
380535 7 46
100573 12 42
176419 27 3
20785 1 15
308382 12 106
421546 47 6
77003 15 7
901804 24 19
14554 2 28
878615 14 35
9593 7 1
367155 7 39
260812 11 11
20595 2 22
639125 79 13
310788 6 127
391986 66 12
2811199 27 48
1426270 61 16
2289601 26 70
109746 22 3
164009 17 17
58336 1 36
2492082 28 43
1025877 32 27
125239 1 68
23024 4 6
84232 28 2
734154 11 48
529991 10 34
451201 5 55
2676 1 2
779605 10 41
3086043 41 51
33223 1 24
4173252 29 88
261994 2 73
1277524 9 95
26571 2 31
1024311 9 55
143002 2 58
503507 6 41
1439293 79 44
593254 17 26
11488 1 15
463412 29 11
37178 23 1
2183623 24 44
332771 58 9
2600592 19 93
15205 3 13
15646 3 7
148238 12 8
19240 1 51
1134372 32 75
2967111 71 20
1499370 100 10
15204 3 20
3463218 28 92
1415773 12 109
309745 28 54
96542 8 9
172192 27 43
47608 22 1
18684 8 5
508882 77 33
380241 7 33
89981 12 5
571744 5 90
5995547 60 50
43460 6 4
962419 34 24
274822 9 62
684271 64 11
12567 1 11
230607 22 51
7025291 59 68
551547 16 28
851288 44 11
691836 51 43
68419 9 6
85357 2 24
971021 21 25
52247 1 48
183684 15 45
128115 2 38
148423 7 11
393336 8 22
218013 7 34
2601578 32 66
302453 12 15
86607 1 42
4793920 27 81
5377702 38 83
56978 1 47
13218868 60 109
304231 4 127
489731 20 15
573157 34 15
26440 5 28
44198 5 6
233530 15 7
111388 2 25
3077897 70 39
257710 8 21
136053 2 92
29124 2 10
432324 3 97
237830 8 48
1279219 20 45
12449 1 6
699967 12 42
459677 13 65
4813263 18 125
3020739 64 86
709294 32 28
16945 7 7
570114 8 45
808 2 1
225482 10 17
1130175 69 27
2287880 26 54
895654 38 11
3869979 26 127
123111 3 20
3336 1 3
3395 1 5
11474897 128 51
85908 39 1
56452 1 80
132582 22 4
157761 11 8
2074924 17 83
1285181 30 82
148673 4 77
2404227 30 44
13796497 98 103
2400818 26 82
868179 13 59
174168 33 4
318207 3 94
58070 5 62
133314 5 39
878109 7 68
595188 15 22
549455 6 59
995989 33 14
4876222 69 38
227362 2 58
42855 17 2
205838 2 65
70530 7 7
404247 9 63
176115 20 4
25012 2 6
261571 25 9
16162 10 4
94197 3 18
1003013 7 95
107499 6 11
49874 12 5
889888 15 34
138710 20 15
5948 4 1
5961145 42 83
3890133 65 34
1128446 10 132
4815957 32 94
2081137 58 22
995619 58 8
95999 8 8
433059 7 38
26709 12 15
55375 50 1
977718 13 55
214982 2 81
307509 3 57
82525 59 1
133018 7 105
2622569 22 55
290424 4 66
516689 16 55
32473 4 25
4088966 32 62
119589 7 14
15920 11 4
986383 8 69
192577 3 52
489214 10 52
650214 9 56
20154 10 5
1117547 31 23
25770 1 43
3791039 18 94
8172089 61 61
164381 2 37
135503 25 4
335904 46 4
443348 36 10
23808 1 77
1105066 15 88
2682169 86 35
1102671 46 14
116291 8 46
3724484 68 25
420688 73 4
439900 29 8
1797 1 2
121697 10 94
866206 35 16
11518 4 20
183761 3 35
6384 40 1
413678 92 7
599225 18 75
624511 13 73
965338 21 73
757201 69 9
819250 9 78
35401 5 6
3683680 24 83
241192 7 18
146936 2 93
8704568 54 88
129299 12 9
14305 8 2
535703 5 61
6351 6 2
2222 1 1
118007 2 53
327607 41 5
3285596 25 96
51791 5 24
2003 1 13
1072361 29 26
37317 75 3
145484 1 89
4159800 42 48
4821718 33 66
120349 2 108
222877 6 25
9789543 85 80
2738738 21 114
1645456 41 24
1198419 35 25
1685204 49 62
316158 94 7
89325 8 5
1200222 20 43
681107 67 73
219252 6 22
3237284 53 98
163499 33 25
1604951 31 26
4447 1 9
642826 5 73
352554 11 38
32960 5 3
6212 6 3
235866 6 23
104900 4 126
35822 3 19
1560974 42 139
203760 5 53
210465 57 8
1588896 41 29
57931 36 2
807409 38 16
5447950 24 104
1379774 39 138
689843 7 63
3986496 44 65
232138 13 63
128996 2 29
56800 4 12
611406 19 28
77178 13 7
36604 32 10
171207 1 85
1314739 14 49
114572 119 5
40683 41 4
178863 28 4
56978 5 12
55442 7 7
205533 12 16
246209 9 21
41317 21 8
1653105 21 71
222213 3 51
71849 4 45
111443 5 18
1126393 22 26
1064514 21 66
898291 14 55
2603113 44 87
45251 2 15
36375 1 21
39358 4 12
18186 1 12
1107216 6 110
62187 1 66
610309 11 26
284903 9 25
34820 2 30
590688 35 10
385067 11 20
263757 57 3
3691 1 31
583378 5 65
990 3 1
14406 2 21
88498 11 5
59335 1 27
1169701 41 23
1858762 15 73
717 6 1
446503 3 73
196593 3 49
1640447 8 141
191625 10 51
43527 17 3
42714 1 20
10611 22 4
444399 15 14
408003 84 10
129964 86 7
687243 26 17
368523 20 16
483 1 1
96346 7 8
2063701 68 79
2036137 32 33
488072 16 25
107081 6 49
236215 4 70
9978 19 1
51771 6 16
1578199 11 106
1544097 21 42
1162661 8 96
914261 27 20
929058 37 58
14822 3 42
122292 9 11
23664 5 27
1384671 22 88
1565356 9 97
816124 5 91
458532 9 36
152638 27 5
82124 9 20
9313 7 9
1168369 13 73
429874 4 63
645666 68 18
65419 5 11
12643 5 13
1122866 14 105
246815 4 30
87580 7 101
4453 4 1
22377 4 4
652811 14 21
48266 2 75
3227044 19 86
16427 12 1
896180 19 68
1066956 16 41
770759 22 139
649562 27 18
4367140 32 104
82049 2 33
605628 33 10
19765 1 11
130989 53 15
469448 11 25
498275 42 33
353610 28 6
16272 2 7
84085 7 9
201135 14 9
467454 19 20
42163 17 9
320447 28 14
7165 6 1
104629 1 85
665349 30 15
147825 4 43
3245480 52 59
61977 29 14
8284 13 1
113769 6 49
625179 15 22
28497 1 49
311341 48 6
156877 5 25
297807 2 84
240996 5 41
1390936 8 106
461749 37 54
650745 37 40
165391 1 74
81858 1 41
5740920 102 30
192500 19 22
274382 8 26
65832 9 5
627333 19 25
6354 1 22
11864 1 21
18075 2 6
454280 14 27
2786526 62 73
1128651 8 92
10681 2 34
974 2 3
2942 2 7
70184 1 59
2513340 16 106
24693 4 3
33864 11 5
172228 1 86
39401 13 27
76396 1 40
214427 2 84
1764474 11 83
1463282 37 48
76760 19 11
147644 7 14
145943 4 39
49450 1 23
432502 48 59
9656 30 1
575640 8 36
4419 1 20
435620 8 25
9716744 68 105
7307759 66 52
136536 33 2
2493 1 6
47443 35 1
12146 1 7
277171 4 46
9608 8 7
67021 2 15
30393 1 62
1341449 9 109
104460 25 22
884307 9 51
6901 1 5
14923 4 20
92804 5 26
2151521 30 48
809388 40 14
1038009 86 88
1614915 9 100
513013 21 20
3827115 34 92
22631 4 3
111605 6 13
17111 11 6
791383 46 76
822661 40 17
11450 2 18
13632 1 8
52572 27 1
109945 4 22
1395 1 1
14433 7 10
8855 1 19
752661 56 29
344517 2 86
84910 1 101
96075 8 11
23535 1 20
87285 4 12
15845 1 11
174312 28 22
72243 3 23
26516 20 1
11900 1 15
586509 25 11
20495 2 5
49272 25 9
1097 1 6
722634 55 7
86558 4 54
321630 8 22
111677 40 2
21639 1 117
1375889 30 64
1768884 38 32
44789 3 12
337285 2 76
26728 21 1
96961 1 53
308322 69 3
712628 18 54
883365 17 53
731567 17 28
1523796 41 73
2694208 25 72
75914 4 75
4373697 68 37
104319 2 28
2385178 28 38
2321524 38 32
78761 44 1
633 1 1
4908 1 5
22774 2 47
1268187 42 43
63309 9 4
48068 7 7
32579 6 25
50809 5 46
600007 18 21
81377 20 2
349793 17 61
119121 2 65
154530 20 4
217818 20 8
8715220 52 80
18144 1 87
5400218 30 88
46526 28 13
3780 1 2
36568 13 3
831 3 1
329987 33 16
295982 31 63
647199 3 100
1430 1 5
194478 11 9
229565 7 23
27962 13 1
209335 10 23
414075 15 20
1547115 24 51
3325862 28 87
1607 1 10
209030 2 65
359351 2 89
5723188 90 48
622781 5 77
1996819 17 88
91897 49 1
96445 1 47
1996188 17 63
324133 19 47
1133383 41 95
64251 2 23
719439 30 21
383345 6 58
57878 9 4
443536 22 61
21922 1 81
15808 5 2
3861 3 1
654512 16 63
20422 1 16
260448 79 7
71827 22 5
52804 1 33
19624 5 2
23542 20 1
150975 10 22
3517 1 17
72771 3 15
492868 85 46
1425 2 1
157520 46 6
479540 24 22
30017 1 14
133725 44 3
102440 10 12
31730 20 6
242578 6 26
1552785 40 129
143377 4 23
23647 5 3
447204 4 86
34228 3 8
1868600 29 48
18801 13 1
3280907 83 28
889048 63 12
99870 7 14
633708 38 26
3164441 46 47
1752696 19 76
430106 29 7
50210 5 9
934132 31 46
370212 15 21
36456 1 68
251599 21 23
8785380 50 102
328478 47 11
65748 7 66
1496195 37 19
1468152 73 14
225752 25 18
35511 1 64
2744028 70 27
2123219 116 9
619846 10 39
734342 12 39
86616 4 19
1184789 5 107
249653 3 74
1511220 10 70
27201 4 17
342944 18 45
229587 7 21
5596 1 5
219062 26 14
206493 11 12
63612 14 38
29964 1 43
10990 9 1
1999 1 3
2233706 91 34
62982 2 19
40673 1 21
20597 1 79
4503 1 3
47731 8 14
144785 1 85
62357 2 31
1206837 8 79
15286 4 31
211418 3 57
1850510 25 93
37787 6 20
370217 16 58
2658503 61 24
33134 1 29
2132332 19 67
1381 6 2
44148 27 5
652 2 2
553651 6 47
2752 2 1
3971694 46 53
35737 6 3
561558 6 53
21408 1 66
3122916 95 18
436023 29 78
507965 38 39
460240 13 23
465167 48 5
447882 20 17
882447 38 13
318712 2 91
786934 27 18
401211 14 36
828798 42 16
2171347 39 31
9819635 91 51
9420 2 3
1001342 13 41
6242331 40 86
45653 2 33
50679 23 1
6182262 97 90
68893 17 2
1570275 11 68
9697 12 1
1836639 33 46
218185 9 29
495044 3 84
215185 34 5
562988 18 31
1442847 21 110
62424 4 10
48283 1 30
1381051 29 37
64074 41 1
95657 2 73
1202417 62 17
353438 3 54
386535 59 12
268631 5 50
253354 2 58
3383014 36 51
447804 18 26
23524 9 5
265249 31 9
733977 38 10
399563 23 24
92099 1 63
75759 1 67
1429451 13 66
55111 6 41
2065287 94 14
106209 6 15
15331 2 5
37447 1 127
52217 2 12
19941 1 20
841045 35 11
59530 3 21
118427 26 3
55137 11 39
3825905 62 47
1453388 16 47
2883508 65 33
27811 4 49
283544 12 13
208550 37 42
1180374 10 65
310107 5 46
3003389 88 28
63045 1 42
155997 20 16
22766 16 1
89894 9 8
213526 7 14
306027 2 108
107886 1 79
165896 2 40
9197827 86 62
852248 10 118
95425 2 32
250965 29 6
7926239 89 70
44860 5 16
381877 4 93
243385 15 17
2347 1 19
481023 17 20
4656540 28 82
26717 7 10
17736 7 8
57522 16 2
2779929 26 91
460080 17 30
1462364 42 88
1049094 16 41
30717 1 18
3329 1 11
1612966 59 62
22839 55 3
448937 6 54
5985854 30 101
153711 4 22
399668 4 65
34279 28 9
288125 16 24
21207 1 56
449412 17 36
139853 10 11
967777 36 31
3677298 57 46
466229 11 24
1734386 68 16
2569756 32 45
1114880 10 64
645399 15 35
1642 1 1
465200 17 25
106200 25 2
36048 5 10
186141 21 54
18990 8 2
6464 5 1
411486 6 35
12904 1 8
31080 12 9
1505 1 1
489078 7 52
2614481 70 99
6651232 47 80
503987 6 54
109743 4 23
10525 1 5
3361806 19 93
25118 2 9
965953 8 59
2112 2 7
4988 2 6
772975 12 29
42544 24 5
552630 17 24
58356 1 36
2144225 18 75
18200 5 30
1195263 21 26
1042891 16 32
348380 13 16
29977 9 17
3392567 92 29
3476557 16 101
251454 15 12
1579956 35 33
92180 9 33
206452 2 68
4253714 31 112
3638006 86 21
124883 5 38
662954 11 42
296424 17 8
148648 4 47
359339 46 4
1598222 26 30
468917 18 19
26346 1 19
56206 5 77
2626422 20 97
334167 7 22
12793 2 5
19754 1 13
7064 5 6
2829661 24 82
25542 4 41
563228 52 5
43121 37 6
33514 1 39
260121 29 6
4663256 38 82
1032461 26 34
51078 9 8
123099 32 2
6168286 92 44
421037 49 18
843309 12 51
17956 3 5
82233 70 4
301717 8 41
465387 10 33
113776 3 52
14170 10 3
378648 8 35
289066 8 24
797795 50 123
8083285 66 63
39136 15 2
158187 78 2
92726 5 11
1479083 54 25
19129 1 13
820386 13 53
111757 4 16
2068395 21 57
3330016 19 106
44568 1 39
72696 1 54
782603 6 99
176248 14 8
8975 16 1
136671 4 91
179518 13 80
134741 10 9
13539 7 6
589482 11 47
69574 1 31
656810 81 23
142236 5 16
81426 2 59
22557 11 4
2263427 18 69
736169 9 48
38459 2 9
685330 9 61
27405 1 32
34573 5 50
5455203 35 70
331866 6 25
253228 3 38
4434174 90 33
455851 8 28
253533 38 51
143152 23 4
998314 35 38
221044 28 6
250802 23 23
591634 38 16
381177 5 51
6378 8 5
1066716 21 29
13763 7 1
40915 2 33
611314 35 8
36106 5 4
32448 60 4
98922 16 17
15458 12 6
3394276 98 68
2124979 99 81
46038 1 76
393233 62 9
404266 47 24
1485 1 1
64763 5 30
2596371 41 48
6803 8 1
71437 20 2
231236 12 13
304700 11 23
727098 11 41
2782479 23 58
83229 3 79
80485 1 43
56567 3 66
3757816 35 67
316007 4 50
1441 1 1
8202294 43 91
1590725 32 39
2932070 50 41
391093 3 81
1584940 60 15
658656 36 41
29387 1 24
538201 62 4
403568 10 40
273369 3 77
39511 2 73
692668 10 34
244629 4 87
1199421 34 25
205711 15 21
2512443 70 24
307617 4 37
335061 19 29
35245 9 4
312073 54 13
19881 2 5
11063 1 8
116974 11 7
5123274 96 25
106563 2 34
36242 22 5
12696 10 1
91936 12 5
4354118 28 77
69693 11 36
25374 8 2
343074 56 17
454370 23 114
46712 4 6
402534 20 133
1060600 20 27
1149841 12 67
110207 4 14
133883 52 2
4678202 51 45
409351 12 47
1849810 33 60
243217 7 29
22689 14 3
4850357 76 30
1995539 52 92
539932 30 10
21161 2 10
477189 14 32
74004 23 12
159163 3 35
1270708 10 58
3778 1 2
2402890 35 47
441442 9 27
107920 35 18
71344 5 7
55064 3 11
1030 2 1
43894 14 5
2395806 29 47
3966 3 1
924379 12 57
841568 20 21
35316 9 3
50338 2 23
399978 8 94
48688 2 24
328462 40 63
995346 25 65
121066 4 42
11548 2 16
666603 17 20
818 7 1
27658 33 1
809637 25 19
19090 1 40
172260 21 6
624605 12 49
65634 3 65
1624202 17 76
872572 16 106
136109 1 115
119478 2 80
576025 8 80
87823 12 5
725084 13 31
124138 3 23
16404 54 1
5596920 27 99
790432 42 11
354823 6 37
13271 35 3
1413849 22 33
149864 23 19
398762 20 83
511485 4 69
18090 11 1
93360 4 37
65187 5 80
51685 13 3
850452 29 14
1981177 61 91
5239 1 4
224520 2 53
55373 10 4
350551 12 20
152227 1 114
214766 1 108
31882 10 2
391872 58 4
471842 13 73
1348939 14 44
395936 8 42
153811 6 68
44803 31 1
1635341 36 29
1806551 89 83
75788 4 118
14243 1 10
55887 2 24
360708 5 39
70632 2 55
4468728 28 112
1635930 19 62
2048577 43 26
9715223 93 91
196217 3 32
612196 26 27
2470503 35 110
1956585 32 30
296964 5 39
32461 8 19
33881 2 15
4471130 32 91
148210 15 8
585976 11 89
1336339 18 46
564633 6 56
714795 28 16
10499 4 6
788593 9 47
18417 3 6
121585 17 57
2745134 45 59
1213904 31 23
16097 11 1
51518 3 36
211732 7 26
1457003 31 22
16677 23 4
107730 2 32
45408 2 27
44424 3 13
65024 6 5
285118 5 45
11527 1 7
184518 7 19
6511 5 1
12386268 106 92
274339 10 20
359476 24 7
366856 25 29
1112346 21 52
32031 3 8
7806 2 31
689691 67 5
304867 9 21
981368 27 21
1190455 6 114
65754 5 9
295157 7 25
478191 5 48
1441247 26 31
521998 7 66
52964 1 30
231856 2 94
41445 13 2
26875 18 1
544073 7 53
429181 6 101
84549 4 32
67173 7 32
63088 30 4
1926 4 1
639214 54 35
5050 15 2
380795 20 40
2693119 12 128
128101 15 9
317199 6 129
284054 9 62
22443 1 15
411304 3 71
970595 16 29
1229 1 1
46757 28 1
24912 1 19
53671 4 20
293254 21 92
524500 11 35
2887015 24 58
9199 1 10
551378 4 93
11339 1 34
348026 5 94
151683 16 6
94215 6 97
53504 5 7
99542 18 4
16125 79 1
1058606 66 16
1173409 28 48
28954 2 14
387488 12 33
442330 11 20
21165 3 5
4424212 43 90
1777795 31 95
93382 5 49
174688 60 3
1641088 20 40
28759 4 10
4584222 26 131
3159 8 1
12822 5 16
132069 1 84
299043 9 81
983107 20 33
2714395 51 43
1124321 11 103
723405 4 88
5772123 66 42
5251 5 2
1343456 11 101
206059 17 67
161183 11 101
3396684 28 84
5649 1 4
3369884 94 18
65013 2 17
59250 1 95
4767572 38 56
669508 22 127
689987 34 11
4228 1 3
509401 16 24
459722 9 26
490412 11 84
534126 4 78
53419 2 19
40783 21 1
1287069 14 52
32683 2 21
1488 1 1
431647 56 5
124877 6 18
2723550 41 54
371973 2 95
1308886 22 44
822148 16 25
145521 20 4
469245 37 6
643897 39 45
1056747 33 23
322660 66 15
62050 1 40
205933 33 8
254771 15 27
67712 5 25
1475826 47 25
46138 4 6
37399 4 6
658507 22 25
787047 22 25
97349 2 39
329862 24 88
11061 1 15
162579 8 13
9626 1 79
1429882 20 43
30036 15 3
495490 15 21
179427 14 10
87205 9 30
1255924 36 24
27434 3 14
24448 49 3
704525 38 30
177875 19 30
1142301 19 32
67001 36 9
669142 16 26
815748 64 11
4292051 59 35
841522 35 18
4277199 121 41
53795 2 20
450019 25 15
11898 29 1
115327 5 30
159590 26 4
662761 29 28
554707 35 111
241896 40 9
64975 1 31
3777 2 1
1905 1 1
348082 77 4
439133 60 5
3939581 29 70
5609743 85 73
123796 10 8
162072 2 87
20342 2 20
8030662 49 113
243718 10 13
144487 10 8
22828 6 2
494049 11 36
4899 1 4
29932 1 31
136498 7 12
4522477 58 36
9361 3 4
158004 6 22
301497 14 20
11253 1 15
93560 23 5
4601516 27 100
71322 18 2
1583141 27 34
6541152 67 111
53928 19 6
1069159 17 54
626680 47 32
2399049 24 64
585144 10 50
249724 3 73
469940 11 109
687007 12 36
266178 25 59
26815 22 1
6335 1 10
3508511 36 51
71423 1 35
134673 8 12
129674 16 15
263456 11 69
442159 22 17
10409 3 3
8471 1 24
2139105 55 29
3902107 32 67
979816 11 71
371287 12 14
130306 1 103
360725 35 7
2130314 41 80
2398338 31 54
470648 3 87
4731437 43 117
374357 8 29
29165 1 22
23891 5 12
24753 10 10
771814 12 46
464960 7 32
1907055 28 55
238028 27 4
28417 24 1
172902 6 95
4635773 35 70
10223 2 9
917080 49 9
1477010 17 42
9538089 49 130
528532 28 10
2957567 40 39
474501 7 39
1154207 11 51
1954763 61 75
104535 24 3
151558 1 115
168847 15 7
1205135 13 73
755549 55 32
106984 42 2
71544 24 5
5619271 37 104
40655 22 11
408786 29 17
766 1 4
48558 1 27
1030878 107 10
245797 66 10
932396 22 28
312105 11 18
595209 16 33
239434 9 23
1057618 20 65
186312 15 72
46226 9 14
13766 3 3
3205646 55 83
2712170 17 89
271934 8 66
10980 1 52
33847 3 9
1273564 28 28
2443 3 1
244598 25 5
160177 11 15
63678 1 45
130869 23 3
193232 7 16
12778 8 8
108559 5 20
6733755 33 95
149346 13 7
1813876 62 85
197796 10 14
243 2 1
409524 46 4
34271 1 52
44773 1 114
86399 13 4
212745 12 97
193025 7 21
1114486 17 30
978103 24 24
15761 1 29
1520611 13 69
54008 16 3
384839 27 72
276589 24 24
1175 1 3
169723 8 51
47690 8 5
40630 2 84
956596 56 20
6734 6 1
605330 19 48
304855 66 3
69613 1 105
531992 79 7
2286262 29 65
8506752 48 112
24389 33 1
10497 4 11
48326 8 5
26288 1 15
239836 8 57
39353 1 25
1009447 41 21
3508 1 3
82940 4 10
15098 1 28
420149 8 48
1233915 42 21
542560 17 102
151317 2 116
246562 3 48
7386 1 22
105965 2 79
76162 39 1
408099 6 53
594568 6 103
10105614 40 125
1567457 25 48
556722 9 46
406180 4 81
507256 5 61
92844 5 20
48873 14 3
644679 24 20
49861 1 31
311084 14 17
6081 1 3
882349 14 46
164310 25 4
819537 10 47
227515 4 77
115089 35 10
5300 3 10
97069 4 61
278520 6 21
5220293 65 49
3085924 21 83
7105 25 1
355057 4 66
140705 12 10
50206 1 25
88646 1 54
11654 4 13
338843 6 38
1392918 27 32
318410 26 6
2450923 46 45
218054 10 16
162418 3 54
4579124 57 114
550988 9 37
1721015 33 28
2381520 42 44
2131036 48 84
1665324 30 73
9341955 46 95
4621949 54 49
66007 3 94
176933 3 31
15038 18 3
57368 3 16
37642 19 10
239430 2 59
56182 3 50
4476 3 5
138546 27 35
223989 12 12
98087 6 11
120481 5 17
370197 7 47
420115 30 37
1246309 27 113
1348720 14 56
3153011 22 106
3693 1 13
53183 2 22
598726 21 19
1399395 10 81
82585 19 2
1962025 12 90
306219 4 35
1292 1 10
86411 10 6
618813 18 18
28771 6 3
65771 10 8
606397 5 87
21831 10 3
95956 2 36
23088 3 4
125954 1 145
990174 15 49
34158 1 49
384964 49 5
157132 2 37
201225 34 3
146401 14 21
210887 47 9
110466 14 7
489578 13 24
1006350 28 17
200176 23 4
3413 7 2
42892 2 13
2391519 59 20
280728 17 11
148844 4 113
829995 26 67
27295 6 40
447596 5 40
1610239 43 25
223092 2 57
152536 4 18
669 1 2
21859 3 4
101047 9 17
88372 99 3
148251 6 74
634544 3 105
32304 4 71
685290 6 65
837513 23 35
1425877 10 82
55875 1 29
41675 27 1
1593545 11 109
113862 3 90
138309 1 85
50365 1 23
467901 12 19
47580 10 9
119631 4 15
30219 1 106
2613 11 1
78465 21 21
2071319 82 12
399920 4 73
3737593 36 89
61416 13 21
7632 6 4
477157 33 24
11776716 63 100
57080 3 11
288252 4 49
4806230 32 74
143936 3 24
372671 7 131
86421 1 40
120108 13 7
7576178 51 95
1127855 45 52
1764980 21 52
68218 24 14
1386249 16 45
3481168 57 42
45584 4 8
32681 4 10
84903 4 33
563083 50 20
876676 65 8
1573187 20 55
4681 4 1
969127 56 46
221445 1 109
34128 27 1
7347 1 18
1425634 25 50
287122 3 59
4415351 45 68
1584 4 1
771498 31 106
438880 6 43
59885 12 6
135787 1 71
102890 10 9
519394 25 17
76786 1 71
147229 14 8
176848 6 31
4112878 112 46
150836 12 22
2710 1 2
1078 2 2
125711 1 70
5755 3 1
15439 1 35
1603714 33 33
4642013 45 62
492143 15 19
982769 9 97
1888268 27 42
576945 45 9
5391 1 12
37078 1 20
185835 13 12
148192 6 20
318803 56 12
5336465 93 71
5097 1 6
236372 8 16
207578 29 6
22580786 113 98
942564 5 132
9526454 90 116
82558 5 86
15574 17 2
183013 1 100
1014243 9 66
102264 76 8
168690 12 15
18172 5 3
108222 2 110
45929 3 27
8750 4 6
1458300 17 52
155029 22 8
50633 1 23
91161 4 18
102093 4 22
28310 6 3
122656 26 11
74034 4 56
98709 3 20
690559 15 40
658690 30 16
243268 9 46
74375 1 76
6306 8 7
20894 6 2
75192 3 112
39125 2 93
515583 32 41
56903 1 31
90907 5 29
4670589 21 108
78428 3 18
1757915 20 69
78909 30 21
4520 4 1
16167 9 9
79836 61 1
1565883 32 23
15972 23 4
15493 1 43
63295 15 2
63676 3 11
33257 3 5
422314 4 106
269107 4 36
3034293 72 23
10401263 44 124
1187289 22 37
385153 11 23
18483 4 32
37596 1 17
117105 21 8
3343482 34 48
432820 32 50
444342 8 34
14257 1 24
934949 18 25
3818 2 1
577392 3 128
332543 3 71
1161549 100 43
49802 3 11
3770 3 9
233542 3 52
17104 4 2
13647 4 3
7268789 33 112
1640735 34 64
190701 17 75
1671058 13 99
704007 22 18
1462474 28 24
251390 4 90
660446 10 37
1025710 48 20
644637 16 21
3471 1 18
1777647 11 74
50498 3 24
2448802 94 16
4424787 64 39
5066608 32 74
640 4 1
56532 7 7
50590 4 37
202477 3 35
1386107 25 91
70551 4 14
7171758 47 88
125268 2 36
43943 4 8
55721 3 23
268309 5 34
1176196 19 36
82087 4 15
324384 11 21
31447 7 24
1894614 19 55
826468 18 38
266357 35 11
34838 1 77
41297 33 1
25806 1 17
71458 1 47
7168 21 2
1039435 40 103
344172 16 11
133725 9 57
2990331 26 62
2409779 77 14
22887 3 21
923770 14 103
4647 2 18
7610468 32 124
17030 2 34
1675561 89 53
254890 6 30
197360 2 103
708385 73 32
245267 5 35
6019 3 2
5412 4 1
1304469 42 144
1099253 23 39
6811 3 2
377742 18 91
1650426 18 42
24521 3 9
10414 1 8
97449 15 8
245473 25 8
23652 5 3
1766890 11 80
632777 20 20
284124 3 65
671921 6 76
588461 33 30
1713431 27 43
2969590 29 49
1417321 32 25
443527 32 14
84456 7 6
120419 6 52
758827 29 16
5415 1 36
68934 13 4
169134 14 21
330845 16 13
9316 28 2
22771 1 33
3144540 31 48
16687 7 13
4561087 29 128
1167254 8 143
1733478 50 20
552398 20 20
211045 2 51
9667 18 3
468714 13 56
9179 3 2
10719539 58 110
17944943 120 87
1177521 22 42
69392 2 19
20253 27 1
390737 5 59
102280 6 87
1664884 37 56
458889 13 62
100791 21 4
2205863 84 33
228329 6 17
586180 27 83
30594 1 27
18550 4 8
424942 43 9
16966 4 16
12196168 91 64
127916 2 38
228168 45 4
505 1 3
539220 3 116
44630 2 12
112680 1 99
296029 3 84
728072 20 33
493488 9 29
2886 3 5
3510970 25 89
410351 16 13
897730 69 59
144610 11 10
323277 6 37
19534 1 19
292739 29 28
64837 13 5
211275 19 10
400620 3 69
126662 1 61
109843 2 45
835485 21 20
156998 36 20
19675 1 36
1228378 37 47
4894548 50 65
606367 5 94
8239347 68 78
208170 26 43
200903 20 7
348553 10 29
654050 27 21
229005 7 128
49030 5 67
90484 3 37
19803 46 2
248394 6 30
751899 23 22
75615 1 79
258728 4 50
11021 3 14
589 1 3
933 1 6
191157 10 10
429416 53 4
61759 6 71
3723 2 4
1478796 14 84
25996 1 13
7213601 71 72
468711 12 31
551023 21 22
362645 3 58
421579 16 19
375100 13 18
455359 130 4
160904 3 30
2256576 20 59
4674690 45 55
1064772 10 52
229425 18 10
25927 11 9
169868 5 27
247114 15 8
33096 1 22
234623 2 56
675595 7 57
123802 5 17
2002743 47 38
74683 1 60
217643 10 18
2011094 25 66
527078 4 86
28520 23 3
71382 42 1
72642 36 9
74833 3 21
213289 5 24
245924 4 34
522823 65 7
89122 3 20
181090 3 46
1864404 19 44
23193 1 13
321525 3 48
200831 6 32
769 2 1
78017 6 43
27080 5 4
884875 22 18
700149 56 37
212315 30 19
47116 6 39
27436 22 1
15266 1 13
3913745 39 52
1014249 14 72
5514121 47 99
3285736 104 18
7568 9 1
811410 5 84
9274 1 6
80802 5 8
11080 5 6
235750 1 107
912540 49 68
45521 17 21
376632 2 111
40270 53 2
352005 27 7
1991247 28 48
397849 19 36
26607 58 1
116662 2 42
72176 2 23
515208 23 93
276052 18 7
311031 7 32
1596 1 1
128084 13 9
476071 2 108
1147608 26 34
193074 8 96
7131 2 10
49406 1 28
1216963 12 51
178350 4 125
19614 3 3
17564 1 8
2452270 13 92
277133 5 94
81567 2 23
197849 6 38
203730 4 75
5383426 36 77
196129 2 75
1568463 13 101
273867 17 13
3679276 97 21
272428 20 7
811919 51 11
432241 18 83
44540 3 50
575425 74 13
206164 9 60
44287 2 18
5134154 42 59
313138 3 55
107790 7 12
300371 11 18
726511 6 78
129739 24 18
13168 6 1
2009785 17 105
774389 18 20
503769 38 10
197739 3 35
1211 1 1
15615 3 21
312686 6 35
383238 18 12
10400 11 5
1085328 29 21
1259670 54 24
2256317 71 27
1893732 23 46
352922 34 7
1059433 33 27
173824 19 13
217083 4 37
85468 10 4
71504 13 4
31859 1 20
1009792 5 127
11738 1 8
404799 32 53
118087 2 30
7451 2 3
160519 8 15
967137 26 22
14816 9 3
104097 7 9
85586 6 27
160971 13 24
22811 8 2
272685 6 25
22092 14 1
1312237 24 38
641326 81 59
462098 32 36
628705 32 10
244278 8 77
16642 7 2
5064699 81 90
324903 14 17
267917 2 92
608265 18 22
2621 1 9
25618 1 14
276631 6 24
99989 1 49
96354 2 35
775654 6 74
450503 13 84
1867227 34 31
63635 40 12
112196 5 144
1786 4 3
259955 40 4
237416 7 27
777644 21 75
5197065 49 70
93837 2 22
199908 12 15
12633 17 2
30372 10 2
10304661 50 105
65954 9 48
311034 13 51
1892426 19 47
4137079 28 100
1474099 89 9
2485273 59 35
2900366 81 20
541771 10 76
74105 7 24
139312 4 26
95763 2 37
14786 3 18
9700 4 2
1461 1 12
463623 45 5
29174 8 19
30548 6 34
47611 2 18
428373 10 38
205715 6 17
42862 6 6
5049347 35 88
291577 9 42
18692 7 16
195577 12 13
14253 3 5
2814526 57 29
60381 9 39
949744 10 71
1231656 31 23
156941 29 28
1658267 26 33
172009 1 94
117021 7 9
5444 4 1
606951 6 93
150840 26 49
235914 11 10
1674776 39 20
391043 8 31
24353 66 2
44862 1 28
124345 1 76
821318 5 98
1934849 15 75
39613 2 75
74206 5 7
133090 3 29
34999 1 21
5641291 64 85
36813 9 17
50500 6 4
14719 2 7
640435 56 23
1712 3 4
105623 64 2
475328 33 7
173407 3 47
164870 30 12
188779 21 5
1542225 10 74
129257 8 11
555280 14 27
967050 54 16
283002 23 6
288692 10 20
142826 3 97
54394 1 30
397410 2 101
3803116 71 26
66621 3 35
19336 2 16
47193 2 13
893407 35 32
267862 30 4
265497 14 23
1293 1 1
3636658 42 58
408721 11 32
699074 4 105
2459531 61 25
40976 7 4
2221772 76 43
913348 5 91
58581 16 22
810618 29 23
11157 1 33
474368 3 84
11096328 79 99
212520 2 115
17969 1 29
1233634 39 22
124055 9 101
368763 32 14
56556 2 23
17813 2 14
846790 63 9
50077 11 3
145019 24 9
2149253 16 96
8218786 60 65
17804 9 3
1496008 10 88
1671257 35 29
43415 3 102
229010 19 22
149992 3 71
191250 3 49
504254 5 67
322811 8 67
372046 11 26
13470 5 12
663400 16 27
15641 1 100
145490 11 8
91483 2 52
400112 21 13
296862 95 6
113332 1 88
722611 12 46
2088224 97 18
613787 35 8
394697 6 41
348281 8 67
13560 3 21
119326 4 14
17663 1 11
14871 5 9
3147771 91 29
218239 27 7
34070 3 37
101659 14 5
76313 22 7
127287 11 41
95406 2 57
398397 2 99
141482 4 25
4055478 28 120
341297 9 82
235595 34 5
263445 58 3
823525 27 14
28269 18 1
97529 2 97
150602 9 16
556893 17 34
37392 7 19
432111 14 59
47543 3 24
20758 2 6
1119938 28 33
4929 1 26
19220 30 4
5765846 32 90
1956357 14 63
128641 24 40
78342 5 13
241844 12 9
840600 7 77
725610 21 22
123589 2 42
965932 44 15
209138 78 13
112004 3 34
352496 13 45
492700 32 13
33358 1 25
478642 3 87
62397 6 47
1876557 32 40
4395 2 2
381453 39 6
461546 15 61
91723 1 53
144795 7 26
97144 9 60
26710 1 17
2008742 33 31
13671696 99 81
14059 9 1
175119 61 5
4500518 47 53
2813901 17 82
1715761 16 63
100507 1 104
1035162 28 50
458002 29 81
50429 2 14
67581 1 49
449178 18 49
741814 9 52
1334758 80 40
150918 4 38
1383598 24 26
203462 26 23
28796 2 9
975775 6 79
36344 2 12
32049 1 66
349780 8 64
999544 18 54
119846 3 20
103956 4 23
325418 29 7
313171 14 84
487740 3 102
143890 8 124
1288364 25 24
281021 12 15
620580 32 59
129584 1 76
850973 82 8
2729831 35 38
97564 12 12
1055691 13 37
25818 26 1
1820037 20 45
591240 9 41
2223899 58 33
130478 58 8
219160 13 9
2066895 54 32
56174 13 5
4375 1 13
72690 1 35
613719 15 61
3808584 30 86
3928697 24 117
2001 1 16
17022 1 13
63867 2 36
434589 45 6
4022 1 2
752906 32 119
209799 24 52
223076 21 38
52726 3 8
148109 10 131
3538596 53 51
7017813 54 59
7678 1 34
583929 25 123
35040 17 5
9398 5 1
26120 16 1
538091 27 14
1210080 29 27
519677 3 100
117518 72 1
1251497 23 62
299674 6 49
119518 4 139
1243896 37 32
222227 32 26
128532 7 12
42658 8 4
802404 26 14
400113 8 97
3968 2 6
400006 4 101
311347 36 6
