150 6577 2847
143 123 84 116 55 77 119 50 23 143 22 33 80 103 1 140 142 86 104 16 34 24 30 75 120 15 71 92 74 41 18 95 34 132 31 147 90 79 62 50 108 95 100 51 24 101 10 85 73 133 103 42 17 66 144 21 126 149 51 52 33 138 104 145 104 53 109 139 53 136 28 69 54 31 136 148 50 21 81 53 76 133 57 28 1 141 116 90 59 146 117 125 10 147 68 117 73 104 102 122 52 150 141 118 104 123 129 42 112 12 144 119 85 94 3 144 78 129 19 68 9 12 138 131 120 102 85 76 24 117 90 70 128 69 80 101 71 117 142 78 114 22 138 11 48 91 122 145 76 119
3352259 35 40
3094651 34 138
816410 13 25
409105 13 22
276521 6 26
4113620 59 28
7877 1 15
370572 43 6
933453 3 122
51742 29 1
1592635 52 19
559092 4 97
42016 6 3
1347827 25 19
1447 2 3
274118 1 97
719311 48 7
12238 2 3
22776 18 1
6224491 143 18
7478 44 1
4931928 96 30
2564307 23 42
22872 5 32
210521 13 45
45229 8 3
121434 19 12
338595 3 52
198815 23 22
139593 16 5
14271467 54 143
757397 52 19
1126312 10 49
9762 1 22
111222 1 43
1122601 59 15
58521 2 11
31264 2 10
228644 1 108
367829 22 7
664530 12 23
147200 27 3
506968 11 21
173129 23 17
18458 3 9
307056 6 99
367584 22 9
2344731 33 30
287533 83 5
353003 36 37
648715 56 5
334307 21 9
183561 13 16
1014555 48 11
1219626 9 57
144750 55 1
59089 14 13
216220 8 27
2747715 43 28
1040590 62 8
8869 8 2
314361 1 116
1802137 19 54
607356 6 63
449975 11 28
1873097 9 87
2835683 22 90
4405 4 1
409456 3 142
69556 4 55
1660387 35 26
26667 4 4
312671 20 6
378875 19 15
78249 7 20
713855 47 44
12087 7 2
5080 2 1
236972 8 44
1185550 58 23
506892 2 109
507006 49 4
680481 10 53
211459 3 28
98658 4 12
22163 2 35
125598 5 99
57946 25 1
220613 9 25
7133870 72 39
244733 8 15
598229 7 33
284703 24 5
122935 15 5
35091 1 101
70993 42 1
159114 25 21
50935 1 31
64670 2 21
71601 1 98
4808490 29 60
1290137 16 55
1059295 8 91
240708 7 20
116380 21 19
253370 6 18
596181 23 61
180903 1 108
3966509 29 69
253281 11 83
202280 28 3
782532 36 12
4566506 37 56
156885 4 27
46175 2 21
1645 1 10
184937 11 37
114690 13 14
327675 38 4
20407 1 55
974699 10 58
820928 4 95
6187746 49 71
171337 13 14
19898 1 23
5153740 90 73
268713 25 4
218320 14 54
149689 39 9
80040 1 68
15934 1 26
1230741 30 103
82426 10 40
10959 3 2
9807129 72 70
2318482 9 110
50081 31 1
664082 31 125
136774 3 18
658123 23 31
559208 8 34
114071 8 10
2904807 20 67
439534 14 18
90516 1 57
224838 54 10
52290 20 9
3025240 29 52
13343173 72 106
1850102 38 33
192269 5 17
770244 24 12
83198 2 18
70155 9 6
258607 2 74
1963767 61 85
1970713 18 104
143771 9 12
8103 1 5
845874 28 30
231649 3 32
142880 7 117
33666 14 1
38730 10 2
1061529 11 54
1599962 27 58
252908 64 7
318906 7 24
37993 2 8
2238834 70 14
29514 8 11
10236 16 2
180602 3 42
198595 13 9
15811 4 2
1271088 11 47
287951 5 22
322618 3 68
2284054 9 94
831256 9 44
51719 3 11
27104 6 3
590242 11 29
1133157 8 81
110972 16 5
19949335 91 111
70763 2 18
211136 31 3
813117 85 6
1427446 51 63
31555 2 7
1123997 30 21
38593 2 24
636891 27 77
226800 14 11
4784563 29 84
2425164 24 129
269348 5 31
34256 2 7
1404864 105 8
52690 1 32
361358 18 55
284588 24 35
505835 28 7
1050631 5 124
194119 23 7
484148 11 31
713993 16 28
1483468 22 41
2439952 21 100
7022887 41 68
41199 1 22
319162 4 70
388501 71 2
623891 30 19
4351 14 2
363625 13 114
302047 24 21
112671 1 47
15861 2 21
585541 5 84
764 2 1
850032 78 7
534976 32 10
139489 2 38
326700 47 6
193139 2 87
744265 13 63
876364 49 10
2343162 16 83
11177 2 4
56324 5 15
21380865 81 111
157858 1 87
155678 9 14
392664 2 97
801080 6 104
2752225 32 46
3359263 56 35
1615888 22 62
936549 93 6
406483 4 37
64269 28 1
1810513 11 89
1148045 51 83
158509 58 9
204803 2 49
2126479 38 39
78131 15 35
7364 4 2
192547 45 19
4326968 46 57
216576 3 32
655634 18 31
56376 28 1
293894 22 37
370058 3 74
823 1 2
268371 2 53
21021 10 3
217229 5 64
400395 22 73
2385360 26 82
221075 3 27
110376 13 4
210398 1 76
6455 1 9
30270 1 11
187798 2 34
32184 117 1
237741 3 93
4130032 13 116
336613 1 122
179190 5 15
456573 42 6
668170 19 43
714677 18 23
233125 8 12
1221748 7 82
19925 9 12
22553 2 6
3335 1 3
1028067 56 10
1702578 9 128
80835 11 3
79617 7 7
1634067 17 50
4480841 20 106
42817 10 9
508225 9 32
70322 1 35
10150 2 3
59917 3 45
79822 2 103
512656 8 38
25948 1 44
984261 16 28
6782 2 13
296280 11 47
218039 2 45
814550 50 27
292688 2 116
18499 5 2
15795 1 6
9599 2 3
221728 2 52
1793164 40 34
1089923 8 109
2167273 10 115
42367 2 11
72741 11 5
203310 3 60
19167135 113 67
262495 49 8
107479 3 21
490461 4 103
69333 1 28
33336 9 2
155359 8 7
34518 29 2
38781 7 19
83928 5 7
1081100 58 12
50950 2 53
191594 7 20
124023 2 32
213229 49 16
20878 1 9
117701 1 47
827046 16 24
5705 1 4
4401475 48 59
4384472 30 81
208794 22 5
4933016 28 106
958995 5 95
4549003 126 27
31180 2 51
156752 4 17
82058 3 58
4465 1 2
67572 2 90
879944 11 45
98947 3 22
333662 29 7
406791 20 26
233277 3 102
182607 31 11
4098900 82 29
26975 29 1
26809 1 46
257278 45 5
189667 33 4
2622 8 1
89849 1 82
1530334 19 83
154336 1 60
81145 9 4
4521826 58 47
57066 13 2
282499 4 45
1250661 51 98
45360 13 10
4281833 83 19
104857 18 19
528932 49 5
141126 7 9
8376 3 3
7684593 72 72
1939763 33 29
169063 1 64
6819112 99 29
18241293 81 98
4149885 33 75
3389072 27 54
124915 9 9
3025305 15 75
58159 30 1
602696 17 95
11483 6 1
1313932 18 59
16126 2 5
372702 33 12
1863160 20 38
110759 1 39
2821730 20 73
5614091 132 19
9854280 37 103
157961 3 19
2196356 9 99
52847 5 10
4216869 37 52
1447073 11 71
897829 7 47
192293 3 25
165022 1 60
1300896 8 75
33238 28 1
15017441 120 50
254608 42 3
80447 10 4
2000 5 1
54960 7 9
2393449 38 26
805623 7 99
16763279 71 125
453333 9 53
2512228 39 35
1449329 80 38
26425 1 31
782245 13 60
63124 8 7
621485 6 65
4766675 26 104
374568 26 64
225512 18 14
204596 1 109
330285 2 114
1941284 35 22
143007 17 5
707121 14 40
2698736 80 14
4040311 41 43
9090 1 6
15241 37 1
84084 11 9
47431 5 4
620559 17 28
1989224 34 41
170866 5 55
67373 1 45
337431 20 11
7076 3 2
70845 7 13
573872 5 45
168456 16 4
262622 28 14
61811 8 4
6722 3 9
281863 16 15
3505413 54 69
196351 11 7
4644041 66 34
673428 10 31
38291 1 19
108374 14 14
112569 1 58
112227 7 16
1930 2 1
302820 7 24
5848 3 1
673477 3 83
225279 3 50
774083 6 61
3157257 14 119
84731 10 3
20685 13 9
16881 2 3
67963 9 4
376785 7 81
10142 3 13
85098 1 35
14221 1 6
146120 10 6
1129118 87 50
228168 33 15
2174873 35 29
7901478 98 49
25408 7 2
2347001 36 123
63323 22 5
153416 2 40
25057 6 5
1423318 33 20
394791 25 10
1159239 5 122
746738 3 97
640462 23 33
1629648 20 39
824412 17 19
488854 8 93
3908941 27 57
973207 13 45
68832 14 2
58526 1 109
613017 2 136
24364 1 9
454909 58 34
137107 1 70
285109 13 8
18627 45 2
90965 1 74
103406 18 4
2772092 84 27
223057 15 7
22592 3 14
569913 10 39
5719768 36 61
161539 14 13
17990727 99 103
361595 7 25
257121 14 9
1416789 32 44
201206 8 17
105151 2 30
346163 16 9
363374 7 34
1234013 46 20
10021 1 15
141530 1 63
130927 6 9
118323 6 25
36837 5 5
3882594 70 43
86422 1 31
638052 9 31
104286 3 31
6605592 85 37
438020 28 8
152153 5 16
908890 20 20
7327671 72 44
70796 1 25
3613332 56 42
5016725 13 147
770548 25 22
81400 2 19
18609 3 24
8846 1 5
1147632 22 19
123372 2 131
211684 29 5
17743 8 12
1431834 32 56
4502320 35 81
1333684 59 11
29759 4 22
21160 3 16
536293 6 70
68640 9 6
18828 9 8
79519 3 12
3652683 26 60
8254099 98 80
473593 39 49
4506463 47 45
133676 48 1
1112961 23 69
2061751 9 83
29797 1 14
2322043 70 15
1540 6 1
218990 10 15
98699 4 20
10539 2 2
402934 13 16
14166 4 3
86659 1 59
19574 12 1
467859 3 106
1002826 59 17
1369428 12 70
1225720 46 11
1611593 25 27
8362 4 2
15556 5 2
59274 2 11
87609 1 67
93793 1 97
250539 12 110
59657 1 23
80490 4 14
945677 4 101
45821 7 17
4044794 90 22
105350 5 8
54986 5 9
9879881 67 67
25902 1 31
1233558 30 92
192784 22 4
12416 20 1
3143795 87 72
8649 1 7
25782 1 108
3499141 23 59
40693 2 11
2977339 13 107
199014 5 85
3282568 17 96
305659 45 22
281108 12 94
22315 3 47
1693807 85 7
16975 16 4
218899 21 11
240056 57 4
67717 11 4
56292 7 4
66983 7 59
350245 61 6
438596 4 40
7449841 34 91
402281 17 125
164069 28 10
64820 15 29
44362 4 20
2929421 14 100
30887 14 3
144946 12 33
59791 3 114
1797303 22 45
1863648 28 37
4761996 22 98
11990 2 31
269770 35 3
1980109 20 46
1976117 11 69
418945 7 89
772285 5 107
854154 7 57
492049 7 29
362105 7 77
22899 1 77
211957 2 68
1459092 12 70
14629618 64 88
3133509 47 38
3898267 59 33
384923 6 27
6770 1 32
96061 44 1
63012 1 24
252369 2 55
7432 1 29
301716 15 16
474113 56 7
9784417 52 73
184643 20 5
357483 47 3
34367 18 9
139728 1 81
2549814 17 90
2275758 33 30
63145 1 110
432337 37 6
7732 23 2
1292387 9 92
88036 6 24
270054 21 11
939685 43 12
276393 15 54
3690476 15 89
1616028 58 17
183796 7 61
206099 2 50
854548 10 67
1092341 9 73
1009003 17 28
634188 18 17
499919 99 3
299526 1 134
61298 5 8
367063 11 47
110599 8 23
565830 7 54
12081 1 8
868612 16 40
1160129 70 40
18023 3 3
73653 1 37
966353 10 81
2439675 45 23
51953 6 5
1068129 76 8
552106 21 31
15496 3 17
3044158 66 28
566096 22 38
5543880 89 43
19600 4 3
8675133 63 56
498281 6 40
3502071 54 23
127885 66 4
543201 11 26
210883 5 27
52524 2 49
457490 4 73
412221 10 21
66415 2 57
698106 4 101
51999 6 49
1392697 13 118
2533907 67 68
1800017 38 97
113045 5 30
4531 1 17
1657 1 2
1255850 18 42
203150 17 7
1580892 28 36
28144 1 17
7136 1 9
488591 16 49
223972 15 10
373987 20 13
18992 7 1
598885 8 44
163550 24 8
770884 18 47
7516863 27 103
62508 2 17
198380 38 2
36986 16 2
12975 2 4
1435501 10 94
23295 15 1
147576 27 2
100744 2 49
1339089 20 31
3610915 43 31
155589 6 11
9956 16 1
816375 9 108
3966085 44 72
58106 7 38
691615 12 52
36215 1 50
212520 2 44
37724 3 39
17608 1 7
149147 23 3
157003 4 49
417121 16 50
5702313 70 72
756087 16 23
1387797 14 73
324263 9 17
353979 4 36
125310 21 9
623692 7 45
48919 1 27
20275 4 31
210068 40 11
172871 5 38
140947 1 90
35477 5 8
578507 17 37
8869 4 1
7006 2 2
266593 49 2
93064 16 15
551057 5 64
63572 44 1
74883 2 22
213925 2 66
1172302 18 45
63207 1 50
333185 3 68
16930 1 30
124281 62 1
5484 2 14
64124 4 9
439899 17 35
620164 9 28
91347 2 18
126200 9 56
890972 17 24
1214 6 1
1523286 32 30
2221143 11 99
24879 5 2
3160401 24 128
3939019 21 86
419409 7 36
1627579 29 69
2013542 18 44
377224 20 9
28728 12 2
8686241 39 92
71496 1 32
68878 21 7
1731 1 1
142439 8 24
410275 8 33
828232 6 103
287964 5 37
3744303 25 77
2251413 35 38
1482953 17 117
28693 2 15
184095 25 4
87093 43 1
347717 46 3
2110779 20 71
737326 36 83
86597 1 51
1997423 13 73
617200 26 52
3592 1 11
54551 1 33
283055 3 36
150580 1 73
3253968 30 53
541601 7 65
65406 3 9
1818551 75 17
359510 6 56
96221 12 15
80900 2 61
607349 12 30
12936 19 3
7675 1 3
7363 1 9
63066 1 38
15511 1 8
202728 5 20
46688 2 29
661039 12 89
60689 2 14
234718 22 32
50679 2 13
258004 2 50
466267 22 37
695264 28 19
285472 40 12
1545647 40 16
5379 1 2
215017 48 3
3087207 26 46
161013 6 43
5545331 79 42
56876 31 1
404366 18 29
2738511 25 59
293552 2 84
2739975 12 81
718033 27 12
2255073 20 76
1865860 72 18
45634 4 27
155354 9 10
1885139 114 20
202494 20 5
1967369 46 26
13855 1 9
152690 3 44
299336 36 13
3109163 53 35
78178 1 51
103975 19 3
7306 3 1
1633380 28 22
82385 23 2
20959 1 9
629836 15 23
341093 3 44
1284680 19 24
6566509 39 63
3379 2 1
906191 14 23
2185336 11 88
1254656 16 34
334044 40 5
47408 5 21
40451 6 43
104840 80 4
1202003 9 93
338363 3 85
450528 34 47
2348138 23 68
2192958 22 54
144005 3 72
185 1 1
710956 10 71
504868 11 36
12839 1 24
143053 1 92
369150 17 13
32490 1 44
265438 2 63
568834 7 35
2138388 16 60
45243 11 8
136272 54 3
3579646 14 122
137986 1 53
333492 3 82
1024319 7 111
2529 3 1
64470 3 49
97628 8 20
3219751 42 49
211843 19 4
156911 1 107
255561 11 46
55928 24 8
1712924 25 31
151468 65 9
97039 3 20
2931 3 2
165698 45 2
3984618 37 133
38847 44 4
901736 70 23
4622944 40 45
44286 3 7
3328174 22 79
1211621 11 45
7029 1 11
28169 1 23
16231 1 35
493291 3 84
2841828 30 46
915677 11 40
182518 15 18
831482 46 11
96157 30 20
11650596 39 116
879702 120 40
207017 25 33
138377 25 17
2728706 30 44
151278 3 61
26381 20 2
1240692 20 33
80507 52 1
853933 30 15
43539 4 14
76764 8 7
9466 1 10
302604 36 4
392321 7 21
9325 1 4
64901 1 29
1021869 11 117
10275448 63 104
596096 9 34
328275 32 35
669999 16 21
5858 9 3
394065 6 33
3434494 92 17
44103 3 14
2643768 40 31
43128 3 28
145076 6 70
1554522 27 33
147658 1 69
231511 9 53
92839 1 38
14607 9 3
20885 5 2
23430 2 37
459933 15 39
4104759 24 106
69867 8 16
417574 24 61
4025 1 2
669171 5 77
1572756 46 101
10807 7 9
307149 40 21
267349 18 32
114054 9 72
727230 37 79
957308 15 37
3853213 17 96
969306 29 15
6433681 53 107
109871 16 3
1069728 22 88
437624 47 31
41068 2 11
429961 48 33
114484 5 70
120695 5 13
51129 2 13
900828 4 81
1756381 19 56
23050 2 5
2759043 17 85
2674070 64 27
6111728 27 109
2315068 14 76
4829594 26 112
1668 1 9
257783 52 2
56493 2 52
2134326 39 23
148006 5 12
227836 28 3
24107 2 68
1134543 121 4
57546 3 9
414699 30 29
24280 1 40
37105 18 9
61688 1 44
72842 14 10
278968 16 61
40455 1 19
5553132 19 129
627217 11 38
9050159 45 108
2082622 18 68
1819235 33 45
377162 87 12
1379258 42 70
5826494 36 78
880288 14 61
1087555 11 45
2234240 75 13
339563 2 60
5004206 51 52
324621 38 37
5390891 45 63
293301 45 4
236893 9 17
1219005 43 13
192759 25 10
2278 1 1
89296 41 8
12552 1 8
735141 34 8
1020525 15 45
52816 2 13
234330 1 90
107042 14 6
179861 6 15
4744378 86 27
1733274 28 24
581540 24 56
181535 46 5
59481 1 24
60753 1 22
5137047 45 59
78821 8 53
14424 1 19
4661 1 26
553142 63 20
3079884 52 32
4002685 25 68
98642 2 22
16971 11 6
81793 1 39
181870 2 51
253760 34 11
84743 8 7
301059 16 11
61564 6 4
1856906 13 85
72066 19 19
6963 1 4
63183 36 1
57051 2 18
1176530 30 26
95567 6 57
1215579 9 52
2834 6 1
104607 6 51
238669 115 1
137377 9 7
1621925 37 68
110826 1 76
1569059 6 97
827345 18 59
108755 1 50
4287233 28 79
3441977 17 131
482289 3 68
678219 13 25
90279 61 1
2881146 17 105
57829 7 52
446050 17 21
142930 10 6
542619 4 52
1790851 63 26
1068973 28 18
340719 20 9
7697 4 9
33998 2 16
37603 3 7
452336 27 9
51635 5 5
94682 8 5
189598 1 81
147565 11 9
559666 4 72
37495 3 5
18906 5 2
241463 29 3
1114239 20 49
237189 9 29
5007192 45 51
613853 16 64
2623211 47 36
2313930 15 80
6783 1 30
1132701 33 31
390555 2 121
6477008 20 132
64896 3 38
22959 1 41
54038 1 32
5094 3 11
12278560 64 103
1641 1 8
10299 2 2
1037535 73 33
1050702 7 61
16447 6 17
74000 1 51
423317 4 57
154691 2 65
17149 1 31
60674 24 12
41387 3 6
840295 76 5
47715 4 8
11041 12 1
32251 7 2
5052 2 1
9011 2 3
979766 75 9
5974 5 1
343576 51 8
183462 7 51
834829 9 64
928565 4 110
108139 3 47
355957 18 11
28509 7 4
125845 28 3
1367011 55 23
2662232 21 80
840955 23 52
74077 16 2
4376679 50 45
1520303 11 56
2269870 43 22
436030 7 22
784748 6 65
119147 9 11
78218 11 17
2873458 20 65
1844619 11 59
509474 15 21
1278960 32 25
2757082 13 92
13147 2 9
32855 19 1
6411 1 18
124346 7 9
838214 10 48
31349 13 1
14315926 72 139
1718186 50 34
419582 6 25
3062836 106 18
1642455 6 122
14863 1 58
204535 5 29
327356 5 50
1630409 13 78
740418 8 43
146060 13 26
6889197 101 94
6357740 36 69
68731 34 1
38677 3 18
3676808 42 32
4998 1 8
20816 1 9
1636414 25 23
2364822 28 35
166081 5 20
151743 5 44
24360 7 2
704023 52 22
3734455 41 57
216870 3 84
1433086 21 30
24152 1 87
1578255 49 34
35528 2 26
71627 8 5
2229956 21 39
39025 3 5
231455 4 40
5781 1 3
2092790 13 62
1439909 22 26
13553 1 21
2230667 33 40
272885 10 26
341647 8 57
94878 1 94
57883 2 20
351407 19 39
1471560 62 15
18175 4 15
71677 4 11
1709822 38 143
753118 9 39
37413 1 15
4619900 64 41
378610 9 21
73192 15 25
268525 6 22
6783999 73 46
2341438 14 87
21078 11 1
272050 8 15
2102276 29 60
3854455 35 61
372737 52 16
174821 2 44
107556 17 29
39629 1 61
961575 27 17
177662 20 20
93464 2 37
212659 4 46
441824 24 21
3796433 47 79
128997 3 16
11215 6 6
622546 58 4
282753 8 22
153208 17 4
71328 2 25
5072 4 1
107671 5 58
239466 2 58
10571407 83 67
116425 3 71
23521 3 12
5763134 33 79
38007 3 7
68043 2 12
2570561 39 28
68925 1 28
46395 17 1
213592 26 4
5415645 40 83
9183909 70 85
149265 1 65
24867 1 47
179093 9 8
8421 50 1
24303 17 1
1136422 17 74
30320 5 5
3191299 23 72
1620976 7 99
745031 5 53
70801 7 26
389839 6 81
373334 3 83
27570 52 2
142604 5 16
13485 9 8
714992 14 21
1642043 30 27
7026 1 7
10647 2 3
108317 17 12
1487901 9 84
5553756 31 75
3862 1 6
417609 92 2
1502508 35 23
1083294 10 65
109896 3 18
102597 2 35
2362029 11 81
78201 51 9
28804 4 3
625694 17 31
218232 1 88
254037 6 90
4177 2 1
52644 4 7
104769 3 31
1307548 16 44
496175 3 114
4556048 58 62
559511 13 90
401878 8 23
3097841 11 130
22147 1 9
25682 25 7
96333 4 11
136935 3 29
1084017 11 72
56862 16 9
936359 16 24
1836822 19 59
1742956 15 49
27579 12 2
256229 1 103
328970 10 32
35553 35 6
1216739 33 17
17872 1 12
15722919 73 92
43413 1 21
1190 2 1
990017 7 93
569964 46 30
273288 46 3
14532 1 7
84374 10 20
1429368 45 15
1615383 22 46
64055 3 21
753692 5 76
48616 23 1
3470936 74 27
138007 14 28
399788 4 56
15530 2 5
13178245 46 127
265073 22 11
287140 4 45
448796 6 58
9414 6 4
55762 1 33
32992 1 13
140646 12 36
7416 3 1
263996 10 44
1700280 14 55
244711 7 77
33979 1 64
371116 17 12
2728052 25 76
177495 11 7
53766 14 2
86785 38 1
18865 15 3
469831 10 21
9433 1 27
84459 11 3
8553714 45 83
231172 2 66
221070 7 16
858386 4 100
2114723 87 52
415642 10 22
2091641 17 78
6484663 45 51
480772 6 50
307500 11 15
5651671 73 38
12273 3 2
584294 51 8
246257 95 2
90270 11 17
663463 16 56
5483 2 13
2766805 30 38
194157 2 51
50969 20 1
165961 53 2
3068 1 3
72357 11 21
174570 6 20
1605142 14 68
1391926 11 45
710167 31 14
20600 1 56
293655 29 7
70748 2 67
114873 8 26
103980 10 33
215082 14 6
7259 8 2
1875178 26 91
44495 11 10
29231 12 12
2095861 13 84
1426096 14 53
1736774 82 52
248739 5 29
85690 3 12
485925 23 9
345781 40 5
121072 3 19
66175 3 14
1555089 13 55
33067 2 40
5666 1 3
13920 1 42
954065 6 111
18521 5 8
740755 7 70
77774 6 14
167675 13 33
57804 2 20
85694 22 12
20062 1 8
90763 2 90
254784 4 40
165608 4 35
289222 11 16
3403118 56 105
13562631 114 64
367827 2 70
12922 3 2
1168658 11 68
840722 6 83
1417859 9 70
1769646 52 24
106698 44 1
238742 7 28
1289727 11 42
305302 26 17
4408560 47 34
520088 7 28
49584 2 41
64510 2 48
7617 4 1
5455 1 2
2214614 47 23
18675695 66 110
2927795 19 107
7936 1 3
2525220 51 30
87063 14 10
275044 3 81
6594192 32 104
80778 18 3
134526 8 84
1428590 8 84
184180 18 5
826969 24 21
1675399 17 69
1594838 18 39
1015479 23 35
89063 10 21
777963 7 44
621716 4 71
3326757 9 130
138109 14 9
124752 2 52
261695 7 39
6070931 75 38
105488 1 55
1857927 23 54
95424 11 7
94879 9 7
30571 7 16
124052 25 17
30079 11 1
1923896 40 108
14893 3 6
6190645 31 95
184847 1 126
3209837 70 26
1234301 51 10
958872 27 21
747616 24 14
107301 3 14
837571 13 30
1106984 10 56
1100351 32 18
1013793 10 84
9410 1 41
51301 3 15
309026 11 12
42461 1 106
56839 77 2
2209940 12 72
48068 5 11
672 4 1
1626241 12 51
10561 4 17
27259 1 15
1123007 12 43
141948 10 7
170480 4 22
7506953 18 148
982322 23 34
392498 32 50
98280 20 2
12709 26 1
1710211 6 119
56396 10 2
294157 2 70
185369 18 4
54653 58 4
277329 4 41
320451 20 8
53987 2 15
83467 15 2
35118 29 3
1723273 16 60
30320 6 3
112835 6 10
24877 3 3
88164 1 59
827312 6 89
687202 10 47
591848 10 43
110747 3 18
8203674 111 30
83064 5 8
284157 5 33
290272 11 10
10914 1 16
171703 1 94
403203 3 50
106691 5 75
2033344 22 55
100177 52 1
4872531 24 102
4210282 66 43
520020 5 52
176714 16 7
214559 7 30
525980 7 49
60491 3 59
724731 8 64
26504 1 17
19239182 56 127
899511 18 18
116164 9 6
45932 11 17
561472 11 19
670302 13 49
817156 6 92
505249 16 53
2400756 120 29
354740 7 30
247216 11 14
62210 26 5
449463 6 31
934691 36 21
18911 16 1
5440127 114 36
38624 18 9
71249 2 86
197556 8 10
16624 1 10
163712 1 79
297695 10 20
1235036 15 57
1647949 11 65
2593 2 5
11865 19 2
7598 1 17
447171 11 16
4255443 45 44
768633 9 59
250546 1 125
1555098 19 87
21321 11 1
1771657 65 19
247036 2 54
2719806 14 96
4836176 37 49
65082 2 17
175203 6 91
82598 2 89
33785 2 10
62752 1 54
4473060 41 41
847678 15 36
2336723 10 91
204908 17 24
219373 4 112
198582 60 6
46454 2 11
285493 23 15
721402 7 43
92622 2 25
35676 6 4
5424820 87 84
229779 80 3
2398155 46 44
890356 46 12
257536 4 24
339891 12 18
17661 2 9
74233 16 18
144024 20 3
37631 3 83
665578 18 23
97089 5 13
2484643 30 36
3533766 46 39
12432 1 7
135572 36 2
15846028 83 99
772808 6 57
285466 12 17
1598057 29 53
414999 15 17
62919 25 1
577533 23 15
176494 7 11
951806 9 82
1191981 45 37
213137 68 5
388688 3 82
14989 4 2
38046 4 6
1182574 4 108
849193 44 12
15061 1 9
31315 1 17
7753370 27 132
3538 1 5
13775 2 38
882812 66 38
216228 4 36
394048 5 114
82503 2 27
135906 22 13
94416 1 40
16591 4 7
595528 114 7
1732536 91 8
10834 1 6
2142325 11 90
150260 1 65
242675 26 20
1748600 7 135
3437271 13 94
831911 20 36
442315 35 57
14299 1 16
102005 20 18
728474 21 25
838246 3 141
792446 14 25
1445758 39 24
36771 24 1
580634 34 35
65026 3 12
59314 25 1
612276 8 33
2285060 16 56
687806 7 56
92258 4 47
175131 2 36
4083042 69 24
173606 3 26
2680507 41 38
651097 5 85
2298591 13 66
478504 29 8
78341 20 21
778342 6 76
1505779 13 55
163185 13 11
684203 12 30
147798 23 3
654923 9 40
61451 5 6
2230504 33 27
24766 27 1
85784 2 25
488611 32 7
497460 41 10
22232 1 14
202192 1 125
572973 8 36
36687 1 23
1013596 18 21
576603 5 59
2173604 10 99
21582 5 10
131031 5 15
513406 4 90
37766 2 21
234054 52 3
5744 4 9
590696 3 95
116761 20 19
844409 16 85
124005 24 2
260731 2 58
506068 19 42
14483 8 1
1247961 8 105
1140684 20 36
4658 3 1
512563 16 50
52423 2 15
6638 2 2
1876344 68 52
3423525 25 67
522182 14 53
56726 17 13
182577 2 41
515873 8 25
5267970 32 92
179662 2 33
2740079 14 72
305633 47 4
169917 2 84
116301 51 4
32056 1 12
3812 1 3
86025 1 52
2126979 28 43
134767 2 27
68844 5 5
1958 3 3
2802522 23 69
20428 2 22
103380 1 80
2351756 24 59
185468 2 46
10422 24 3
217625 4 36
3913981 54 41
577113 8 52
17119 4 3
996374 96 23
3072645 21 64
257787 12 8
22493 23 1
723138 25 15
176884 2 52
957863 12 44
2226132 36 38
268721 3 104
4223791 22 109
1459401 41 15
109490 13 10
1095736 8 95
68560 4 7
2278169 67 12
384254 23 18
491881 7 31
2843735 80 53
19701 14 3
3430264 35 54
2233295 14 111
14169 13 4
5416322 34 56
4233728 36 70
124155 22 15
11391 3 18
4506 1 16
3898 8 3
16982 2 4
4793 1 9
13507 11 2
9986111 53 104
22649 1 9
80814 1 106
851577 37 12
32351 2 78
143549 2 26
622483 2 128
1224603 20 40
12870 2 8
19348 1 23
6227 1 4
27727 1 31
449965 19 11
241708 8 11
1566030 31 18
205050 14 10
85560 29 2
7379587 71 41
38603 10 17
327677 4 34
517875 55 5
125087 2 25
140647 11 7
818365 14 75
20095 1 9
5397068 16 128
192455 6 62
15756 9 5
481377 10 30
331174 7 56
1708116 17 42
12567 1 14
1734924 33 24
25639 3 4
130219 4 59
28468 39 3
151835 28 18
24936 11 15
123453 61 3
358001 11 21
6880478 61 55
300491 21 69
947047 66 7
906130 28 60
9764243 50 108
1575303 20 48
997490 13 46
2111009 30 49
1806565 63 15
61680 6 44
113990 8 36
1036851 10 105
1006243 57 9
60146 11 6
1147945 10 49
875249 4 102
4650 2 1
164440 1 65
666646 2 124
224291 33 3
74639 44 1
196014 53 2
1899 1 1
105343 2 47
13659 3 2
41159 4 23
110350 2 20
578592 5 44
155145 5 12
279903 19 34
475894 18 17
1053486 41 18
962182 20 43
1069486 50 20
414815 7 28
130589 1 93
89360 8 20
3123 2 1
92048 1 39
462657 21 10
831268 16 117
6011827 36 100
1496 1 1
1635484 16 59
43341 2 22
381767 95 7
836110 9 43
154291 5 12
72198 32 1
840684 22 31
296375 30 34
72676 2 14
107460 36 4
8741783 32 104
786104 3 108
29031 1 28
3672113 34 69
596363 11 31
180313 19 5
162687 1 66
51976 12 2
150796 6 22
1062781 11 58
250473 15 11
875833 38 25
5804 4 3
11894 5 1
2135284 31 42
1591187 15 60
405328 2 121
2393727 19 64
41712 4 4
2249018 44 35
94345 13 4
25830 7 2
1794765 20 45
1889678 21 52
2988093 18 68
16808 1 11
6766031 102 31
5499893 57 57
54586 2 14
211432 11 12
482857 35 8
88805 65 1
554324 4 70
3006544 22 74
42034 1 17
1194500 21 22
120702 2 54
68096 3 11
7037692 20 146
770794 33 32
332311 6 110
1054384 33 12
1870448 7 97
552198 4 94
145454 2 45
186625 10 12
1396049 30 48
1335657 20 72
69494 10 25
307977 30 7
246736 14 7
56420 1 38
3615489 49 33
351466 4 42
1462063 8 66
5505489 48 131
263726 16 14
33353 1 12
342986 2 93
355904 45 4
2625033 20 84
64676 8 14
36480 30 3
10622 8 9
188863 1 79
15364476 109 89
1845 1 1
5432581 85 27
9544798 89 66
255941 3 45
1596712 10 71
853744 74 23
268816 4 94
24686 1 65
5222 2 7
89973 1 40
645463 29 52
11291224 78 98
1165074 29 23
1170987 7 82
72876 7 29
53224 3 7
39673 2 79
291740 6 33
124720 1 86
47141 1 29
520125 7 43
40674 2 12
342653 46 4
148253 6 12
117449 1 113
3201284 88 15
373832 7 27
231250 1 91
21166 1 19
105737 5 14
83543 10 20
291515 12 14
273584 48 5
435547 39 10
61496 6 44
68610 11 36
6272286 72 35
273801 2 57
6636598 40 94
200221 2 48
3611 2 1
36702 13 8
19173 1 8
320461 8 39
72181 11 3
224620 1 89
320467 53 3
555957 7 49
2597274 57 17
1587 1 1
670645 5 74
2063277 74 13
315740 3 68
2338397 8 118
53471 2 67
7564135 42 71
147164 7 9
919980 52 9
215313 6 19
867154 38 86
2399945 33 65
1293659 8 78
196299 2 69
320245 7 21
2290083 12 86
112852 3 26
7829 3 15
1577268 16 45
298553 26 8
1092529 5 77
492899 25 10
1955305 11 88
14395 43 1
163721 2 45
3202969 18 83
6162 1 20
36447 6 5
49204 23 1
33680 3 11
1498901 26 40
51333 1 30
227508 4 36
85801 2 26
1237463 7 84
1396532 29 19
23272 1 12
62919 8 12
38706 3 9
48831 4 22
1270269 64 22
30023 1 26
57244 4 29
400168 8 20
19970 2 19
6173 6 5
1192340 49 16
6693069 53 57
116593 8 76
589237 3 116
91553 13 4
3946646 48 38
1557316 44 15
18701310 77 86
7635758 54 90
196089 6 27
34722 60 3
69041 3 62
64286 7 5
370172 3 58
197858 1 72
14337 1 10
36033 2 23
2438479 20 58
7522251 49 74
1552474 33 17
46731 1 84
65364 3 8
77912 25 2
2045102 37 32
87550 7 29
240279 5 25
21112 55 1
179577 10 50
80510 6 51
11744 1 7
641440 11 39
57664 6 9
106070 6 7
135906 3 31
433824 32 6
1824611 22 53
28005 2 19
3699446 20 93
323693 12 15
2146753 35 35
1008773 35 17
1680883 115 18
1271951 25 64
1008366 8 89
5974 3 1
18388 4 5
107596 1 48
1890719 7 99
43612 1 112
322067 55 3
1849449 52 26
6344852 79 110
5395134 39 132
357560 2 72
11399091 69 107
322327 24 54
27055 8 2
260019 36 15
288114 4 66
8990 1 4
936944 35 14
1117494 10 48
310325 43 21
365344 51 4
47756 33 10
67441 11 4
4880911 83 21
747599 7 56
419896 51 3
3483710 34 48
109415 4 80
290611 40 6
669797 10 40
4066041 68 23
129381 6 15
2377056 49 26
750521 16 29
17327 13 1
176915 8 10
40131 1 15
344589 20 29
3267473 49 34
698770 6 57
294645 11 15
195134 5 78
147941 24 5
3864545 23 94
107449 16 28
898587 9 55
8084449 112 46
353377 10 17
2739767 79 13
793995 18 89
30197 54 1
1201839 36 33
1212529 23 63
474779 15 21
39731 1 61
4603260 34 53
26679 9 7
61878 10 3
63512 4 43
5064221 39 61
676451 14 24
128708 6 30
390504 31 85
120613 34 2
575314 13 36
478826 9 117
88888 39 7
1327671 33 18
255084 19 43
6552415 46 74
387212 37 5
4987424 38 63
83706 2 28
846586 5 67
6658969 60 42
18144 5 2
10175250 58 79
3838500 68 80
780897 13 36
11569 43 1
366013 19 41
744326 12 27
578 1 1
56209 3 7
123849 4 56
32267 2 10
1539907 24 44
3321 1 7
23490 2 58
1275 2 1
192496 1 78
7868614 37 145
205170 18 7
6595550 92 41
49911 1 37
3232351 84 16
193761 14 25
99681 20 12
964281 18 30
1667971 10 126
92363 3 11
345089 9 23
196480 36 3
19226 2 35
115140 2 46
82350 3 24
1818765 67 52
91612 2 25
300915 61 33
1817676 9 83
88093 1 94
38055 16 2
123640 4 56
166522 3 28
4759813 28 100
416723 2 96
1846812 27 85
759790 17 18
675 1 4
3482426 18 71
54382 4 48
446028 7 33
91310 48 7
3102589 29 52
843236 37 11
795921 23 23
479522 12 31
581220 67 19
712495 22 20
140033 20 4
3994937 78 25
9350 4 12
443884 23 43
24501 1 10
1438360 10 94
1073704 12 54
402401 7 43
977741 7 83
3403896 24 90
619508 6 45
2949846 52 21
386811 9 57
13763 1 7
753140 12 55
126773 5 17
1079851 75 66
232332 16 16
66116 1 25
63458 1 26
1543225 8 84
15989 13 3
464561 3 70
7192144 70 42
227617 1 110
18681 1 11
266682 2 142
2066303 51 22
300149 9 23
70532 5 47
1084598 10 72
1419023 62 10
1166133 21 21
40635 11 6
400095 7 28
989171 7 75
338003 22 31
518395 24 11
625937 10 42
52710 4 7
215541 4 23
1004430 40 16
1130864 11 40
168402 2 102
739474 11 28
14268 22 1
1057 1 3
142415 79 4
388077 6 23
369285 4 53
497220 11 24
277283 5 37
236857 5 30
753762 14 37
3166546 41 37
478852 5 45
654050 5 46
3924204 55 45
25107497 91 116
144325 9 8
247349 18 5
27958 6 6
124371 3 20
3013902 29 72
393578 5 62
1041513 24 22
73196 8 12
72009 6 5
1039400 37 11
179109 11 14
824921 4 83
166629 20 12
64548 8 3
679046 5 54
265936 7 21
3840558 34 74
2335587 33 45
713 1 3
345613 19 8
334506 14 12
1667543 37 66
95925 56 1
1897363 13 67
35188 1 15
2338 7 1
170799 5 15
25158971 73 128
42900 6 10
5324584 64 38
652434 7 86
596698 9 24
680731 33 46
1244901 16 47
10502550 72 81
160498 57 6
612792 4 56
1811823 9 115
1731183 33 45
28968 1 70
130244 13 7
160516 31 3
94909 3 82
38384 2 9
283797 4 27
452433 2 112
2085149 19 101
2424640 39 35
2681431 29 61
121854 3 59
368249 12 39
730460 9 33
893060 53 57
967 1 6
756974 3 95
987307 97 8
356223 22 10
15037 2 4
578414 56 5
740272 62 17
425031 17 135
342703 23 57
543559 32 44
2189656 16 74
11300020 111 66
276798 10 11
448229 10 21
394120 2 107
2084800 29 31
894054 5 95
28641 4 3
40837 1 21
658350 7 40
211417 12 12
3002 1 16
4135 17 1
2434613 17 63
68534 10 11
62181 5 15
543031 18 15
505788 10 21
1076756 18 32
5723314 58 67
4612492 21 81
143255 6 20
4760151 61 52
7341 4 2
208555 5 66
238394 36 3
191980 32 29
145957 23 32
545100 35 76
33110 6 3
4165656 69 24
137795 3 29
279093 12 24
110348 3 14
437865 5 56
27560 7 25
611120 9 70
819481 19 135
17754 18 5
630681 18 21
4180365 68 63
158594 52 5
39631 30 1
291444 3 106
351307 56 5
1172990 6 78
1126298 50 8
279343 6 26
151017 13 8
18418 4 2
219954 2 57
105739 1 43
2814936 42 26
151327 2 80
38749 2 17
40061 1 33
90811 57 3
304188 24 83
4920 1 17
682153 12 76
32242 3 7
2742199 16 65
3549529 32 46
399646 19 13
33498 1 19
418122 6 102
5608468 84 45
463766 48 8
1690695 25 38
99675 2 24
197827 2 45
614200 5 78
188074 6 17
245827 2 61
82637 1 39
79726 5 11
100986 5 8
238729 8 15
225694 6 62
2616811 13 112
3975 1 4
192378 3 24
305540 2 91
165981 7 9
10320 1 57
624409 11 86
187399 3 84
91405 8 13
16651 3 3
1036120 10 67
3948390 55 41
2689070 61 28
247145 33 3
6654618 109 27
368667 3 55
92363 1 128
9671 2 15
117984 3 23
876977 11 48
204142 2 56
169596 6 47
3052573 39 52
53792 4 10
197913 10 9
488019 7 36
2380309 36 24
1359575 62 55
191010 10 11
104035 3 16
51310 24 10
576444 9 34
3666460 33 53
241669 15 39
2575098 18 80
433943 22 7
49271 5 6
484851 14 18
59986 37 1
63684 2 100
161580 1 102
94247 2 27
124682 2 63
542493 84 3
1006479 5 110
34037 9 17
151845 12 7
673412 6 65
1196098 15 60
7091 1 38
1671 1 10
1777008 10 108
107606 10 6
301444 25 5
4119540 32 78
20818 2 16
53751 2 15
5107393 47 40
41307 5 31
1171625 12 76
283653 4 31
525801 2 129
83454 1 139
382810 5 27
1139058 28 22
1456068 54 46
35335 5 4
1712600 42 31
153851 8 11
7085376 103 27
66008 11 19
54758 8 3
393298 11 15
594119 16 19
87206 1 126
7988 5 1
445850 11 60
503383 42 16
145099 6 64
840736 23 18
48131 11 4
1815283 48 16
2730908 21 64
1934597 22 43
178786 10 52
668451 7 66
66798 6 6
617611 17 13
65233 4 7
225681 21 16
1378841 20 38
13650 2 5
132430 7 8
593018 3 76
41302 1 26
231532 5 19
76365 3 14
436620 28 43
20609 12 1
770242 7 66
1397848 27 20
28912 4 4
2276762 7 115
190152 8 32
302792 14 8
327307 21 79
21874 28 1
442958 12 17
335038 10 22
1780781 136 5
724818 8 33
241469 7 18
462515 13 62
115571 36 5
92967 1 55
663731 28 32
5592 1 14
43420 34 4
469857 6 38
1075740 17 26
13179 1 36
475630 2 91
35145 7 6
1315860 90 9
138256 5 12
30179 2 11
22528 3 5
220126 15 59
68148 14 3
16907 1 26
388406 2 81
206969 8 14
866188 22 59
114986 1 64
331977 3 62
22695 15 2
13704 26 3
158585 1 87
10163 9 4
243691 23 15
2665174 81 19
41046 9 3
1181725 27 43
26096 1 17
171837 8 10
4073963 28 96
41219 26 6
2517338 61 17
12140312 37 123
19547 1 23
2545715 43 33
1418532 35 45
18147294 105 69
53807 39 4
277590 20 66
89582 1 60
597335 8 37
13118 18 1
158800 13 33
139232 16 10
303937 9 44
43365 2 8
46786 1 77
2712578 56 59
37001 4 29
4690004 60 51
206729 69 8
83517 2 26
1350547 12 61
485045 5 50
2113357 28 45
79902 2 21
170039 1 60
225993 4 41
35756 9 24
506081 17 35
32106 12 12
1932 1 9
345811 22 82
803322 27 40
16534963 51 137
2048894 20 51
11412976 71 102
13829 2 3
228143 12 44
1390518 7 75
4342058 34 55
5996730 58 52
1190210 26 18
162670 3 82
229701 1 137
993925 26 23
1299120 13 59
27221 52 1
394228 6 30
248075 7 23
146818 1 118
41362 2 12
113037 6 11
1023903 11 47
32087 21 1
18916 1 13
332964 54 8
1414846 19 73
125683 7 8
313278 5 75
2212862 11 139
78103 1 71
91104 4 13
1447118 24 36
36418 4 51
57377 10 5
22892 2 12
655764 50 8
23210 11 2
4168318 83 19
545183 21 14
27704 19 1
48901 7 3
100073 4 22
60069 6 7
43718 10 7
57481 1 21
429286 12 100
223554 3 34
57965 5 15
249833 26 6
18921708 69 111
52324 1 20
38899 6 4
17047 1 107
1026927 60 108
8269158 78 62
1814715 27 48
1538630 12 51
141492 1 77
383089 10 16
287141 20 7
3106 4 1
816231 14 78
1029458 48 77
25666 2 23
5483952 46 44
32986 7 2
597480 5 45
1873258 40 26
477457 10 19
340656 2 71
22481 2 43
4410104 30 82
446594 9 86
63108 24 9
444652 28 11
359376 4 58
101282 32 2
832005 19 32
152236 14 6
3794 1 6
149588 15 4
489841 11 20
2645585 59 59
6544539 20 120
1418956 20 61
94908 23 2
178151 4 21
5236137 79 31
12683015 44 124
3820270 32 57
1472752 34 22
36594 8 25
129429 8 42
49625 16 3
1054104 57 120
44879 4 8
3011936 21 54
93162 12 5
64630 1 37
257837 17 8
2672282 11 95
91430 9 5
9170438 70 93
589833 11 82
218898 22 4
736005 28 22
334559 19 25
291741 2 53
169198 2 39
391949 7 37
358097 18 7
4324460 22 127
26894 3 8
34785 2 19
585464 3 79
467835 10 24
1006059 5 86
3183130 73 29
125642 25 2
6066650 25 121
331258 14 51
195611 23 6
1650228 26 55
36226 4 35
55211 4 6
5937524 69 55
1361046 11 55
62764 7 10
3058658 22 62
4052499 36 46
944419 19 39
559787 22 15
110443 2 29
127114 5 39
20117304 82 104
727700 19 40
1090 1 5
7125274 41 104
704850 15 22
457217 104 2
21585 2 7
2398209 29 95
228467 7 19
6565956 77 44
3869 1 2
1054847 10 62
13425 2 3
9142576 85 65
753168 11 44
108708 100 3
179938 2 54
1716160 14 66
16426 3 2
1344253 10 53
16599225 53 119
1116 1 1
577074 4 91
5917681 67 71
183541 7 10
50038 3 16
4475288 20 107
4294470 44 56
642773 4 67
124895 3 77
173363 3 35
674720 17 24
3010225 32 36
365718 15 9
7918599 47 76
82229 2 28
1962755 29 59
100097 2 24
740235 5 97
4049034 68 27
88887 2 29
82224 9 14
256854 10 11
8295 6 1
311782 7 27
868714 10 61
93136 7 9
84897 19 17
1849870 39 26
376084 24 11
2652 1 3
1594017 37 24
292192 3 41
59576 1 25
1065296 6 79
28489 20 1
5327928 53 39
251176 6 16
48031 4 7
461911 31 8
7569 1 3
1069979 51 79
180889 26 4
123412 8 10
3465105 53 24
47798 6 10
86459 4 24
51050 1 41
463620 14 27
2409670 33 37
1879057 22 44
1251 2 1
391362 28 6
2260955 78 14
17087 3 20
67494 5 6
3121558 24 71
486565 25 37
109449 3 18
338411 37 55
950232 3 119
70879 3 92
28598 44 4
18748 11 9
10599925 51 139
2381883 44 23
301552 4 91
390882 14 19
2100204 40 45
3346439 16 95
62355 3 9
744045 9 109
121599 14 37
15026 8 12
1480975 18 73
872904 32 10
11728456 72 66
141395 1 68
12737601 75 70
1255888 40 17
60842 7 5
1924876 28 64
1716344 80 10
336683 6 22
1235141 56 95
170060 2 57
978325 7 54
614670 6 41
165031 2 46
2649773 44 32
7515789 93 43
505306 5 62
2937 18 1
4117800 16 108
162088 33 20
198059 21 45
2476770 17 72
521245 11 35
2194318 77 24
176059 34 3
2153751 21 65
177441 5 16
347938 20 18
5068 1 14
6508881 43 95
4189657 80 30
426387 9 33
352685 7 61
278228 2 57
543578 52 7
306130 3 53
67212 36 1
414537 5 34
974280 15 29
1402251 35 22
26062 38 1
283250 9 25
13661674 62 126
9215 5 8
17088315 98 101
112594 18 3
656720 17 26
607330 5 65
831863 61 8
5085247 50 36
241405 3 45
339614 16 90
781904 110 4
78662 5 10
71357 10 26
261854 13 10
13321 8 1
17948 2 4
30647 2 8
568676 11 29
2696017 28 69
304922 2 74
231219 51 3
29607 1 49
217413 5 17
836191 4 111
170299 4 38
363651 6 36
542038 4 53
34372 1 21
96832 1 49
605204 75 53
129991 75 4
458097 31 87
59155 1 21
92173 21 18
43402 7 8
5888938 35 69
35818 1 16
295720 32 15
193239 4 56
266658 8 18
9177820 52 102
2645891 65 27
16886 5 22
634515 11 34
644394 13 18
514864 9 24
374686 4 56
202367 7 12
23354 3 4
415089 27 31
3532090 15 120
874868 7 68
457149 3 60
4616533 30 106
157554 3 32
1472984 16 64
93698 4 31
168147 4 27
800617 22 18
98642 2 95
15421098 98 92
14233 2 5
2587104 60 22
204372 6 53
53737 1 27
198108 4 55
3708379 34 128
1251322 45 13
14467 2 5
135769 7 11
4894145 73 48
5042571 123 23
9232 1 14
1506635 16 59
10351 3 8
1179672 22 22
11797 1 5
249677 5 37
3357354 15 83
41770 8 23
7110903 57 51
32421 1 26
199386 9 13
656115 51 9
6649873 24 105
509840 9 48
761380 9 30
263497 2 60
1244396 23 21
1953 1 1
351503 2 98
378164 8 23
36098 6 8
1652094 40 41
180972 37 3
284021 18 27
447271 27 10
1151775 13 61
50091 1 64
415597 4 70
615483 39 64
4281161 39 58
29884 1 18
103372 11 6
1978054 28 35
132826 40 8
2106403 20 44
975249 10 48
398840 15 15
6356631 89 49
3901076 75 21
14637 1 41
212758 46 5
23381 1 12
6025 3 6
4163726 16 111
324505 6 30
158943 1 83
417595 3 64
1645998 68 14
274930 18 44
454174 20 9
582488 79 4
6940 2 5
493977 7 32
58585 9 5
1325449 64 8
342330 7 45
12012 10 1
314188 16 9
695707 25 15
21706232 58 139
21307615 83 121
114515 3 20
75638 10 10
6051 5 2
3011576 15 89
2579192 25 70
642269 5 76
3960 2 1
8421451 44 77
186981 3 22
991564 66 14
362993 55 3
7666 1 3
1344007 39 18
53166 1 94
440179 5 66
5929 3 11
3894149 28 50
929059 39 106
948462 4 109
27119 3 63
2525056 23 57
9329264 45 89
1649069 26 37
1265276 20 85
27620 1 10
6907502 58 47
2176701 51 15
455295 10 31
116472 5 93
3979668 22 107
3968129 14 102
301551 11 15
144017 4 63
6591 1 3
44805 9 21
119724 1 56
75023 3 31
85586 18 2
397105 3 77
678151 18 20
2702536 14 125
23436 7 2
41758 3 6
310746 24 59
3137 2 7
6386 6 1
131736 28 30
22505 8 8
643132 20 13
913435 24 18
813092 46 11
787375 35 32
2615404 40 41
795183 47 14
222614 18 23
2069502 26 32
1989591 11 88
1563412 21 38
3641978 56 43
201646 13 75
20441 2 5
35938 3 7
123462 4 24
1535639 8 73
2082288 26 37
239132 2 65
493034 4 59
322788 6 30
12118 2 4
8534464 43 97
656001 27 51
995248 6 140
418844 35 59
1729430 51 22
1336147 9 88
558460 12 51
533870 6 36
1339831 25 21
2013577 45 33
364621 13 19
112906 3 17
347287 27 17
349696 25 5
419324 2 96
87901 6 8
79177 10 11
237993 13 7
516680 4 63
8862170 38 106
1794647 9 95
1203818 7 106
20984 11 1
37606 3 66
69852 6 48
1606958 7 135
198371 3 29
416629 15 16
14812 5 2
8319 3 1
361364 6 35
283813 13 16
84235 1 32
90296 3 17
6315 1 3
123464 4 18
100883 15 26
39843 10 2
347439 4 43
4147020 30 90
61427 14 27
1352395 9 122
60656 3 45
129845 3 19
119784 7 41
45884 1 21
173168 13 9
707085 4 70
70645 15 2
9971738 66 102
346941 64 2
86229 15 3
71093 14 18
615349 11 68
377613 15 115
283993 7 23
5130705 129 17
453616 3 65
36237 15 10
482945 32 15
1057148 6 92
318436 4 63
81388 6 12
1808185 31 45
27134 16 1
322257 7 27
4179973 23 67
66620 3 11
993514 18 32
519231 5 60
35798 19 1
56946 2 31
84832 9 5
1443997 35 48
313854 5 26
911260 16 31
747041 6 60
427625 10 26
190488 25 13
24947 3 4
2070788 11 87
67809 1 25
235630 8 13
1615581 12 92
4540666 22 84
99220 1 35
323852 65 20
79503 21 3
13055 1 75
2716 3 1
688902 51 30
351258 6 39
2268420 15 62
53101 5 4
3299544 77 23
141252 21 10
3488271 16 89
215599 22 6
76414 2 44
420268 32 5
4301 1 2
25312 2 5
22739 2 6
242900 1 130
1358274 19 28
131295 5 13
1783708 21 41
214930 9 41
27350 2 17
11979322 48 96
275 1 1
59851 11 4
4154937 76 27
212803 4 77
33799 9 2
866382 42 8
37268 21 1
5416640 48 57
1616644 12 53
749162 10 45
126555 14 5
3878482 50 78
193490 1 86
30166 1 17
14234 6 3
110554 5 12
409043 8 91
244392 51 4
3674 1 11
1074279 12 52
1375506 53 40
877148 12 35
5823874 29 127
1359042 17 31
65367 7 6
77065 1 34
846877 14 44
28358 1 40
4533641 71 32
211136 50 29
874715 7 71
64223 2 15
758447 13 34
528342 3 80
25126 1 14
175875 3 39
107652 1 39
1346391 23 25
408498 13 25
1607418 45 23
161704 4 24
218734 2 98
445869 42 4
186367 9 28
41583 2 13
135689 1 70
120967 3 41
2048488 54 25
378618 19 15
33995 8 6
5706543 42 63
257704 14 77
346909 29 39
20124 1 11
601715 55 6
3108919 18 62
26575 4 7
249237 82 19
2958848 19 93
425965 16 36
670444 9 44
644122 46 6
99744 9 32
4419992 94 39
66431 35 4
33126 15 9
15208 5 2
1407768 9 87
551167 86 22
496946 24 11
12827 14 3
723437 22 33
959666 6 88
100947 10 10
1643530 24 32
89014 3 29
74844 28 1
1339045 57 12
8433 1 14
131169 1 96
533910 47 9
177458 34 3
3183024 44 47
2468260 21 60
227166 9 35
171857 18 6
1805617 8 113
1093 1 3
335589 24 19
454952 21 14
466438 14 16
43649 2 11
457886 5 63
2068785 19 52
676754 13 59
413941 3 95
7611374 92 43
264096 12 13
715037 8 43
215279 2 62
1010526 16 39
441736 13 22
3422286 29 62
107922 25 27
83004 70 4
282604 8 20
290707 2 64
195864 37 2
1094412 9 120
1411470 9 67
12271131 69 68
948039 27 20
247653 11 15
915499 19 26
17308 9 3
39745 2 12
10486 3 2
102690 3 24
262779 27 6
144930 3 21
4697686 32 89
93223 2 25
1682 1 1
160664 14 18
31101 2 6
262991 3 61
209547 10 8
2445339 73 91
273938 43 13
375323 6 24
1163681 41 13
3357304 45 42
43668 19 1
1724977 7 114
458162 4 108
61325 4 14
4569 20 1
1700284 9 76
1270070 11 64
3673319 61 23
266539 13 10
268133 6 94
137257 97 3
139595 18 3
890718 50 34
1298181 12 101
233357 1 113
153191 3 33
1006182 9 57
2320689 34 46
1504127 10 95
42553 23 1
158651 14 6
218457 6 15
116162 1 41
512852 12 23
51509 4 11
8126 17 1
95498 43 2
125231 22 21
175194 18 4
150493 1 66
1361254 16 52
1464895 41 24
165126 41 2
48986 2 16
773845 4 76
7138763 40 76
8068 5 1
101663 3 35
1434260 13 50
23128 4 16
169711 36 2
13647 2 25
2174686 26 50
94752 8 12
67977 6 43
1229770 7 63
177573 21 12
2740490 34 65
155444 13 63
99313 2 34
550930 3 92
148844 1 59
115267 4 43
55411 3 38
10980780 62 69
44517 4 6
663256 13 74
46774 19 1
575767 8 34
91747 1 112
90585 60 6
3786806 68 22
2108 1 1
67416 3 40
1613925 16 39
113811 1 48
6824008 31 95
84025 5 13
3016894 33 40
128192 4 18
8054022 72 71
223411 2 48
436058 6 40
46705 12 13
415589 22 8
19549190 77 108
222593 15 12
526638 3 98
138275 4 15
61353 2 106
683876 20 87
109408 5 31
146477 25 3
100156 7 6
888357 22 56
110800 2 60
60467 30 2
1815901 27 44
1640039 30 74
300192 13 38
96608 1 52
217109 3 30
46520 23 1
55480 3 8
149267 5 99
1691235 16 55
1318808 9 60
30406 6 2
20246805 73 103
278620 13 12
47013 1 54
29341 5 35
150418 19 12
10890 1 6
60625 1 24
35401 2 7
2244626 70 32
318508 3 70
878 3 2
2804741 22 101
95922 12 4
734048 12 27
54030 22 10
695262 18 17
1996827 48 25
9666 4 9
432922 4 51
131229 6 25
2305298 12 79
32178 1 38
544019 7 36
2354177 27 35
366693 3 52
1201620 14 53
175843 28 4
25287 3 3
493019 68 9
301373 4 47
22500 22 1
14660 1 36
11734 1 5
28553 11 8
11719309 54 122
8655 1 13
853953 10 33
96495 1 44
840768 8 39
4344162 80 29
387893 4 52
89239 12 4
378718 3 59
42781 21 1
2015454 59 36
323005 5 39
4511 1 2
6429592 35 85
264245 2 61
1090790 75 7
79927 21 2
9959003 48 104
445614 10 42
1032700 17 32
10269 6 2
249273 17 54
3232025 105 14
258431 16 13
18821 10 1
82767 5 28
85825 16 17
63408 3 18
2620099 23 125
89153 5 9
827826 41 9
41648 10 10
3350182 31 81
86371 1 51
20485 1 13
1740861 10 69
242664 11 14
6506188 69 48
12723 4 6
4710204 45 50
50157 7 34
91372 2 47
193199 87 4
227105 2 42
1557231 37 55
508050 9 25
373417 17 14
137006 71 9
113275 3 32
3277138 16 75
757285 18 20
1116368 31 17
682210 26 17
1081763 23 25
135349 1 63
1821654 18 63
110466 17 3
34023 45 1
72366 2 16
62334 8 34
71002 1 43
4337886 32 58
536353 35 60
653888 11 24
84270 32 4
62023 1 23
40542 1 18
1813712 53 34
107365 25 19
689342 58 8
1765929 15 44
1110 1 3
4868268 62 32
383485 57 15
3842621 29 51
308119 16 23
77851 6 10
33514 2 10
235786 76 5
1512635 68 14
263438 52 3
6249950 48 68
4116172 64 30
2579619 56 19
1154213 15 49
51350 1 22
3252263 18 78
27602 2 8
133938 5 18
4210358 14 110
148500 5 17
38187 2 7
213676 15 21
4585161 27 82
4409025 16 106
507995 80 22
983299 64 7
2494 1 1
215986 14 62
2826812 22 55
134606 16 18
607191 8 82
1990205 23 45
506967 34 17
1390899 7 87
834712 49 10
1769553 71 12
347747 87 17
82892 11 14
861276 24 54
914391 26 16
52864 3 56
915119 6 59
5479507 60 52
124352 13 6
1663076 41 27
77503 1 43
9114362 112 29
8736 6 7
339760 2 63
349725 2 81
9525 3 13
1280575 63 105
344811 7 20
10564 4 1
313595 17 36
273667 6 28
971706 32 18
258405 7 99
243513 3 30
84978 1 56
49625 4 23
513134 10 21
496433 24 25
56668 1 20
1482760 68 12
441548 45 59
523667 3 101
35468 1 24
384445 2 77
2659588 39 24
5754112 29 118
254040 19 5
84288 3 64
212928 8 10
390192 103 2
25399 1 57
1282742 55 39
35417 1 18
286784 2 63
610436 10 35
93513 6 9
14840 3 3
167723 32 20
80019 20 2
155123 2 77
1811883 40 25
20856 1 9
6029171 24 102
1732040 17 91
140696 69 14
418978 57 4
1408930 8 99
1526297 32 29
121294 1 70
945951 8 42
13618016 53 131
1460599 12 56
147197 8 18
2530025 33 39
3536 1 23
184688 8 13
330875 20 16
693435 10 35
131143 24 2
66401 2 39
6275504 59 56
981975 20 46
24511631 99 106
880879 55 10
60564 1 102
598021 9 36
60154 4 20
383119 11 16
4876 29 1
569026 27 33
2283145 36 27
1655690 7 120
47399 2 65
74802 6 18
1290007 12 67
63194 5 17
244251 1 111
220560 27 45
793813 4 74
357844 34 63
5558448 32 68
9079063 48 107
542661 73 3
498392 13 15
66060 1 38
1279355 48 98
731597 37 13
4644612 31 65
51827 1 46
2719924 20 84
1369 1 5
37306 1 22
306731 6 19
30933 3 50
1716996 32 24
3201090 11 122
64180 3 13
34774 4 47
230772 4 86
46269 2 9
85820 1 45
210519 4 58
1004909 22 44
147655 9 12
568308 29 13
964969 9 70
431186 6 39
67326 29 3
49158 2 17
50457 17 11
12835 2 3
12680056 94 80
35245 2 35
795486 23 32
182281 11 29
674638 38 25
4883322 50 60
14939430 133 40
98336 3 12
765901 41 12
406691 2 115
63143 1 66
16076614 91 76
1106170 12 56
59664 15 18
2552898 39 28
386227 4 35
4468822 55 67
230590 3 66
417225 5 31
291670 55 29
715392 23 12
180190 1 69
1575131 36 39
1279190 40 49
808223 19 22
2274899 85 85
151675 15 31
32762 7 15
502758 8 42
30073 3 39
308439 19 9
911832 24 20
274189 85 8
170342 8 21
24268 4 4
2698 4 1
568780 45 27
19463 2 31
1056123 29 142
1208159 13 56
13308 1 27
392159 24 10
1471759 56 41
175043 9 16
70182 10 22
182444 7 10
197043 6 13
10078 1 8
550127 2 122
98452 2 28
328359 22 8
100359 5 58
173400 7 14
103260 8 8
1355607 13 62
579573 3 81
7185 1 11
22022 5 2
1087210 23 20
455345 41 5
426811 8 35
170920 22 5
1180447 31 17
343040 5 47
3428595 45 50
2483 1 1
2264037 17 79
55989 10 30
8599 7 3
387293 10 16
160871 5 12
762590 37 39
75550 2 67
1437021 17 38
47614 6 31
1365878 80 11
166837 9 13
380932 34 5
376378 3 50
243014 3 31
103701 1 49
151004 11 8
26922 2 5
22399 1 21
7409 4 4
144155 3 23
1046355 11 79
96739 1 35
9763721 49 70
2636354 23 74
669550 12 25
653199 7 55
13942569 52 113
49005 2 14
16031 2 30
2237012 60 69
6813 2 8
4240378 30 64
324500 13 12
13896405 80 91
246722 17 86
9408 3 12
31707 20 1
7881509 21 133
662659 2 125
537247 15 25
5612059 19 126
2288128 33 34
613071 18 27
33171 19 4
60907 28 1
105645 6 8
301662 10 18
480053 3 61
9282747 40 92
311100 1 112
2051266 51 16
199083 2 83
1970422 14 68
24574 13 1
135568 36 2
198275 40 4
2819264 39 35
213164 14 6
528998 63 4
24901 1 10
1367343 45 17
197469 6 19
15252 3 8
444993 7 41
546821 59 6
64556 2 33
613102 54 5
11224292 50 90
977302 5 99
30507 10 2
561125 4 90
353497 4 43
144522 5 14
86314 1 96
1140809 32 14
602268 37 34
1331001 36 14
2183256 100 14
1975170 12 62
12411 2 7
854119 13 92
7021109 94 68
25235 3 5
557074 25 122
6646 2 13
3184134 19 90
7766 4 6
640943 8 32
770236 12 30
59305 12 3
528290 27 10
90825 1 33
395088 7 63
443931 8 61
1156003 28 28
38789 12 16
36154 6 23
757357 9 53
297135 3 63
2131484 28 42
187129 11 8
882771 11 40
219682 12 79
115633 7 7
231669 7 97
1424420 35 21
265743 3 71
100224 13 6
93557 3 20
3941454 26 56
2751187 22 76
436371 8 74
414183 4 118
73883 2 92
739228 51 54
1621988 33 46
36018 3 15
1534733 39 47
241614 14 21
15734 4 5
596875 15 33
93279 4 69
1334 1 2
776267 41 13
58313 12 2
1981453 8 122
132515 8 8
1196451 31 21
1976835 16 54
7848766 37 75
251507 16 31
79510 2 22
57493 11 3
3193552 87 126
99042 1 113
996231 99 4
263011 10 54
1312017 53 13
13581 2 4
1423354 61 14
1131 1 1
1577856 38 38
616585 27 14
1092862 21 44
1366322 32 29
139655 8 45
111678 4 19
174802 32 10
390048 27 6
142370 10 10
27440 1 65
31511 3 4
276205 8 15
755340 9 50
81508 4 24
117822 1 60
24039 5 3
376744 13 15
285932 4 29
2324200 21 74
363015 36 4
56598 1 31
143761 12 49
6760616 39 107
491217 18 29
113833 6 24
10519779 45 96
170819 1 79
63217 2 21
62018 2 74
30291 11 6
1682598 80 23
422346 3 87
9653 2 11
45172 1 51
62702 2 12
17782 4 7
261475 18 33
11194 1 25
52251 4 6
82927 39 7
1337018 12 92
98361 10 5
91149 7 9
17519 2 13
3411922 50 36
15740 2 24
2004919 19 69
4365674 47 33
480199 48 15
1105393 21 19
9492417 40 121
613099 18 68
193428 26 42
661687 17 18
96395 1 116
185991 4 31
81611 1 103
570794 17 20
349251 13 18
604963 6 46
238236 4 41
7909 1 8
4899695 35 77
1831101 36 30
120526 7 67
1500212 33 24
63592 3 85
1202565 43 13
903856 42 19
487928 6 31
3605623 42 62
786946 11 38
107868 1 42
1815623 15 110
217694 13 6
1340076 72 58
15326 6 17
8828 2 12
5612105 41 73
36446 9 18
109078 3 19
769456 4 92
496851 4 46
37496 1 57
631336 4 97
507506 9 39
1426397 9 94
39332 10 2
854065 22 76
1254588 17 62
25206 1 28
2212929 22 81
799104 32 17
150856 3 29
1520777 46 30
1777534 24 40
895744 10 39
353876 3 46
8857587 92 56
497410 4 64
264043 9 18
2897943 64 44
2447319 14 84
2608255 55 68
776994 16 22
25619 6 4
25025 97 1
1007663 11 51
33400 3 6
44616 1 21
396229 17 15
54478 2 27
12213 6 1
85766 6 7
771257 22 38
5944018 91 23
502616 3 81
660786 47 41
1541579 23 34
26415 5 31
36587 10 14
67742 19 3
8124 6 4
164240 2 34
582638 14 26
3100785 82 61
8453 15 1
145546 8 7
12812 10 2
837541 26 59
20362 1 11
206386 9 44
834510 12 83
297275 13 14
205687 27 18
599316 3 97
32935 1 23
185950 12 11
191435 3 65
180389 5 63
2818055 43 91
161350 4 64
48326 13 2
37200 9 2
1878234 65 17
45565 1 29
157840 1 92
388034 8 20
285518 2 78
593950 53 8
4501550 28 65
4184722 24 143
10951 1 5
176049 3 34
395479 29 6
138755 6 18
70659 20 2
196340 14 8
139631 105 1
123688 3 74
992582 48 20
1893 4 2
563490 50 10
247489 17 52
292994 11 23
7579455 74 64
569601 24 14
137270 2 37
60318 2 65
135113 1 78
76297 13 3
283222 6 18
43598 8 17
4340630 42 37
81737 4 9
1767782 17 73
677503 21 16
1776 3 1
1131486 51 16
593769 4 62
97329 35 3
19336 3 3
2950091 9 121
1912591 27 25
220612 3 109
1069383 26 63
231499 60 18
1208008 94 5
225541 26 4
315601 12 10
675257 12 48
662584 2 128
3618165 22 65
266174 8 55
5348 1 8
725951 20 35
1882541 13 71
4015767 28 70
33429 22 1
15951 1 6
14416987 72 83
512618 37 12
2467869 51 24
40645 9 3
33137 2 9
1322756 62 9
2283713 37 36
2890606 33 59
24685 8 2
6267003 47 85
126178 57 1
107747 37 15
956725 19 35
131982 1 55
626297 24 62
248198 15 9
841326 35 14
4527000 36 57
19054 20 3
544970 28 19
612994 10 43
1139183 10 67
1860645 20 50
102006 59 2
75590 6 19
6059694 41 68
63866 6 42
9261 9 6
221549 21 10
66127 1 37
3447 1 2
412210 8 23
18512 1 12
177460 12 20
1052331 9 45
800085 11 31
4853187 63 35
638082 4 80
3244816 25 63
59856 6 4
67754 1 28
64866 3 8
21059 29 2
4646 2 10
518778 6 34
1105831 13 44
1371657 31 29
77451 1 33
274783 34 3
12738500 52 129
3004908 18 73
10506 4 4
614596 26 75
95101 14 7
827375 41 11
1778894 26 42
13524 2 3
59571 3 38
6688 3 11
322619 14 13
13736 2 8
90439 4 9
113205 22 2
188085 27 4
3631316 19 71
2535432 15 113
35081 30 4
8240983 29 125
613468 4 54
363296 7 32
2219964 18 86
5896 3 11
282383 15 9
200684 15 28
238919 6 23
2279882 56 23
2602233 9 113
13507 7 1
135097 11 28
4283010 47 44
46939 9 17
584642 36 8
31871 1 17
154160 1 84
21486 3 19
184475 11 7
355463 14 16
47971 3 8
6259788 68 51
2873549 38 32
623076 3 109
281208 2 102
1858872 27 58
47685 2 48
834277 11 88
208520 3 26
561260 4 80
368721 6 39
164889 10 72
148348 6 10
226824 22 10
19470 1 10
4600524 21 149
187086 6 45
743925 2 140
23530 1 49
91335 2 29
314947 46 3
63638 15 3
6822 1 3
950574 11 52
559160 9 51
25612 9 1
205327 37 24
466604 7 35
718854 62 15
5230863 37 89
10330 20 1
69688 9 4
1851109 32 42
10343 2 3
8188116 46 118
603626 10 39
8368 7 3
395103 17 9
1411078 10 115
80061 13 3
1110279 22 60
2226455 23 103
448344 19 29
3081749 54 80
123676 12 17
286373 11 17
2607435 26 63
133058 2 40
921088 81 23
336755 2 70
2843 6 1
17436 8 1
81588 2 41
5281 2 6
928665 26 21
1539489 48 20
1970367 22 37
1741213 81 19
4085083 30 92
716944 20 50
442949 3 52
1364938 33 23
67090 1 32
112386 7 7
155234 8 16
3321 1 12
161480 1 68
126383 2 36
919121 18 27
59037 5 5
30116 5 23
395738 14 11
57815 24 1
576576 9 27
67982 43 1
138507 18 7
545896 9 33
213208 16 34
152582 2 104
103431 1 65
2344042 22 43
71775 2 15
3031482 36 82
113915 4 108
5548504 79 43
3778031 26 91
6364636 50 51
280804 23 19
201234 24 4
34685 8 2
100267 2 27
84046 21 16
5567527 34 97
1033929 13 83
64396 4 10
11104822 52 78
8479 2 2
131876 29 3
33821 15 3
519533 6 88
398001 37 6
8814838 46 115
1889503 37 34
79175 57 3
6490 4 1
272876 4 38
5352120 53 75
61359 8 5
3125079 17 102
78255 15 2
281214 24 23
714332 26 44
63667 5 41
194553 13 21
4264462 32 60
493579 25 9
369842 2 93
5259123 32 101
170775 26 4
18816 1 12
256750 15 7
561266 7 97
390865 41 9
2528936 20 49
247673 8 22
8156 3 3
2165 1 1
191229 19 28
22805 2 5
40402 8 2
691820 7 47
188002 3 47
9381 5 1
94879 1 39
81929 49 1
157579 22 3
49492 2 22
1218839 13 41
42397 4 6
209910 6 28
79263 2 17
6707929 68 35
2125947 12 122
431790 4 50
580149 5 94
153772 2 61
4315135 17 90
254462 79 2
2793599 32 45
40629 1 19
362013 9 19
691156 18 26
39466 3 15
198331 34 11
18661 54 1
157950 17 5
11599 1 65
5653894 42 53
299299 10 16
1110013 16 44
4713 1 7
99551 2 85
16211 3 6
63356 1 59
3857 1 10
45181 2 21
491148 80 4
111289 4 130
80629 12 10
4542265 21 129
71738 10 5
6735350 79 80
2008957 17 43
4995707 25 74
2664929 14 73
760040 17 17
1505477 15 58
953219 48 7
1406444 91 46
36053 15 5
392941 16 26
5420533 23 89
99994 9 42
73788 10 4
480809 7 38
1456 1 2
297525 8 26
408792 2 89
66621 7 4
310568 2 94
11541899 45 136
25977 7 2
357832 33 6
152968 3 32
5682857 37 80
742438 11 39
69857 1 39
1738346 27 25
30481 5 5
1113707 5 126
467717 80 35
37872 3 7
31415 5 14
1081684 25 26
217879 3 135
204646 1 89
36696 21 1
391770 84 4
521 1 1
5622604 47 96
221821 1 133
247892 44 3
22151 3 5
6750854 27 106
270360 4 31
3010495 34 34
74342 1 44
111623 1 142
7871 11 3
9436 1 4
2062978 20 39
3721118 54 62
612967 33 11
10181 1 56
410962 10 52
39797 2 10
6855379 32 127
1570424 12 76
11274720 65 119
435399 8 35
46488 3 8
248855 30 5
34627 26 2
609491 34 64
90460 11 9
46689 7 4
651974 3 102
471908 22 45
1883 1 1
377557 8 31
71328 3 99
19719 1 12
1614680 107 8
25344 13 2
286783 4 92
38984 1 27
1280854 49 10
33452 39 5
246270 13 39
6779166 20 136
3783495 19 129
31225 4 12
79339 4 11
68583 1 58
4162891 47 43
1690634 69 11
281534 17 104
972 4 1
2312332 16 84
193679 5 18
2194568 24 57
419611 38 29
1993398 49 25
568535 37 81
155134 7 17
454632 17 10
40763 3 24
94898 5 7
497580 10 51
104875 5 12
167410 27 3
146919 1 66
19880 1 30
1361 1 7
11737 1 5
84068 6 10
883750 33 16
14993 1 6
630297 112 31
506522 21 41
513367 7 47
4640341 38 71
60684 1 62
24494 7 2
27101 1 19
4463884 77 30
46698 1 23
683577 28 20
722736 8 50
575921 53 5
435827 5 42
287753 10 15
283028 20 15
4243839 79 25
2883103 15 95
10763 5 4
643185 8 53
80031 1 50
267827 7 60
46975 4 7
1436613 6 93
651145 9 46
1706762 8 76
195501 2 62
1677205 38 25
259035 22 8
2497061 13 93
5322104 34 70
145358 4 18
285485 23 13
795221 9 95
22524 2 60
10001 2 11
998287 49 88
221986 14 32
71029 5 6
2518433 10 94
4339 2 1
441603 13 37
75453 2 23
24371 2 39
370542 6 66
3822410 21 136
1013429 7 56
2571980 12 100
765366 4 77
115971 2 35
18118 7 1
361240 26 6
12682631 84 82
225164 3 44
670661 2 119
74745 8 4
349826 27 7
2426918 17 72
5772689 35 93
2125763 8 102
110027 3 18
32238 10 15
140953 2 30
75689 34 4
367172 23 11
55469 35 1
51223 2 63
220743 2 50
33151 4 3
819990 35 13
901389 66 11
1604341 39 64
74322 10 7
2398960 10 107
17734 1 21
130853 44 8
1786502 23 78
163474 77 6
8608447 60 51
13294 2 22
2889 1 4
454739 14 30
4057 1 23
247243 17 13
799827 17 22
125229 28 2
126907 28 19
19900 1 8
672884 5 88
1569233 48 17
515099 2 120
1334118 10 80
96047 11 10
1217 1 2
196042 1 85
493401 5 53
840331 20 42
4442302 29 54
1321047 68 26
4970556 20 91
499485 7 35
292547 1 120
1913096 56 19
1733321 15 79
468942 31 12
143626 59 3
906006 20 23
8799 3 13
24433 5 13
3300166 28 47
14160 3 21
80939 1 59
53601 3 23
1354801 11 67
723 1 1
1100077 27 19
122216 11 4
135213 5 64
16998183 95 80
240408 3 42
593024 5 80
5457389 25 80
2166154 40 20
261934 2 111
38114 2 33
2630114 35 86
45385 1 27
94791 1 72
8535636 61 70
5005347 29 88
911395 16 37
5529555 36 67
1974 2 1
18045 4 2
219090 50 13
423117 15 16
766581 21 23
1806213 29 59
2518 2 2
2673308 16 75
401701 5 39
1590125 11 82
2500334 8 137
572848 18 15
72036 12 29
11422590 47 92
94512 17 21
41565 6 4
127157 3 33
5707447 35 63
2303298 26 35
131114 3 77
2073316 38 86
5602697 73 35
853346 15 24
31918 2 20
1284444 48 11
6038707 49 93
2076 1 1
2432523 20 132
74384 6 16
1780135 38 31
301118 10 16
109246 4 96
893407 41 21
1192145 49 10
99688 6 6
67386 3 10
100537 1 53
429568 3 98
189163 2 55
82803 7 11
150357 5 18
7946 3 9
151758 5 42
32754 1 14
34511 35 5
53379 6 44
12265 3 18
1829846 17 70
11433 1 8
31670 2 24
13616 1 7
835334 7 47
49548 2 14
1980870 29 46
20877 3 36
517240 53 9
102482 11 21
3017064 41 29
9888 6 1
226693 18 39
1065619 6 72
782718 32 29
17386 2 28
34900 1 53
2128142 34 22
1497277 15 70
41867 1 20
449851 24 32
34909 4 22
4127910 34 62
66126 5 7
6054199 44 65
595077 9 37
3769691 21 69
1096670 8 52
6177053 62 37
88449 1 112
142545 2 44
4097445 13 112
171890 3 29
364234 8 26
36733 1 44
442069 24 71
240479 3 41
14783 7 1
3200697 25 52
7144 3 5
133584 4 21
386112 50 10
4328554 24 78
1399829 61 10
1441660 45 15
958756 14 31
249936 59 2
83174 3 136
1493595 18 57
1009794 13 37
153650 3 25
491762 7 37
201456 5 87
1929121 54 13
10502477 33 117
3684741 26 55
226410 4 38
6376050 86 37
318814 14 28
83739 58 2
984398 11 48
1138139 37 11
278693 34 3
630474 6 56
9473 2 3
61166 1 31
57548 34 1
21611 6 13
735482 14 33
3275 6 1
199246 2 48
11086480 46 86
55518 4 41
922125 11 42
1122084 81 7
705355 31 12
31886 1 22
349573 16 22
13021 1 13
3918316 60 29
537958 11 85
3775574 79 30
197662 1 97
669534 25 100
395844 15 72
11270 5 15
28774 35 2
60731 81 2
33004 19 1
66408 3 14
1037252 50 93
44832 89 1
712639 59 5
254864 5 116
4336350 22 80
137409 4 29
213211 1 130
236703 29 15
56412 39 1
54567 23 3
300662 6 29
7370374 41 75
295594 4 51
4410953 93 25
740324 79 28
129584 31 8
92601 5 19
64647 18 8
581447 15 68
243769 6 28
210198 1 120
30189 4 3
412786 12 14
599893 12 87
49513 3 23
109155 1 51
2013891 25 40
302828 7 19
1314958 13 53
228459 2 66
1283 2 1
91614 13 31
576716 4 53
426490 8 74
1208106 31 16
2770833 14 81
965784 15 34
16427 6 1
84045 3 81
36408 5 3
271111 28 38
244398 8 102
98889 6 9
207407 3 29
78411 10 37
919522 30 14
4298837 21 116
643732 3 76
20546 2 4
89043 1 50
8266 13 2
5827 2 6
759736 14 30
4997 1 10
332356 18 10
2544086 12 94
503618 5 43
362903 28 9
2664893 46 34
24999426 119 109
16160 1 8
192359 40 3
26050 17 8
2296591 41 21
914521 8 62
416612 16 58
12731 1 7
48600 29 1
80968 19 18
8331 3 12
79727 22 16
490432 11 19
8586 1 8
9218050 64 64
91992 4 31
63306 1 46
290898 31 6
484928 8 42
256629 30 43
1532498 6 104
24904 1 13
5018 5 4
5447 3 1
1078257 12 64
3318 1 17
196579 5 17
532186 4 53
1121342 16 34
94843 2 26
1936209 76 17
14418 7 1
2993114 52 48
333585 38 7
157186 3 112
1141243 22 28
17265 9 1
550502 43 71
72592 28 1
407970 5 66
1523589 35 61
78857 34 14
160369 1 64
796700 24 18
13557079 73 107
281846 6 49
169694 8 8
700107 11 30
106058 6 10
3532654 44 53
4557866 49 88
62218 10 3
398025 7 61
743880 71 18
98330 3 16
1808339 23 32
632627 8 52
14335673 140 37
2841074 89 17
600373 76 7
11565344 53 79
310 1 1
1680518 18 46
1861 2 6
1050785 25 26
964426 7 62
611872 10 33
2892170 17 75
146644 2 48
121146 8 8
51556 8 13
500756 29 11
1063643 31 24
173196 7 15
462063 61 3
349615 19 73
5480 13 1
128351 10 15
1327268 6 138
39506 1 106
10058 4 16
13829 9 2
423489 5 39
86951 2 36
353072 83 2
239248 56 2
194730 15 8
72976 3 20
2761980 105 43
66669 2 26
181849 1 84
13799 8 1
596184 82 28
463018 29 7
261602 46 39
308700 13 58
4601366 32 83
1336551 11 75
699216 5 67
663239 18 22
26045 2 17
191377 3 68
16485 1 40
416084 4 55
86841 1 31
649612 8 93
59567 6 15
78231 11 29
3393643 57 24
480449 2 103
2100528 63 64
734282 5 86
703130 14 26
154836 6 14
46416 1 23
935012 62 31
930299 10 58
41912 2 37
482065 4 56
281898 3 53
1123901 26 22
59924 7 39
121835 1 72
146729 100 1
73013 1 48
8109186 53 90
2230301 84 17
36810 11 3
2470554 50 57
1021297 15 37
380815 10 26
164225 14 9
78298 13 3
3398018 24 91
441061 4 52
392744 8 28
2247843 19 66
29778 11 8
232234 32 42
1282687 27 24
212767 3 28
146000 2 37
221055 18 36
63444 5 5
3801695 48 37
50698 33 6
1844470 15 48
383536 7 31
313049 16 49
247618 5 70
5151 1 2
47442 8 13
1789719 38 29
38098 1 19
26392 26 1
30878 5 41
101516 15 35
86259 3 18
35847 2 11
5033427 78 64
177742 14 15
651605 4 106
1842379 20 40
110657 41 1
549621 10 25
3299518 28 108
331950 4 54
37450 4 5
117567 4 19
4883826 55 38
471625 4 105
59094 13 14
937104 49 12
141035 32 2
261490 3 45
136998 3 24
187168 2 35
1060462 9 59
82542 13 38
5808 3 1
918194 17 72
54951 36 10
171528 16 6
632516 15 20
100481 3 21
21721 2 5
43821 5 11
1294644 21 37
39253 25 1
143979 19 5
1101631 45 9
22223 2 7
1118355 44 49
150841 6 14
510420 46 4
57341 17 11
374382 78 26
550988 88 7
578615 22 13
105431 20 2
37738 1 30
79052 4 22
20430 2 34
104954 5 8
277443 16 11
132556 14 30
137671 41 8
4523 2 1
179563 1 64
496816 5 114
306019 10 13
1421671 59 13
23403 2 6
1650199 6 135
23478 2 19
7009034 95 28
22068 14 1
448524 17 12
453992 34 9
2572636 40 48
13938 3 11
11917472 41 106
406358 5 42
176279 43 5
124592 25 15
1008021 56 9
941671 28 16
746613 16 26
597225 34 8
394304 6 24
108795 6 10
1599203 12 56
153741 2 32
232051 5 30
2312014 20 54
129788 1 76
362950 3 93
119465 2 34
113075 18 19
1295294 18 50
6349 2 2
519764 31 63
4247626 32 66
493326 12 129
686320 94 25
14477 8 4
289440 15 11
274436 8 17
481710 5 55
2670558 11 92
248341 12 51
145778 7 14
309362 3 44
4064099 35 41
17459 1 12
1420068 11 135
2872458 44 26
2129268 23 54
144374 12 14
11863 5 1
376220 8 25
6568 5 3
162170 5 62
6896 2 16
33291 3 12
6766 7 4
6397 13 2
2719945 79 19
909528 13 76
20409235 115 113
2349727 46 51
311605 5 71
16362 13 1
74836 3 61
3101673 21 80
99083 2 31
303123 8 19
123231 1 65
253561 17 14
13392 7 1
581728 7 36
1881224 10 68
2020289 46 40
875810 42 88
47038 1 32
1304866 7 130
3875690 55 30
117525 62 1
55820 12 4
1809420 11 77
322980 20 60
17515 15 6
8007 1 4
2542058 19 78
89693 5 26
184872 6 12
2441902 15 70
108093 18 27
2152697 29 48
2701535 36 39
2649018 53 25
5689 3 1
31616 23 1
428008 73 4
2111940 31 39
96102 3 20
128005 3 56
1235282 38 13
1947777 33 29
256169 71 2
795759 12 38
2503025 87 80
145555 37 3
175291 48 19
1054090 46 13
31655 4 21
1542846 50 31
49233 6 5
6998478 72 54
21969 3 7
337 1 2
185676 4 23
53541 8 21
1730042 28 43
486576 5 80
75126 8 5
154711 1 99
1817666 25 31
1071275 38 108
3060643 81 26
161475 4 48
249187 8 15
3247463 11 123
414209 3 63
354781 17 12
2005401 40 62
881377 10 46
82787 2 21
6101 2 2
358453 7 18
1173984 11 40
77148 4 11
2305 1 2
71853 1 56
223319 6 20
1428461 22 25
158040 7 11
7549511 80 48
43864 4 45
48964 4 8
681204 8 69
1846640 18 49
1713095 26 41
7922579 34 89
249522 6 21
18201 4 3
102620 27 3
271668 89 6
4215218 37 51
327936 22 36
237215 1 111
32183 5 5
90551 1 63
223956 2 53
4735145 18 93
10733 18 2
222455 2 56
110016 1 75
4698770 30 80
362615 7 79
40105 2 35
9230023 34 97
23051 2 5
40876 8 16
626107 9 50
28148 2 9
41625 7 3
491355 81 19
471230 30 97
6600059 32 100
850068 5 80
409794 3 66
726192 6 49
58791 3 24
416117 27 23
587368 21 25
111142 70 9
270348 7 55
232777 3 103
839979 25 33
328545 26 7
9120997 40 98
10433 15 1
929500 4 105
54094 15 3
312326 9 20
44159 5 5
2082072 70 12
82977 6 25
828416 17 22
987833 23 16
2024068 55 26
668450 3 104
4156424 26 57
57020 3 30
1073539 13 44
599568 9 60
134569 2 33
7821798 64 46
644729 5 94
15786 7 1
8243 2 2
2883753 44 32
30648 2 7
124796 41 6
27209 9 2
1229298 6 98
108275 7 18
138832 12 30
5489463 39 108
98849 1 120
383082 19 11
12439 2 43
179208 1 86
162107 5 15
346656 7 29
179673 13 32
12144 2 3
5956 1 11
11038 2 4
2810250 94 48
73975 5 11
20426 1 14
2134 2 6
8487339 32 137
31832 12 9
13390 1 28
14270 2 5
1961033 58 18
280864 10 16
17691 1 7
110864 1 90
495947 29 27
133363 3 22
1346381 14 54
3895076 65 109
30076 10 6
123802 1 47
253429 21 5
83111 5 72
1040483 16 35
208916 8 14
1232082 71 49
337171 5 47
64159 1 44
20258 24 3
895034 49 7
1257402 65 12
441718 40 7
224468 3 46
83317 1 49
1943102 13 100
145731 1 112
389917 27 24
61835 3 26
3052072 36 41
959869 14 82
38117 2 37
156106 11 19
15855696 65 114
2479699 17 57
11965302 66 101
5991662 39 63
1705402 15 53
12337 3 4
35279975 106 135
15524 3 2
8332937 64 69
3154799 50 41
565386 2 126
8867897 46 70
1189330 14 39
140027 9 7
3687288 62 26
15587120 68 90
4811481 45 66
1736404 27 33
5865 1 7
109368 2 22
109461 1 39
123459 20 4
37701 2 76
40760 1 86
20431 2 23
54670 9 3
19713 4 24
933512 16 56
68656 16 2
103110 1 67
154232 4 16
1118813 5 94
41104 10 9
451189 3 83
130263 1 75
84787 3 24
1098689 16 38
4076152 44 79
157510 29 2
568592 9 76
365790 7 35
3750234 67 24
4076696 48 41
33350 6 3
763135 4 102
55431 7 26
198945 1 71
69715 1 40
12863 9 7
3650 1 3
11594174 93 70
298511 5 26
6273889 50 96
822485 39 16
15291 2 42
2237 10 1
82195 2 57
993613 26 33
160920 1 94
352595 8 25
776297 16 29
268004 3 46
72757 24 5
2152 8 1
23837 11 7
1707749 9 67
112003 3 67
80263 13 40
4392089 27 64
966796 23 25
171437 16 5
51757 2 56
2117538 20 41
38081 3 6
112958 2 23
331231 5 28
99913 2 31
194259 4 63
662955 20 20
2085943 29 30
255132 2 51
3407812 48 41
460278 3 76
373718 35 55
78685 17 10
148479 2 51
46897 2 13
82110 41 3
160945 4 23
1604898 53 20
9607 2 5
541061 2 101
3997716 18 111
23164 4 4
73062 28 8
2229836 24 50
827882 34 11
247622 30 3
41469 16 1
228533 7 40
175156 34 2
1166024 4 132
7997 3 15
751889 22 25
35084 4 16
2103143 9 111
4750 2 5
1649895 21 55
38895 5 12
28118 1 71
142681 85 1
243047 21 7
847334 23 23
105130 10 25
105496 3 35
10028 4 1
41172 8 28
1003242 17 24
839926 18 21
7522248 43 82
1268012 16 34
10941 2 3
1544038 10 100
124271 51 16
897677 15 25
12627884 56 110
143901 4 22
5241845 72 119
286196 4 48
168506 3 26
237951 11 15
104986 2 33
91237 1 56
289734 47 27
182729 1 70
2833437 23 71
178859 79 1
3465527 19 108
1581893 10 98
1430898 48 68
46585 1 112
71422 8 30
3331308 39 60
321057 36 6
34855 1 75
1895871 20 41
264026 2 83
184057 4 26
2632472 44 31
233739 5 21
140592 3 40
197185 2 56
1244775 56 15
157915 5 13
2888998 28 60
73326 1 41
16394 2 4
1072046 27 47
40615 1 25
115616 23 11
2533559 12 80
38235 1 15
2483208 41 39
685962 14 45
458396 24 11
4061197 15 133
1174880 13 33
825710 5 72
32458 4 4
14233 1 35
1967596 12 84
1652311 18 87
428923 11 53
3210903 40 32
1341245 20 38
102519 1 40
1589696 35 21
42123 7 3
2655279 70 22
824243 4 87
91908 20 6
1148083 79 42
453226 48 11
563928 31 51
157493 17 17
113254 2 55
985282 35 15
3379074 18 69
929714 41 14
1715884 54 75
158962 6 47
444139 71 3
10373109 82 75
820241 38 11
2028558 31 46
823195 22 28
44458 3 10
720723 6 85
1304780 131 20
258468 2 57
1024653 11 59
362465 3 70
566854 6 43
10195 1 7
41677 2 13
19069 1 17
1990772 16 75
193165 3 26
131054 7 8
1452407 15 77
72505 5 12
263293 16 33
1054237 25 24
205215 7 55
239495 5 27
394701 20 7
5322535 67 39
466945 34 7
66618 4 54
8233113 29 101
1563016 51 25
185053 62 13
203911 5 38
42833 1 23
122411 13 28
1148547 70 9
1927016 25 52
1341669 50 14
357225 7 76
191877 1 91
347774 11 21
12492 1 8
167126 27 29
11359105 96 42
222596 2 76
629775 6 63
1853835 6 122
17653900 58 136
2984856 27 67
376056 37 35
883 1 3
593202 49 6
149226 31 3
314820 11 47
452499 46 4
188338 5 58
179345 5 44
53689 11 8
341110 4 54
179622 30 41
2559782 37 47
212210 34 8
279996 2 78
78834 10 8
409373 55 46
2004290 50 44
97606 3 15
13141819 43 109
8418 1 3
1955730 42 17
24209 7 2
2549091 49 36
21890 4 27
440981 14 16
3872311 38 54
23674 1 11
226212 6 48
5043782 33 91
1412686 39 39
227477 66 3
683708 37 11
684786 10 46
1758390 13 73
48040 5 10
921021 7 89
287789 17 33
1580996 44 70
5130564 24 80
10406364 41 118
150394 17 10
111718 5 15
3347553 32 55
562198 63 31
2898077 25 45
3451884 21 76
1010600 50 9
1174172 7 59
46889 6 15
2013608 44 17
7803 2 11
3911450 101 36
7578 9 2
10596 6 1
49511 1 19
11864 1 24
384791 91 17
441882 5 51
229997 1 81
103407 10 63
29311 9 18
34632 4 4
180126 4 24
48691 2 9
767708 35 13
2326652 43 32
6921 1 8
716113 10 49
672808 10 92
46578 1 29
17861 2 5
46616 10 5
1046365 12 60
1490754 47 15
3116601 61 138
16178 2 10
320406 23 27
9315645 53 91
3393441 58 25
94933 20 9
3426119 19 65
73838 8 5
16551386 103 81
1445585 13 45
1162384 49 13
1179991 13 79
256855 33 5
37234 1 19
3628752 79 17
3511066 15 92
50512 1 53
2517825 70 18
153885 1 61
746641 34 10
513516 7 53
23946 1 16
175177 2 109
16000 1 9
183994 53 19
107808 17 5
612883 8 49
1591297 6 106
213810 24 54
866943 23 19
1189565 24 26
7258 2 5
203929 6 12
7341 2 12
753687 16 103
458415 3 80
96620 6 7
120844 6 73
35309 1 17
1229882 8 90
488213 66 40
108390 4 32
3650 2 2
323939 6 37
1509764 9 72
683683 11 127
2914196 22 89
168587 3 38
3568726 12 128
462776 11 67
276227 13 78
650868 7 53
11045 1 4
120903 4 106
929866 7 57
198935 12 49
6138426 86 34
231686 13 10
1184433 59 9
680740 30 10
163097 3 52
59184 1 23
1965879 7 112
798879 7 47
133087 36 6
249934 2 63
154545 11 9
1144782 10 41
246241 3 40
301344 80 20
2162691 8 116
215175 26 4
1230412 14 79
6571210 50 47
187585 3 41
286596 15 83
22237 1 9
16943 8 1
652826 8 33
4121 1 6
33112 19 1
51347 5 6
169945 37 3
329222 6 37
181414 17 16
58126 1 28
960491 25 23
2476221 50 63
92977 1 54
1720550 59 31
17995 2 50
1276704 39 43
1656956 22 40
3873676 24 107
146831 2 32
47455 2 13
146348 8 8
128416 2 24
1736354 13 140
707729 4 117
71575 3 51
1373749 20 30
6275 1 40
310776 1 126
661831 18 15
694850 6 68
59910 6 10
1361359 55 13
666278 5 61
373253 9 27
36828 1 25
325074 13 28
251197 35 8
190113 9 28
99380 52 1
329360 2 105
233393 9 22
118714 4 18
113626 2 28
4258357 37 46
1155192 81 40
5489586 53 52
2658323 24 76
795703 11 45
68367 1 68
692550 20 15
734060 23 13
772386 9 34
481758 5 56
74141 29 1
1060499 21 19
415295 5 45
560003 24 31
810663 8 48
7955568 60 86
2189 1 1
23103 27 2
368316 26 81
4384134 23 77
1324318 32 29
2071425 12 119
394476 6 70
25315 3 3
9055 1 10
709994 31 9
175255 3 33
693520 23 15
127975 22 5
522104 37 5
48954 2 17
92305 10 4
143316 1 70
300014 1 110
502574 2 101
72156 21 2
55348 1 37
321986 2 92
221536 3 51
10435103 102 46
727207 63 7
93661 38 2
325885 6 47
1875005 47 15
132137 19 10
158865 1 84
15894 3 3
228767 11 23
27846 1 13
1435141 16 44
25750 2 32
617123 6 68
3939019 20 132
1393131 38 24
14877 8 11
157501 10 29
4638060 58 37
578067 6 39
128420 3 19
41686 3 58
16938 1 35
85151 1 39
314233 11 61
197280 7 24
197361 16 28
15711651 89 94
763494 5 90
1787 6 2
242435 46 12
95215 53 4
195579 6 21
103654 1 51
36438 12 11
316707 4 47
51937 3 100
265381 3 53
37877 6 4
4004605 26 66
12080802 69 134
34397 8 2
405757 10 27
879438 5 106
4507 1 7
2838170 15 130
115420 23 5
100849 3 77
259389 4 24
2817 3 1
2529168 55 23
49947 2 11
70503 1 25
106575 1 62
1064411 11 66
48415 8 3
2454458 17 55
247879 62 2
822619 14 25
290286 19 10
82480 4 11
584393 53 76
5161 9 2
55964 5 68
790924 27 78
1453 1 6
17763 1 19
286993 13 9
3395 1 18
64556 4 48
59464 6 7
225880 3 39
1319849 12 53
1742008 9 75
197270 2 52
4168 2 1
80992 11 10
2180152 27 34
1162697 17 55
3314018 36 45
1270745 7 126
38226 2 7
90319 3 18
177420 10 8
180214 1 84
723680 6 70
122647 2 23
51476 22 1
6918645 56 57
26250 8 20
236933 11 11
90041 1 35
1116208 7 58
1348267 73 11
1341000 37 25
211427 1 129
67889 37 1
1819502 51 65
1052124 32 22
4590 2 4
1331806 36 68
1124807 4 124
945681 22 19
87466 61 1
9825 3 11
107219 19 6
578596 4 91
303887 24 23
485859 3 67
427962 10 39
325642 20 19
234322 3 33
257088 8 48
410148 10 68
13594 3 3
7625 2 9
64104 33 2
128100 3 53
1096541 5 116
834691 18 25
215474 2 103
135471 4 26
1679733 74 8
40210 10 2
3166240 25 54
905711 33 18
4588430 37 62
252700 16 53
8431539 36 91
1027256 5 90
693137 5 69
249516 19 5
211700 42 20
719768 5 54
280841 9 48
2995565 54 50
61386 1 66
46207 5 6
352966 12 15
67477 34 1
259799 12 42
46739 27 6
703334 38 36
22651 5 3
65305 6 11
2265882 46 76
424596 4 49
708880 6 45
40361 34 2
129679 1 52
5147197 65 51
15908699 92 90
793132 17 20
215368 23 7
412161 62 4
5569552 51 54
2293646 50 69
2910849 38 32
5205 1 7
104451 12 28
2388275 17 62
202588 7 19
137609 6 30
17461105 110 70
60008 15 8
45239 4 4
1681052 8 76
25855 5 35
2704 13 1
75257 2 21
210809 3 43
349511 6 35
152637 1 67
62592 1 88
25186 2 52
1041577 66 7
171533 6 12
732888 10 27
693305 16 26
127507 10 17
32418 1 24
239149 6 30
1171954 39 110
453849 9 18
47211 1 18
86362 1 53
6970 6 5
1734718 64 15
629016 2 118
351507 8 21
70280 1 25
764175 55 7
913451 6 64
76406 5 8
21865 2 6
46064 36 2
3577517 55 30
17849 7 11
166160 2 53
29915 4 7
510557 51 54
4289 2 1
2146524 28 50
365769 16 16
68576 1 53
2457757 15 103
7311 1 40
2333653 86 17
483628 11 16
232101 4 21
2789486 10 134
1091125 23 25
590318 9 60
10754199 60 98
174672 1 105
1407543 112 32
1006478 35 16
7126 2 13
941259 14 39
526132 20 36
374354 34 12
1725 1 2
420106 51 6
18286 3 3
12857641 101 72
5056649 45 63
25502 1 13
1756122 36 104
241494 12 8
83297 2 90
20847 4 10
1064228 46 16
529059 6 79
130965 4 18
778686 7 105
17171234 88 96
4541298 53 49
309654 4 40
14839 6 2
100500 21 3
1348086 13 60
58052 30 1
1418387 61 30
51036 1 87
46258 28 1
209760 4 34
4883 1 11
7652 13 2
89490 32 13
5935362 34 68
33275 7 3
18456574 53 130
1209661 29 29
305444 8 24
797443 14 48
13688103 49 107
59103 44 3
302298 10 114
585881 28 21
164686 4 25
3585470 45 60
5452 12 3
965297 19 32
56829 1 36
7913434 74 97
68125 81 4
26348 3 5
1045973 15 42
273106 3 35
64119 9 29
16508 11 1
280912 2 68
353478 5 101
88550 4 75
45282 14 3
291145 11 15
604 2 2
125712 3 30
176079 7 38
76412 11 9
49884 2 21
1827274 16 42
4906 3 11
102835 11 6
9191845 42 84
1686821 53 12
5862639 57 49
129964 11 13
1487684 68 9
28615 4 9
176324 33 3
3970544 38 69
5135189 54 59
42855 2 9
239131 26 6
54741 1 21
2495434 19 77
100962 11 37
535558 15 22
47770 1 31
686304 16 25
607636 6 48
136442 7 34
389554 3 89
908853 12 38
49871 8 30
1589 1 1
530098 26 12
816102 24 39
6381286 28 123
1674556 27 48
1286226 12 41
229590 6 15
55665 27 5
569455 7 52
908495 35 16
2593424 32 49
2036920 15 73
11262 8 9
128617 27 3
310518 21 9
420205 4 87
112919 71 1
187963 37 2
917555 56 33
75353 3 9
404988 10 16
35705 2 42
69086 1 54
44360 13 3
3359353 35 44
3475832 56 30
3148630 24 53
20694 6 11
386939 3 46
207739 23 23
271777 56 11
1853111 75 38
26334 2 13
1772 1 5
1503754 15 55
928669 29 50
3825016 21 69
1074266 15 35
49264 2 62
1219338 23 22
975102 78 59
41688 23 1
1070636 18 107
239441 36 38
161347 6 22
2613547 19 53
1229938 18 25
905361 19 22
508180 12 23
16971 1 63
426704 13 37
21179 6 5
3223 2 11
6780463 91 36
294542 5 23
1339623 10 54
897101 15 62
323270 48 5
408681 5 47
16599 1 7
141444 2 53
3185189 29 63
864235 16 54
30184 4 4
571428 27 10
405093 5 62
13077191 64 91
2007896 72 21
64432 1 57
5735771 44 60
2933366 51 39
2988293 37 56
248310 6 53
9522595 44 78
887298 56 16
121895 25 19
985873 7 57
7253543 85 34
6164785 68 47
110907 4 31
1379830 12 45
16052040 82 80
344144 37 5
2738107 36 30
882586 10 51
37044 5 3
80779 8 15
14451 7 1
579624 37 8
202987 7 16
3593876 23 57
605160 10 34
511632 17 17
439585 6 41
84614 3 17
163969 15 7
2880 2 2
307812 7 115
2206778 71 52
92243 37 1
897406 11 72
127953 3 18
318411 6 27
691066 6 80
6123 2 15
4999225 137 15
53924 3 39
863419 68 8
63972 1 71
17564 57 1
754303 14 24
13287 3 3
301558 25 13
3438972 18 86
404440 28 9
11054199 63 74
18644932 72 96
888512 5 78
795666 43 25
635196 17 32
2252193 37 54
1340 1 1
284784 21 75
153179 4 22
2997 1 3
89955 3 58
94919 5 8
162419 2 34
350924 80 19
188571 3 35
4536103 109 29
559978 11 41
13863433 74 83
742975 24 14
2368180 29 46
867478 6 99
207139 5 49
5400127 16 131
1384493 16 36
45545 1 21
445938 35 5
39145 1 87
38911 3 5
209927 15 9
941556 16 72
475853 9 58
39124 42 5
4833 1 3
594771 4 70
335601 5 38
907822 8 79
9707 1 61
524542 15 21
367949 3 45
161306 2 51
236722 1 90
1305818 21 42
1080181 13 46
169493 38 6
29044 13 1
84693 27 9
605291 14 22
68581 2 30
1757593 24 38
118296 1 42
155449 7 21
3897044 52 32
1876549 38 33
1590751 17 37
33054 2 35
57484 4 7
2864619 17 63
96429 5 8
192476 1 85
490013 16 11
5269763 31 87
80254 13 23
41087 4 27
1320843 8 67
6449709 51 71
94012 14 19
10408061 35 147
1111624 7 82
47423 11 4
10016 3 16
907548 25 22
171816 1 63
5723055 67 42
9151 4 1
305612 24 31
85702 1 32
326270 3 64
961671 7 93
39699 4 7
1495611 44 13
393214 4 50
973161 54 30
117568 14 8
211564 3 43
631629 20 15
139068 1 72
85416 1 53
139643 14 21
1252503 7 84
535812 13 76
215702 8 18
127366 2 41
61077 1 61
313913 1 121
304705 2 58
2325612 54 22
187624 2 64
32223 10 2
190887 32 6
4941109 56 40
585061 27 61
118894 1 66
9283505 79 55
915257 4 81
681704 3 126
61846 8 3
454282 55 4
54811 6 7
268281 8 17
7668 1 5
278035 16 11
728471 50 23
175285 2 41
97431 10 24
721947 13 31
261861 22 6
340951 8 27
8745573 51 63
144613 1 81
940427 10 47
132611 19 24
51547 2 37
15322 1 6
149202 4 20
7885511 58 90
2309081 10 125
9289 1 12
272799 6 30
15267 2 5
42459 2 66
7870914 24 124
105742 2 22
246312 3 40
5101 1 12
90927 20 6
3166144 32 52
20785 1 8
1964192 19 53
29992 5 6
1494838 27 36
14439 5 3
399756 84 2
553652 17 20
30957 2 6
239025 31 4
1678053 75 14
39572 5 36
909260 30 12
33831 10 23
80286 14 4
89515 1 54
383110 4 42
1867835 13 64
292184 54 2
288477 3 44
1091246 46 68
1407319 24 26
2742032 27 104
6172359 53 57
1334805 48 53
105041 3 15
32307 20 10
1613108 11 92
1429797 28 19
2052 1 4
251715 3 36
19996 2 7
21236 3 46
502460 22 9
143303 2 50
473607 13 17
1146161 12 80
175679 6 28
117365 3 18
62551 8 10
3133 20 1
599716 11 37
22149 2 5
126054 7 8
5996252 51 61
124073 1 103
406491 7 68
1140212 14 39
473620 11 19
419982 8 25
941860 27 35
4580423 36 60
3979816 110 22
73326 5 10
47768 7 9
387448 15 18
1179553 10 44
35142 2 18
3915182 40 36
8567920 33 107
7990 1 4
621468 5 61
338035 7 29
1161179 30 59
4319210 19 86
50901 22 2
451963 45 6
6089 1 4
135718 12 12
149764 17 39
2542679 20 101
44908 25 8
85833 2 29
17434447 67 110
16807645 113 107
4607325 64 30
134294 1 72
85851 15 14
358386 19 12
1312945 31 16
392264 6 60
1055050 20 37
45940 25 1
468122 4 53
152967 15 16
768353 15 31
266530 3 87
2769057 12 94
338823 14 55
753736 7 46
148069 16 4
567030 9 50
5595212 61 75
256478 27 4
409125 16 12
131575 18 38
259833 31 11
684684 3 117
3623302 79 19
334990 2 96
106669 2 35
29941 6 3
13212 4 4
597850 20 16
1731697 37 19
37144 1 16
9678326 55 82
589823 7 39
392375 3 81
3667692 73 20
24927 3 17
3741 1 2
21192548 119 67
3345079 52 42
21995 1 15
982959 4 119
35273 9 12
5213089 33 65
65579 2 43
4528181 116 15
271921 4 71
3323624 43 36
65625 32 1
54146 5 26
196400 7 61
6252242 23 133
470120 12 19
225281 51 25
251133 5 74
10647 3 2
1654602 13 45
977732 82 8
28863 14 1
31941 5 9
250815 1 126
1542169 44 14
1808318 28 24
1689805 14 56
835688 12 46
316501 2 100
203957 21 22
97236 2 20
41510 8 3
527059 60 44
491485 7 28
3175813 59 98
64715 4 11
161441 13 5
32978 4 53
397695 4 62
2519 14 1
2798590 23 59
16547 7 9
5302841 66 41
205425 2 81
200394 9 27
509015 91 6
3244114 16 128
209997 3 38
556031 41 6
57547 1 106
464335 21 38
694146 22 14
107113 7 9
158364 16 36
2864344 32 53
4033784 38 64
405990 13 21
589170 3 77
111108 12 41
528821 8 30
161099 3 86
13806 3 3
679020 4 88
7231 11 1
90311 1 60
18271 17 1
1039790 8 53
7013061 59 59
16940 2 16
14240 4 2
640929 48 54
20806 3 27
193083 9 39
5384 4 1
123646 36 2
295481 5 31
276761 98 4
104732 9 5
1179581 29 75
355800 50 5
56790 1 23
21895 2 17
3091235 29 47
1478329 47 20
324970 27 5
1456226 48 90
300196 4 35
192240 4 17
498227 24 8
87299 8 29
74870 1 41
269073 5 45
509490 10 30
1534835 101 6
56560 1 23
50717 3 8
139675 21 11
1116140 8 71
1757161 9 92
176894 7 24
6206899 60 65
113493 1 69
2249775 28 44
173050 21 3
214102 2 47
46194 25 10
7062433 60 46
301960 2 62
151802 30 2
9073207 41 110
38314 5 5
109580 3 25
12073 19 2
127636 36 3
46560 2 33
184527 29 41
4775 1 8
2251077 46 20
55239 2 15
3678585 33 58
12438688 43 112
387921 30 7
20197 2 5
91879 3 13
534887 6 53
2591566 48 104
710717 21 15
329057 11 18
22399 2 6
147435 1 88
789695 7 42
468770 7 38
1968710 23 50
143126 8 10
52803 2 33
7561795 61 54
6809 4 1
294656 4 39
28090 15 5
205671 9 34
719202 56 5
26208 1 55
315365 50 4
176379 11 37
74634 2 25
23645 3 5
401387 5 29
38756 1 21
34913 11 22
142950 8 20
463238 14 17
187946 32 5
400123 21 7
240652 10 62
880304 9 35
82074 5 11
14983 1 8
2703985 40 33
4834 1 26
364830 7 20
243770 12 68
127034 3 63
79990 1 33
1210243 10 77
845157 17 32
6230303 48 75
74377 34 1
176705 44 2
1051545 23 34
3349744 102 43
1395674 10 73
5901 1 10
1117751 32 22
269459 15 73
88317 7 37
58927 35 1
62745 5 67
657475 29 36
312041 2 75
2326301 18 62
129953 1 82
94048 25 24
1623098 23 39
2031972 98 10
54918 1 22
4996 16 1
2117 3 2
1628388 13 68
760665 22 82
1186776 46 11
109925 32 8
843135 31 10
15255 2 5
627282 11 32
2967851 59 26
43204 5 5
16890 2 7
773981 30 15
50475 2 57
162228 6 11
615342 10 34
213391 9 13
865476 19 29
4872032 39 82
183990 4 35
289534 1 113
5154251 68 36
168361 12 67
4485149 25 100
1523598 31 62
21657 10 1
92876 2 28
1975740 13 93
438513 18 44
140298 33 11
720108 10 46
5440820 27 87
1944887 47 38
24719 4 3
74622 1 48
49367 1 43
2652585 55 68
2804126 31 44
302 1 2
65732 1 36
401714 3 55
3563544 34 66
458259 34 7
410897 5 65
122443 5 34
978400 16 28
7275168 28 117
64186 33 12
1852448 30 26
675434 8 56
1609561 8 75
2718222 49 47
125110 1 77
