150 5189 9947
4 45 73 140 66 44 114 69 74 8 77 91 69 1 80 109 124 142 104 68 110 127 6 137 14 64 54 41 18 27 61 124 80 6 130 112 57 7 75 147 49 118 78 78 121 44 86 55 88 87 117 57 81 63 57 7 123 34 116 144 134 149 122 108 104 113 95 87 28 3 142 89 18 66 24 117 105 71 30 105 86 124 124 29 118 3 96 35 14 99 111 51 114 116 80 56 31 90 117 23 20 1 59 91 42 138 115 17 140 124 64 62 40 26 133 44 37 64 63 98 69 89 32 99 139 140 56 75 53 119 150 75 69 149 45 17 131 95 21 84 34 140 119 26 56 33 70 133 76 45
87935 67 2
9886 1 2
296064 17 17
26090 9 3
287145 46 2
225171 17 9
462497 61 15
268393 3 17
2070001 2 112
2295342 16 44
1247641 16 119
23214 1 12
4071405 5 124
483023 20 24
4762054 14 54
7040696 33 26
11937248 45 45
3404716 5 78
1187367 6 35
8568204 28 31
1797292 9 21
860749 53 3
2539361 4 88
757566 3 50
59543 7 6
7021878 28 30
4585597 18 34
102167 14 9
1793638 20 61
515523 3 64
3948597 41 14
1409423 7 21
70318 35 1
1101335 13 13
75081 17 4
576440 27 13
1473880 4 48
56300 4 2
2870674 4 85
106569 3 6
1059751 7 27
2829722 68 6
20063 1 38
87868 1 16
346084 1 48
269539 65 2
355629 4 17
400037 4 74
667279 2 47
2413820 21 22
8231985 15 82
1279993 11 30
7033363 24 42
148152 1 19
55806 6 1
1341546 3 53
98295 19 8
7629081 80 19
1469079 66 3
70941 7 2
2812224 100 26
544110 1 89
608153 4 53
81133 63 2
434721 6 19
2503281 3 103
34590 2 15
35158 3 23
9203549 45 33
3222586 5 66
11449 4 1
1443264 3 85
9802409 18 75
721557 34 38
408598 9 16
17214452 34 90
1754105 23 14
2968574 12 34
7704433 28 38
1920950 18 21
994132 19 7
2778727 8 87
704638 2 56
355748 23 21
93692 2 20
5055225 15 41
33163716 46 96
59798415 59 106
491735 3 114
2160120 8 42
3004568 22 22
1179101 2 95
33351 1 7
1194115 8 53
1055678 28 52
2766 4 1
223834 4 13
847267 7 21
15814594 78 30
2688262 44 18
27780 1 10
1693726 3 75
48438 8 8
598790 6 16
218758 2 19
5930511 63 17
270638 1 43
8327879 23 65
1980569 5 55
564537 2 34
93873 1 36
2555468 19 39
1086212 77 2
3024422 32 11
1056690 27 13
167019 22 3
18455822 34 102
24778350 44 144
169956 1 31
12108216 64 119
85294 1 9
1916752 23 16
1428397 3 64
2699217 14 21
5091956 10 75
1457661 11 26
5069962 62 16
2214354 20 69
3140576 28 20
336891 6 8
11325039 100 15
1265969 4 42
62936 2 5
947529 1 97
5589959 24 46
6366306 44 18
600896 5 33
373776 50 1
11202728 35 58
53985 4 2
2061781 24 23
4028522 5 114
316217 12 21
246386 2 44
12140572 70 43
3719476 22 26
604036 17 7
1822498 15 31
13173473 26 80
7150267 11 100
9395062 18 56
1266402 5 42
2836130 61 7
24007756 66 52
1716413 25 47
50736429 73 82
108501 16 1
7737916 49 31
2341578 14 28
339592 1 63
4717726 11 70
12358065 39 36
888372 3 79
7817243 15 92
528130 49 2
18797 5 4
2891949 5 109
280165 46 1
84417 7 2
379160 1 61
228299 10 4
1690544 11 62
1920166 15 96
833334 3 45
102824 10 20
1483586 43 38
3789712 16 37
1617134 4 55
7564788 102 10
18170 32 1
5157571 42 66
3159122 32 56
1260048 13 12
6093939 36 25
7915810 21 42
963721 10 26
75927 3 11
83920 1 15
1460560 8 23
3199252 37 12
11738811 43 39
3557542 18 43
4508633 11 71
917846 39 5
138420 2 108
94443 1 27
1468075 7 54
694358 1 103
18128951 28 87
88726 1 65
8256796 43 35
65480 1 8
1259713 101 25
4759990 12 60
1918872 30 14
10064007 24 49
1336429 6 41
330477 1 49
2625695 20 93
2146949 5 50
5178406 14 62
6417 1 2
5631583 28 45
8292257 25 37
628672 2 51
15903 2 1
1612246 37 23
1832426 3 86
277190 4 20
3881764 6 66
8971335 27 57
17661504 22 104
832991 19 24
2872096 12 36
7953536 16 59
1538636 7 73
4514453 10 75
3682081 28 23
38265 1 27
295425 1 32
302285 48 10
6445500 36 23
3122273 11 50
5461095 18 41
4678698 28 17
454846 1 53
3527733 13 38
149614 2 14
6101198 20 49
167636 15 4
1036932 13 15
1809504 45 5
5724210 80 30
1148295 11 81
265288 2 15
4473265 9 61
1152472 15 38
2105676 94 4
672670 2 112
5059177 33 20
991166 25 7
171830 1 25
235554 3 9
2928225 5 61
610885 2 33
43490 1 26
1406644 2 103
15067210 86 29
845357 4 27
924614 13 14
296728 29 13
1117435 11 14
44781 2 4
431476 1 45
869096 5 24
12388227 103 14
378096 21 18
421760 18 47
51935 1 27
157172 1 20
35129 2 18
4079601 7 69
21750 1 11
664414 7 87
98321 3 6
46068 1 5
3366636 92 5
109447 2 12
794104 5 67
782638 4 25
12465282 61 21
113012 3 9
140306 5 14
69049 2 60
8520962 32 34
1673081 16 15
1561001 7 45
78052627 88 120
1023717 3 54
126423 5 17
12963359 25 54
40812001 72 62
225701 9 6
61236 11 3
1027577 40 39
102077 15 1
294448 1 59
5099 1 1
47849 1 13
657169 18 33
54964 1 7
331094 20 5
1936161 3 72
885117 1 98
2455192 3 125
1502877 4 73
90116 10 1
590513 1 60
535941 8 7
320923 2 30
159052 1 22
5712624 11 94
6894711 37 25
700730 6 38
125729 1 28
463227 7 79
713210 21 7
3693859 21 27
11618 17 1
493953 10 8
36226875 61 102
163108 29 1
46080 1 23
42658 1 22
3027296 39 11
284454 5 28
64340 18 1
2481599 15 22
181331 1 22
1299247 34 13
68364 6 7
2161735 22 23
17152070 52 46
1708927 2 118
3736111 7 55
99229 5 7
4142560 14 37
52592 2 5
33241 9 1
5352089 100 48
688199 73 1
178269 21 2
5645630 10 67
4974121 9 99
21804498 26 88
265899 8 19
283271 5 35
2093019 4 68
6973775 121 10
17278863 65 51
81583 2 53
1543751 27 15
5631344 10 99
7547396 40 44
1313480 75 3
4086100 38 13
1538167 26 37
714256 8 28
21860 2 10
32239 1 6
11766656 72 46
1595473 18 11
328282 1 60
396631 2 117
18456805 46 73
1059277 12 12
4148952 15 44
87341 2 45
202942 3 34
446580 1 106
14854 2 1
811098 12 12
603209 4 23
1707156 2 90
9900 3 2
7065136 18 75
4565046 51 50
635492 1 100
118136 6 7
3162735 6 84
1553671 39 7
1201327 63 4
43957271 67 136
1605003 13 14
14253075 116 24
2545161 17 22
11682773 18 105
16762378 40 61
3203215 17 29
1898799 12 72
102784 4 40
1782757 5 61
72002 10 1
5080734 47 14
2628045 20 23
3700395 46 42
970625 5 21
752252 2 57
24623 1 4
38224996 46 126
429404 18 28
4427 1 3
365770 28 4
789534 24 4
2501447 38 9
8167888 48 25
3650796 17 87
529837 1 71
297685 2 23
18606864 27 72
188889 1 27
300261 4 72
1138484 16 10
1476999 4 44
6931993 28 32
14502196 53 52
291496 28 12
621497 5 44
6342937 21 45
501850 4 17
822036 14 18
10508658 20 129
6684 10 1
864692 17 31
7542772 13 71
2397327 14 84
1603790 3 84
768 1 1
6881 10 1
215597 1 52
1883802 51 6
1133266 5 38
662732 4 31
2196850 49 5
236772 5 6
2000292 30 23
8336636 69 18
16317 1 31
16716404 60 33
92917 43 3
667972 58 10
3087420 17 75
10779 20 1
9972030 15 124
18313762 31 77
8275 4 2
287559 10 3
9425659 33 53
154226 14 2
47449 4 2
1929329 9 33
1391780 16 17
1069114 32 12
6752874 60 92
1678695 3 78
15013551 28 60
670723 4 29
28989516 49 77
351983 11 4
573530 3 22
124457 3 24
434550 25 8
298537 4 9
7884708 32 48
2219594 5 48
961058 31 7
969599 4 33
5028676 17 50
1561577 3 69
394853 5 8
1051436 13 14
311779 5 14
815 1 1
568861 2 29
1781247 9 32
72452 3 7
7333834 19 61
1472278 10 41
16397 1 3
3862965 25 23
172373 6 15
118259 21 1
660301 2 38
163868 1 23
27244204 47 109
409143 6 23
262004 7 11
13449275 24 61
4459186 59 115
1645508 8 24
619586 25 14
9657902 22 111
2270758 8 51
2212405 5 74
2470477 27 10
56180 12 1
21102072 57 71
1082068 37 50
3090495 55 17
2205574 17 26
110278 1 13
125065 6 13
2468896 29 44
112234 1 33
5143270 25 78
884382 12 29
10035802 30 82
444513 4 27
31149134 43 81
1645648 5 61
755026 3 91
3889693 40 13
16025201 20 142
1401066 2 101
3809072 4 103
1879820 14 19
323604 8 6
544217 3 41
20369487 82 108
743401 6 34
615506 2 60
2305233 9 36
17786698 26 103
978477 5 98
25207425 47 68
298961 11 4
8013 8 1
9068520 18 63
603755 1 76
5852896 34 33
9681766 16 68
5227199 81 25
1063186 6 49
2713701 5 61
2197688 6 51
5628850 21 43
27634952 36 97
1382826 8 25
1156860 13 12
1185764 2 84
865192 3 30
47546194 44 140
139808 16 1
3386639 77 8
408632 2 34
2346613 9 33
155123 1 23
27101314 46 101
337404 29 7
8359094 60 27
348112 1 44
15830181 29 62
2583092 44 11
1528129 16 58
752922 5 26
156101 5 45
478965 1 53
355906 6 33
278260 2 22
329206 4 24
354068 5 9
6296058 21 49
1591256 4 59
865097 22 27
138523 12 2
221078 3 22
16024989 46 63
113469 25 7
4095110 51 11
82103 12 3
744834 1 76
2787714 17 32
32035332 44 88
603264 11 30
713599 11 31
538173 2 31
4972639 6 122
12709251 100 19
28307596 68 127
8623431 65 21
3942425 60 9
3451471 14 44
385122 14 11
8725001 38 25
140869 1 17
296023 89 1
200263 7 30
4893435 36 28
10021031 17 70
490013 5 12
684435 1 128
152941 20 3
116914 3 13
1182740 9 72
26750155 49 72
1320860 11 13
507742 7 11
3740918 29 70
44731 16 1
21453142 106 35
1329542 20 13
3420922 26 23
290512 42 1
808234 5 27
19614552 82 47
161225 4 47
3429264 12 30
16220135 58 59
19209503 43 70
13600945 27 77
179368 6 31
473535 3 55
20523573 29 99
1126899 6 36
11612872 11 148
535688 3 19
516334 24 10
22539511 31 83
212762 1 59
166613 2 27
1590145 39 6
656278 67 2
572922 9 24
12773 8 1
179098 7 17
2014913 3 75
5406849 10 107
4338770 27 23
18446867 141 25
409309 4 15
1666126 5 61
19523 1 3
41707 1 56
106388 4 5
3880145 11 58
801554 12 10
431749 1 60
251373 31 2
369795 4 10
2060587 21 12
909301 2 83
12480438 21 122
236317 12 6
203133 5 25
16602 1 2
3122160 90 29
26702360 41 109
319674 1 36
7763395 16 65
2297284 6 55
579001 13 32
4008260 37 63
9325856 22 53
2417488 22 13
105339 5 24
10088156 25 67
2818505 19 15
5956226 10 85
37399 1 43
24886805 31 126
18276688 37 95
198900 1 67
2694554 4 89
9696985 13 81
301223 1 39
325064 8 37
39370 3 3
889680 7 14
133349 3 14
198992 13 16
1979226 10 30
1968710 15 33
109710 1 64
989015 6 23
39373 25 1
402546 50 7
10183 2 1
282199 9 5
310934 2 19
41427507 113 103
42782083 113 75
1532483 13 107
6346251 17 52
7682683 74 53
296351 4 11
2386130 73 10
2886314 6 72
805988 55 3
2236474 3 76
6279661 26 29
1782279 71 41
1858067 24 11
917217 8 72
1261620 4 60
2845211 11 35
1812557 15 40
52128 2 47
28748096 43 89
9808668 48 78
9729663 15 113
14083558 96 19
6919258 15 65
10666632 74 18
722770 5 22
761426 4 20
4612687 25 23
1430807 13 26
193730 1 33
1408018 15 11
535787 9 6
119980 3 24
26823551 47 86
2873138 6 85
567004 2 47
8958 1 6
4029242 26 21
613059 39 6
997828 40 16
3476758 5 122
54377 4 2
4021967 24 55
780726 18 8
1477634 36 6
13419850 36 41
4431823 32 16
173245 3 6
4429204 61 25
16089686 37 51
2849349 8 69
20793072 18 126
10083458 59 54
422513 4 33
7787498 55 40
243958 4 47
543513 35 3
13097900 17 105
1460943 10 22
196374 3 8
215144 1 34
7510094 16 72
637242 16 11
63596 1 70
5453 1 6
15662196 20 91
3578208 58 9
18720088 78 26
28714 1 5
54408 2 5
218766 1 43
715334 5 26
2977905 10 45
671213 15 16
105984 16 8
19333 1 14
4809957 43 13
1128502 3 73
282170 40 2
4898967 99 25
1564815 4 48
8003560 23 74
32024 13 4
1409648 5 39
718299 10 64
48351 7 1
6645867 10 75
1175675 28 5
1535120 13 22
86504 1 22
299354 12 24
10282440 20 71
85245 2 38
287375 5 9
3014643 15 33
763669 9 79
910371 9 58
277430 13 12
837682 36 13
139452 2 27
532498 3 30
36569 1 38
45720 2 5
783376 6 25
7075958 16 48
18589321 26 74
642805 8 13
1876541 12 21
15481412 47 36
863195 19 5
13324770 55 89
1934767 10 69
2009427 30 7
193894 12 3
191620 1 40
494756 3 18
81103 1 26
3155892 94 5
76454 1 61
314273 11 16
3381099 41 27
13726649 22 69
123858 1 121
332325 7 9
28533 2 2
2974236 26 32
607449 12 9
142235 4 5
1347444 32 44
30768478 54 79
2834692 14 36
2521788 15 29
1832740 85 15
23177738 68 38
973567 9 64
70500 4 3
3742374 16 33
911725 1 94
1797000 4 81
871012 28 7
11409551 38 70
142286 5 55
461651 9 19
3442171 25 18
2287845 26 11
110795 1 77
8072984 48 26
1318628 21 23
675976 26 4
3358294 26 21
5906273 47 21
1196612 25 6
361462 5 13
1675340 31 29
11639235 79 24
2021367 13 23
3486556 8 49
4726956 33 80
863585 1 131
2968333 20 17
445023 1 77
61741414 75 84
640483 9 12
20061561 36 62
1912530 4 50
5817839 9 66
18393 2 1
732653 3 35
7337628 27 34
67127945 74 150
38870 6 1
1448335 31 7
533319 1 82
1584242 5 126
1085336 8 15
578658 25 3
57364 23 3
172212 3 40
383406 8 6
115458 40 1
318064 24 3
135206 2 113
3683178 17 42
5761702 68 74
229728 18 2
1805314 18 49
11195467 36 37
8521971 46 28
501957 1 86
1740835 62 11
1088705 43 4
754906 14 10
2233811 4 61
565018 2 42
2813593 47 7
973644 21 86
36390340 58 79
2001113 6 41
4966478 32 27
339717 1 68
1323388 59 18
45411 1 39
1303722 25 88
936287 4 34
756467 4 26
76232 5 5
801807 31 45
1238173 4 36
1156461 28 27
256686 1 34
1242317 34 14
1453845 82 2
15961 1 23
29751 4 1
662681 23 34
2177208 20 11
1768005 7 40
1459258 28 63
87683 1 26
301454 3 25
5961226 53 14
26390814 38 100
2111985 22 19
83521 1 55
354880 59 10
541844 43 3
416458 3 14
1882769 69 5
1468157 7 32
155247 20 1
83369 2 27
4937483 16 57
2760454 7 56
1160974 22 31
5985233 48 51
20658 3 3
724691 10 41
571214 2 55
25144104 43 81
2247778 68 4
550657 1 81
63355239 65 130
2653053 32 52
9049841 27 61
994185 34 5
3093873 15 42
539741 14 4
1166290 5 64
3106377 7 77
3294900 115 19
5718992 8 112
325873 1 65
116399 51 1
825532 54 6
176870 2 15
575388 1 88
1119608 5 98
33317 1 22
21433 1 22
2537280 45 10
6855184 55 15
8817228 29 49
2750532 15 19
15050335 38 48
4800574 17 35
32946 2 4
425037 13 6
1403192 34 7
483382 7 8
838267 22 41
398913 1 48
383597 14 5
690702 20 6
325555 22 13
812127 23 7
10046827 37 77
19717827 38 77
43010636 47 93
22470225 56 49
19613299 40 86
5221118 23 27
88388 3 7
88920 9 5
2658751 10 29
537605 11 5
386598 19 3
395410 5 26
672890 5 17
3151451 34 31
8573431 20 56
58139 15 1
5175294 6 87
5437750 46 28
2739250 23 21
1408732 18 13
1742886 36 7
13471613 16 126
2711793 41 13
5964356 41 111
1260196 18 13
1714294 6 43
18192202 58 71
10403815 18 105
1011323 4 30
2831404 6 62
6856589 37 44
2192866 13 42
444855 2 28
1005987 13 10
5106650 34 121
258284 15 21
62596701 60 107
48822 1 33
2331264 10 30
431796 5 46
620820 14 17
5247723 36 23
4946177 13 39
1437852 2 81
547476 6 48
86925 1 34
10333995 35 53
19420 1 3
1835930 3 83
289088 1 36
20115 3 5
7284015 14 55
1456618 14 26
2809125 7 47
479212 8 7
11421 1 2
23062718 22 122
5994313 10 68
5475110 62 24
2384685 5 53
281424 16 7
13142919 44 61
144849 2 12
21986964 31 110
525900 41 15
1749866 25 9
7102494 16 56
1488887 120 2
764251 1 121
10223733 79 23
1221200 39 28
60132 4 7
1917261 15 16
17199 2 1
1085199 27 13
7752965 11 104
185602 17 11
3045391 5 105
16913 1 3
26484482 51 82
1759128 5 60
196208 4 29
512218 29 17
2795877 4 78
42512125 73 73
3303077 9 66
1392199 2 116
1580939 80 19
9719 1 19
1418831 2 76
654244 42 12
440980 2 40
1154861 3 61
889572 16 25
1231256 24 7
7097179 28 42
7255276 10 93
3772461 5 125
763408 14 11
9345882 57 27
1110670 12 10
76266 29 1
330822 89 3
1267116 8 56
694266 6 18
761099 24 56
266688 12 3
975421 25 15
113273 1 20
66738 6 2
1622001 15 43
7675235 16 57
386204 9 10
649021 12 84
1136099 28 37
86015 3 7
3711819 95 7
26990399 42 77
27116 1 18
5679832 12 104
1119883 7 17
1903515 13 29
708501 23 6
107985 32 2
43455 1 5
7888057 27 46
10407 3 2
21729863 35 136
12517408 36 37
601321 5 18
8954263 54 59
36608 5 1
542409 6 51
3626866 10 48
85106 28 2
554035 59 2
45986875 68 100
708911 7 11
251067 19 13
81530 11 10
310986 1 35
7842185 106 9
245503 2 139
23633 4 3
2211612 20 12
1325095 8 58
4918628 22 73
1095841 6 20
892666 7 25
4262500 6 75
2985719 37 9
17362592 28 72
1739171 16 11
501393 2 106
3653699 16 61
303986 18 4
350083 23 7
2507 1 5
5915670 11 62
8836653 23 67
3932724 83 5
67628 2 6
1238073 5 49
1647312 4 52
4086597 18 25
2186377 31 33
2464311 30 34
126336 6 23
6716796 25 61
648376 9 9
1365130 14 39
1145920 5 27
598080 2 47
102941 17 4
1442638 5 48
189822 5 51
262919 2 19
5386860 17 65
311932 1 89
3296493 24 24
255620 1 34
80859 3 22
20348 8 3
3596635 47 28
3843093 43 43
5960703 94 20
65032 9 2
454209 12 5
2536610 5 78
1068576 10 46
295038 5 7
39589 1 12
211306 5 19
1652247 17 21
195614 5 8
347480 10 18
11420897 28 77
4091504 21 37
178879 3 27
1357660 17 19
1118424 2 106
12616 2 7
3848332 12 48
617061 1 73
1570211 27 9
715141 32 32
132890 2 11
942821 2 90
523938 1 92
43428 1 28
1173909 7 57
1006936 41 23
179786 1 31
3254891 42 119
4400820 13 41
350138 19 6
788499 12 53
51077 3 3
9157385 31 43
2596900 35 61
1462567 4 62
182711 24 13
4677084 9 77
8933386 48 24
17077585 22 99
19539 2 1
1688637 26 9
3233183 43 8
6671838 47 25
1854615 24 13
786505 4 28
8314625 28 30
76102 6 4
62268 16 6
8257182 20 85
658442 72 1
14881847 44 41
254260 15 2
38245 14 1
306870 1 36
125381 1 15
1986233 11 27
2265628 73 37
57418 1 16
474066 1 69
2453237 8 41
702672 6 88
8433131 21 57
3247105 28 36
7508290 13 98
25786026 76 61
1762322 42 55
679830 2 53
122149 13 3
1248574 30 51
2108789 8 34
9367244 35 33
12410813 21 72
973612 38 3
371437 8 11
80124158 77 127
222798 6 10
10855840 57 20
560756 38 18
18506475 50 100
20420138 120 66
33204482 55 73
1875367 31 8
2070476 39 68
1281201 23 21
1355511 23 15
508460 2 124
16652 1 3
6376731 25 31
352707 6 7
473567 8 6
1054749 26 6
5422988 25 38
321562 4 15
350615 9 74
5761600 21 38
29075220 50 77
4298042 25 19
574834 3 24
3475449 5 81
10726949 30 47
10532782 20 93
4079832 18 31
4298782 8 72
28938000 83 47
46878 2 23
94823 16 7
3314367 10 40
44027 13 4
46729 9 3
954779 32 17
2329085 4 70
579243 14 48
2184214 8 29
3990437 11 67
645413 14 21
383559 19 33
151941 1 35
991609 10 78
242498 7 5
314150 1 37
795470 3 37
429683 12 45
7957069 45 20
15796660 55 79
638713 3 33
6157557 68 17
232243 10 10
130370 2 8
96179 10 2
5873663 36 19
22376 9 1
6901538 55 13
3386648 9 49
46447538 81 78
526052 77 8
325649 5 8
1108611 11 15
2322918 29 9
189622 3 16
1674670 44 28
462251 8 7
1888013 20 14
2711854 7 65
10524875 95 33
6320790 43 21
22319243 41 95
699721 1 71
554985 8 12
2322715 26 39
644795 18 9
445466 41 2
487694 46 6
4686646 17 46
900870 2 77
7044439 9 143
17593182 29 90
25210295 31 84
162622 10 21
1604837 18 10
867978 4 23
731187 10 21
787144 3 94
900703 20 6
101953 1 12
2293376 31 28
8745386 36 45
154951 5 6
344878 3 94
9722867 9 111
177010 9 10
1979410 14 27
254758 25 8
2604752 39 36
14470806 27 56
2839214 12 29
1683650 27 8
27421 1 5
16372515 38 84
9632788 54 52
620047 10 7
77690 4 13
7047518 25 36
2567653 9 29
824714 47 12
330404 30 5
170789 4 5
237269 2 85
282364 10 3
2230120 24 17
3701742 19 22
4220275 8 58
509009 1 120
3333733 7 72
1151540 2 76
911626 6 57
598383 8 8
13075512 37 39
1412838 4 56
3127585 47 114
396968 5 14
1729134 18 27
161190 12 10
447620 23 8
210834 3 12
274632 2 77
8266620 16 63
524426 11 7
5984642 6 144
4109556 13 71
745680 35 3
505317 5 39
8413845 38 37
2705826 6 63
20657 2 11
6629 2 5
44263 7 1
77313 1 31
1228733 6 69
866382 20 5
14078 2 2
6083257 13 48
756893 10 9
1632167 43 5
514416 5 51
125946 8 3
3970642 61 9
2399766 126 4
467454 2 46
4812042 44 52
565918 7 14
427640 45 1
12133988 89 72
16536327 48 44
2396364 18 17
1834762 18 46
511384 9 6
765528 4 26
1212118 12 13
1389355 5 124
317483 4 8
677251 3 36
873497 9 54
15201360 39 70
19087783 83 27
1649803 39 13
197974 13 13
403316 9 52
314848 1 32
13225767 72 46
525907 4 18
17346940 23 79
2104105 84 42
2260372 38 12
6331011 90 11
274597 2 19
440092 12 4
17093387 27 87
2073429 7 127
148700 1 27
345885 7 8
313679 8 6
115221 30 5
28883 4 1
68199 8 1
508053 3 27
2098249 28 9
283002 5 6
572081 34 9
40781 1 12
757842 7 56
208270 3 14
398911 10 6
4867538 29 80
1703232 19 31
7575853 22 58
677914 3 64
217897 11 22
2192830 54 8
36975 2 29
4390811 4 132
1385892 5 44
427411 22 9
85785 13 1
524598 1 81
554829 18 50
884445 9 24
1629910 13 20
400718 6 32
2115610 14 29
258939 2 74
4346 2 1
30742785 35 97
5125500 27 48
182395 12 3
2082994 5 71
4563020 17 27
3172675 18 18
691455 9 15
4830395 14 65
72818 3 9
219034 29 7
3572014 30 19
306491 29 6
31442364 63 91
556219 28 6
235934 8 9
1445227 2 103
871414 28 8
367785 39 8
2646159 27 11
815731 24 11
726452 2 70
3086291 20 16
186735 2 25
1602972 37 28
42231 13 4
964502 16 11
54856946 78 92
2347498 4 63
113236 2 7
416780 3 18
19087736 39 51
20483947 32 93
2215610 4 100
5745658 41 27
1223972 8 16
4651256 12 72
611685 5 71
19539 3 1
84768 6 2
368049 7 53
761486 25 37
3292530 93 27
141978 46 5
13559694 34 43
13896659 51 29
428878 1 56
5807603 41 18
212262 2 17
4448050 12 65
1038455 35 44
9468365 23 59
790842 9 9
1113091 17 8
7276561 13 110
504045 44 13
1363075 14 53
217599 9 46
1178616 5 33
2063361 58 5
2051113 3 85
4388386 67 12
98760 1 32
182957 3 15
3069614 20 29
56718 2 29
1464694 3 67
16800 4 3
3577438 20 20
317415 4 15
421072 13 4
1346458 5 30
385958 6 25
526206 2 72
2183519 8 36
1033203 7 92
1251195 12 113
9460098 44 49
5494962 34 23
18494633 55 67
148070 1 30
3333939 48 12
7601 2 5
19319131 85 40
463941 4 13
89004 3 4
2646428 74 4
2237676 8 43
35212252 60 89
544317 29 2
1850946 8 27
1914160 6 64
291354 6 6
4969925 19 47
57382 4 7
4288532 17 36
10845703 23 115
822657 3 44
3368121 11 58
127747 3 14
27275 2 12
2728035 18 20
622810 32 2
361446 3 44
1093982 4 42
1904397 45 12
1106504 7 55
3193293 7 106
3707698 10 59
1586371 10 23
456661 16 21
4646847 19 66
1975673 25 13
367973 1 43
215707 2 32
1571031 11 18
36573 2 2
4577054 22 33
3109148 52 33
3081593 11 40
2106002 7 55
2666385 28 19
6734860 52 20
1354371 11 87
430560 2 80
2150850 15 27
2370154 50 8
788996 31 16
761871 2 56
4314449 9 97
3052666 19 39
163003 1 22
407633 3 26
384746 1 39
5058985 8 82
65532503 88 105
1660891 28 15
5549890 28 124
4039338 30 16
3184906 6 64
2480484 14 31
15594913 27 62
210748 1 35
1536229 9 18
21392492 23 102
52832 1 57
5121591 26 83
47483 15 3
17528785 69 37
2846351 28 11
131311 3 71
876113 10 10
73200 1 10
6485043 12 106
2775849 9 53
490521 2 49
38097 6 1
9722021 26 86
146094 2 9
296030 38 1
981889 18 17
975242 3 34
1182500 62 2
320958 5 86
14608225 18 97
434071 10 86
3551258 6 71
1263592 4 35
40799 1 8
794018 9 10
6802156 10 70
2362698 7 37
3342674 19 18
82503 7 5
2230965 23 18
3292180 13 78
289909 68 2
313505 1 63
870123 12 11
12930005 23 101
9758813 18 105
2631788 19 19
2023887 4 73
210210 4 7
146607 115 1
27799 5 1
2240140 49 71
61275 11 7
1168411 10 92
738179 20 13
3424645 51 11
1533727 16 18
6460296 21 59
149702 2 15
2203811 11 53
13334 1 3
11356 1 21
4418875 19 28
121706 1 16
472808 6 14
557143 10 67
20548219 38 57
17000625 81 31
3155543 18 22
1919932 7 125
2366661 7 54
2434490 6 81
9148446 35 40
1816027 5 59
169466 9 10
3282889 17 39
951812 12 13
91361 21 1
12155424 57 53
2664892 5 59
80912 4 28
2279703 6 62
1282629 3 77
6603620 51 21
1285506 12 13
8873178 27 52
60016 4 4
45192 6 15
2019667 14 18
1819091 11 91
8240742 95 51
4436774 34 37
835047 9 17
525924 2 35
9647790 43 34
10041050 22 98
2556021 5 95
29851110 45 67
358571 2 71
176470 3 25
41945783 100 58
4135078 12 43
15295 2 7
3456495 52 12
883983 9 12
218392 4 58
1717585 24 57
7002169 10 119
920818 4 28
555143 14 4
179229 1 24
58835 1 18
1893497 21 14
41571250 45 101
75059 2 4
4423339 19 45
2229372 28 13
2129354 5 84
920181 26 7
1273249 20 37
2071965 4 60
17672905 30 91
1395652 62 3
2696429 6 77
586140 1 103
2230513 18 40
21755098 41 71
108170 5 4
744916 5 57
2561593 42 8
1776825 5 42
284346 3 29
505742 2 33
775941 32 6
1547670 20 69
127698 27 4
449964 8 8
48068544 71 93
70438 11 1
33185776 65 95
3757402 38 61
11702282 22 61
578404 19 19
8109377 18 97
807355 8 15
3352486 9 71
603140 18 12
2984983 80 13
3896690 7 96
26015202 38 73
384405 10 37
4824151 41 61
288806 8 9
23965855 37 74
9389376 29 54
17377289 26 82
60428 1 10
281002 41 1
1608355 6 39
77350 1 12
893563 9 43
809457 42 2
1518380 5 38
16320408 39 64
207027 4 71
3389341 17 21
5412395 8 71
14382766 28 70
581074 1 69
20225292 34 67
1655416 8 59
904794 6 18
5461692 15 41
335531 2 127
4201006 13 89
3320583 19 36
1296613 2 94
279066 69 1
6611615 17 47
1597971 26 39
388860 2 29
848904 46 13
1186060 14 114
48293 1 7
11485168 46 34
1527009 5 51
2599247 7 50
128929 9 2
70137 3 16
1304807 10 20
2968953 20 84
645353 2 41
35608 1 10
11924 1 21
13984277 27 104
13399170 82 22
1484392 6 60
16308615 32 96
1097206 92 4
365027 2 38
2113328 2 108
1688496 38 5
620932 18 6
838393 11 39
9454400 16 73
844708 7 16
204609 18 3
2864757 20 20
334163 1 47
286959 4 51
1999799 4 68
172199 9 5
15691265 25 68
237781 15 19
1927360 28 10
1982616 3 90
214181 4 15
313852 1 36
492308 63 1
1914120 25 13
1150356 7 25
606816 11 91
429631 11 11
2169555 24 16
422844 9 17
1441385 54 4
4588535 6 128
896939 13 10
164437 2 93
3845873 35 31
370116 2 32
405343 5 9
33699 3 10
2069 1 3
9277369 41 33
23490187 37 79
2890850 25 23
985124 3 49
1034533 42 26
371354 20 2
1443413 12 23
1111349 2 107
76922 3 9
19798849 23 147
183923 8 3
305997 2 27
4028344 128 6
1344371 32 7
886369 24 5
10814 5 1
618379 13 31
657613 6 16
113269 10 6
1326597 2 126
21658207 37 87
994003 9 21
5763256 10 123
241736 7 20
675312 5 65
39765010 79 54
2270458 12 36
620674 22 12
558729 2 40
1674877 34 6
4908384 33 18
1310351 21 10
581555 7 44
6422 1 11
497609 5 11
880602 3 46
19009468 107 33
760907 8 14
2029477 15 22
14860 2 2
2843460 13 26
1163402 7 24
9422353 64 73
132112 1 21
181362 33 5
156110 1 91
34170 1 4
400844 1 43
908456 7 17
239342 7 10
2339125 7 83
2212259 35 88
27449686 50 97
27365 5 4
105638 2 6
2711 2 1
1277973 14 10
12685985 33 49
62929 24 3
119894 6 3
714558 12 8
1450864 11 58
6062359 6 114
189806 6 4
153950 2 34
867767 3 67
189092 1 23
7540058 52 19
1017406 7 38
13012 3 6
21050 6 1
3494353 29 35
265968 49 1
22360 1 10
152363 1 18
8022616 51 38
4224231 9 53
28481 1 32
3271418 37 23
44087 3 15
300708 46 1
1509204 10 16
81798 3 5
8730717 75 20
88714 3 27
6179 1 5
5259237 67 35
8180868 96 9
70934 1 38
1134223 10 17
1295461 7 37
14751096 58 27
2187419 28 30
473782 3 26
342873 8 33
7224124 65 16
5990618 39 21
860508 1 115
92594 2 54
32122075 42 109
512941 15 4
15029383 53 30
1851944 7 36
3773932 7 62
482543 13 4
998593 9 49
3450562 29 48
2416484 4 119
1347434 14 13
14631775 23 131
547423 2 36
13450212 25 69
57526 1 67
2481275 6 49
878253 11 13
48064773 91 72
277860 6 5
3045699 33 33
188370 31 1
3038311 9 51
8994362 24 43
137953 14 9
1352565 49 29
1368335 36 18
13957462 26 86
3189692 5 70
1732817 36 78
8895 1 2
4898849 12 79
412680 1 67
211813 1 35
867845 1 98
1681376 4 64
547522 4 30
1351898 9 67
2092068 7 57
1108945 7 85
2498620 24 12
1837073 36 7
2721655 31 17
3969250 39 20
2132006 5 80
1672361 23 12
10978975 35 63
234400 3 21
754418 6 14
12026614 58 24
4553557 20 34
5329734 10 71
56795 8 1
9072166 11 139
668331 13 7
1646687 34 21
1668158 16 14
461776 29 13
603947 94 1
316899 16 15
37920517 57 102
4777927 42 116
90261 2 79
543963 17 35
457810 3 29
21786549 33 99
1634308 47 6
27530377 50 63
53337 16 3
1241973 5 52
354531 46 7
138193 9 2
429687 1 57
15792599 20 124
6677888 26 44
99615 1 26
5126743 64 18
826691 11 129
24293567 38 79
336697 24 14
2974150 6 71
1191145 2 70
4049740 17 37
62518 36 1
8527183 34 98
208761 2 48
79902 1 57
2332229 10 51
749009 4 37
85406 1 10
2719459 17 17
126671 3 45
2455950 6 58
6665698 12 100
35611213 65 96
769454 10 66
3243888 22 65
2694522 8 37
356489 10 4
5154132 65 15
3570869 56 44
17929 9 1
19204 3 1
270859 13 8
436013 17 5
77727 4 4
7068555 22 36
5135639 16 41
7740958 61 27
394579 1 49
331235 2 60
474395 4 17
2588481 50 7
8067274 56 72
693298 17 16
602852 23 17
33328 1 10
976511 15 22
5423396 38 24
35982 1 9
99693 17 1
3522673 28 47
173573 5 26
7046612 46 18
31562 3 2
311484 8 7
246013 3 46
143175 8 35
179405 14 24
676128 5 67
11824459 38 43
1323454 48 5
1476419 7 26
90476 2 9
8043813 8 110
3466638 64 13
68522 4 22
3085118 24 19
835331 22 58
2206775 38 13
35591 2 3
3532532 50 37
5913179 16 74
524773 5 44
26130259 55 88
144916 4 8
9024413 12 101
15074176 22 129
2525384 5 57
645414 12 10
47835474 46 107
1616848 11 16
1820990 12 53
4480188 9 74
10088194 49 30
153092 2 10
504212 85 1
402416 28 2
39450 7 1
1373619 11 19
7827373 26 56
26059 3 2
2160732 23 12
287320 8 22
270019 1 37
407212 6 38
391131 75 9
999154 6 53
5936321 54 38
776627 14 71
101491 2 6
19299497 19 138
262566 4 55
1357836 11 13
75049 10 1
2260499 14 39
1381794 9 17
95960 7 2
1196051 21 28
15249945 21 84
630729 2 44
63731 10 8
18215280 68 34
311065 9 4
243623 5 63
908166 2 66
2604284 3 106
252555 3 12
2671506 13 49
574238 2 118
576415 9 21
191379 4 45
575752 4 47
8956412 118 9
927647 12 9
5304334 26 31
364770 74 2
296235 12 5
1657074 14 18
1693323 3 84
2418327 29 18
1225069 5 38
877921 8 13
31329 1 57
2976126 6 62
220394 1 26
18841 1 6
720556 13 29
11984129 25 57
37929916 50 121
1294259 6 28
8234938 37 32
4557442 11 49
7856576 16 77
130070 2 12
509296 54 1
4264643 49 44
876145 10 11
190680 6 36
168173 11 10
4376988 43 16
844014 53 4
1496797 15 73
286828 9 4
8271745 41 137
180883 46 4
14134652 17 84
76384 1 15
525433 14 7
11857824 28 86
91555 9 5
505700 1 59
83075 4 38
687937 5 19
2571453 26 92
705898 7 38
2051051 15 20
1215707 7 28
9022039 61 21
2723474 74 4
2704 1 1
55826 1 28
216095 1 44
140763 1 34
100335 2 6
686020 11 20
5224635 30 44
8862986 53 20
4290822 16 46
175612 10 2
1517784 32 8
29581349 31 125
41527 1 44
4034122 8 70
220233 6 7
324458 1 44
6191 1 1
298143 4 22
27870650 47 62
3842155 21 28
125574 5 8
108551 2 15
551767 3 25
4721912 9 63
224159 1 33
1849755 6 81
1039669 5 46
36723 2 20
157298 11 6
5928815 18 49
1140802 20 21
3438843 7 69
5087577 9 65
4902577 21 45
2518871 16 71
8762505 21 71
21901 1 3
6320829 14 51
386872 6 33
2902715 7 83
1280587 13 15
736008 19 44
20848333 120 109
7086904 67 16
1971716 6 35
54139 1 19
7572127 45 23
196892 78 1
1535534 11 25
748348 2 61
110014 3 18
1153859 71 3
313328 1 90
35053075 64 96
2015178 34 14
2743115 8 68
12849160 29 105
160829 4 5
1717099 11 26
318301 6 7
7948433 28 29
2119857 8 31
50401 1 12
298808 6 8
2639167 3 113
5737000 8 79
25399748 46 56
243213 66 1
248792 10 7
29496789 60 71
249068 2 25
3542 1 2
5614032 103 13
2796393 35 47
4856544 53 18
2958326 43 41
663781 1 91
16262737 59 51
158174 4 30
167708 3 10
11859661 33 45
11238183 29 52
43921 2 4
880879 4 81
3828527 16 29
1462234 5 48
3300072 19 21
176421 15 2
2340189 30 11
563878 40 27
74025 3 27
47182 23 1
4671579 34 17
210654 23 12
1301405 7 26
2161712 6 48
24714 1 3
65409 11 1
905667 59 25
8012901 54 28
89619 1 17
2355868 8 37
260816 2 17
3480108 76 10
3928456 52 14
1109841 3 45
1813317 37 8
4818623 13 98
3938540 51 8
9773789 12 90
608565 10 9
703692 22 10
67433 11 4
1937379 17 52
1732460 46 28
157459 3 51
55044174 74 82
12592865 93 37
7442 1 1
273823 12 7
1612864 12 22
17687202 33 105
12611778 16 91
804620 5 19
1198335 19 15
906930 2 47
57883 1 6
45364 1 56
6659806 10 127
332539 11 52
9922069 27 52
5881981 18 75
36177 5 1
31652502 68 83
1435463 22 11
1390151 15 26
45185847 124 73
44326 1 22
38816 49 1
767101 6 22
66001 8 4
151556 3 17
29166605 33 95
89737 2 41
6619989 16 48
190197 3 30
403517 12 9
3599388 34 19
3106656 20 29
26932129 51 98
1159917 14 10
402222 3 15
68169518 117 81
11238 1 11
5642071 60 40
403200 6 10
5574444 27 30
74604 1 9
1097146 8 19
695784 29 41
227960 3 9
1592600 8 21
2265373 18 19
1520907 5 53
114891 3 6
69284 1 10
856684 8 21
43695 27 3
933967 8 63
6350021 32 31
497287 4 23
8572926 18 52
550212 2 30
728066 5 48
1130420 22 25
65236 3 3
497883 6 21
230750 3 59
10245359 33 80
1141332 7 44
5541974 31 28
184146 56 2
37559007 85 72
2522963 10 58
4659760 18 38
2670936 17 103
21579285 59 108
103909 12 3
2226648 9 72
68686 2 5
7020 1 11
260846 27 1
32789 1 11
129979 1 22
2654272 33 43
25859 1 5
187403 9 3
4463991 41 12
6574131 32 94
298190 24 10
27601473 50 105
1538604 23 10
371830 1 54
852793 14 14
841710 28 28
17939976 38 76
2162610 12 31
584667 3 36
177956 2 43
2720430 32 9
280679 52 3
90614 4 24
469300 7 44
220974 2 22
16679785 91 20
192952 1 51
75378 2 7
24214 1 8
319277 59 4
7055608 16 88
4623175 50 63
18553943 40 92
41294 2 4
1185498 2 108
4026467 31 17
594992 20 5
1686133 5 39
1393183 9 23
6044715 33 29
170651 1 43
7602088 34 44
4121695 18 47
1019151 1 119
6712272 33 34
1314918 2 126
527577 5 18
277443 4 7
80070 1 37
338209 21 3
37976 11 1
2168477 4 66
1675906 6 33
60325 4 10
79620 1 27
1709573 16 26
3967081 26 26
71594 2 34
706430 1 131
1787865 5 107
8278660 27 47
64212 9 1
655245 18 11
12810247 42 69
104183 3 22
3825110 40 19
1353227 9 23
677045 67 3
92294 7 18
10523012 31 44
5783371 18 94
2338378 22 72
125035 16 1
10490560 26 58
983543 59 3
67314169 79 122
118780 4 5
1917451 7 30
8551562 48 46
205456 2 23
3681203 7 63
1089617 5 35
2596388 5 89
1697264 11 23
2455568 34 15
125780 1 30
6581663 20 45
354025 2 70
107023 1 12
39764 1 6
171089 2 28
6031137 14 52
1664678 40 6
62995 1 61
632066 2 83
2557987 84 22
3185295 8 107
62085643 90 78
214385 6 43
23787 1 10
6085925 37 36
11564521 40 56
47378 6 1
275637 21 2
44453384 63 74
1937342 15 101
40476 10 1
326934 20 3
2871236 31 19
1594009 8 31
700972 21 35
1107686 36 10
604593 6 39
5173707 17 60
371898 11 5
21233965 25 144
114510 1 13
48190 1 9
725380 1 83
1819320 34 68
8436228 56 19
15808 4 6
445880 2 64
2197637 44 10
2655728 79 4
100624 2 8
11002847 21 54
13368221 80 25
979361 9 38
2417828 76 58
16355931 28 102
703646 6 22
383924 2 30
31188 1 9
1923405 18 15
117518 1 24
16797 2 9
137624 4 9
95710 1 26
310031 3 21
389151 7 7
166546 2 56
5642077 8 71
4451283 13 56
16377410 100 43
3370403 55 12
1527769 59 21
148466 19 1
43984 2 14
7454469 18 69
2321628 6 57
6765294 46 21
52480 1 8
6837507 16 68
2011478 16 34
580025 21 53
760592 19 7
9189296 21 80
2449875 5 93
24577101 63 45
89664 2 8
40662 1 6
68556 2 23
6983723 48 29
77703 1 11
15144665 21 77
27248694 38 88
56060 2 29
106878 11 12
2185299 5 49
525817 5 44
2541543 8 62
984380 4 117
68299 18 2
117097 45 2
6703608 49 25
20833639 55 136
2203385 14 51
10876541 17 94
1744263 30 6
6453992 56 60
4643483 36 13
1902426 3 103
212556 1 31
1115386 2 59
309581 33 1
242789 1 31
1260028 3 78
2848526 32 16
6634 1 1
2788133 12 62
254480 1 34
499702 24 8
182157 12 2
214685 1 48
1573344 63 6
2796 4 1
674973 9 12
1092498 2 102
310443 4 8
4010919 6 68
2428113 4 92
4601316 28 115
139099 1 19
517750 16 40
406932 10 7
208358 4 11
17069964 22 117
122918 3 25
9289 4 1
885306 12 48
7869586 64 14
107912 28 1
10978 2 2
1213472 9 34
522035 10 11
684484 1 71
4698552 16 36
7345732 98 19
2102169 22 10
1060382 4 57
4867 1 1
475333 34 4
2517745 37 13
42451 2 6
10861369 20 57
3426142 7 133
5340483 18 113
422132 1 52
17440606 44 55
428881 23 3
515381 3 25
150759 7 23
256960 1 101
8447750 24 45
4707163 17 45
48411 1 7
228952 1 27
1164212 5 70
11074820 34 63
313262 2 43
406226 1 59
227551 6 4
794612 5 32
1564209 51 18
12266711 29 55
3880033 19 35
690505 86 1
32708 1 28
381823 10 7
3101583 4 105
60004 2 5
717817 2 42
3039865 4 79
541966 11 16
435043 23 20
31247 3 11
71261684 96 86
264252 24 2
333693 1 42
154369 6 29
39831 2 19
24389741 24 105
9142 3 6
551056 23 13
63902 32 1
15521807 30 63
233176 1 32
7666708 17 100
991699 26 53
435896 17 3
1642535 61 47
2817720 6 51
8115429 11 78
1301182 26 48
465792 1 109
563633 2 51
1661590 5 37
1561030 13 71
9279311 44 25
204244 5 11
1758160 33 72
164376 6 4
2914031 7 61
29566561 29 111
166074 9 2
1772131 3 66
66524 3 7
361566 6 7
1080785 5 70
9837237 23 98
1530125 21 75
3145719 4 111
263276 13 9
5938497 46 64
781556 1 108
3638554 12 31
387811 2 29
215528 6 6
1312496 64 4
2394852 6 52
124718 9 3
857270 4 23
1889141 6 52
6605594 27 47
2523131 4 126
40466 1 11
731921 6 17
3487715 18 30
7728461 22 64
2686397 10 86
145780 8 3
7041735 40 26
276243 39 1
292527 3 15
3695991 11 88
295177 2 24
47778382 63 120
1163587 105 10
21284 1 18
1550986 2 112
952521 1 97
603482 3 78
1205902 7 22
4121955 11 61
16787477 38 81
13353871 50 33
14068070 48 37
134066 7 2
45761 4 5
1501563 40 8
2910506 18 30
234515 8 50
645049 2 52
8499242 23 65
2966678 27 103
709230 6 26
677234 8 86
1748373 18 14
1997685 15 44
31626 3 11
1205976 7 23
8009138 54 44
725068 60 13
346050 5 9
104442 1 15
3706402 21 18
157168 29 1
10882319 83 80
31121 24 2
256378 1 81
12524019 63 21
99498 2 20
8565782 17 99
2135372 18 20
341500 6 8
2777334 44 7
113576 16 1
2022821 23 13
1534733 27 6
2876636 24 14
22153 1 4
119904 3 8
653362 6 14
1508342 3 81
6017297 32 53
135988 3 7
2316311 11 39
273313 3 73
503155 49 8
960930 44 12
106297 16 1
16638910 31 84
437040 2 27
2268606 10 25
135973 1 24
453318 16 3
314547 2 24
4103522 39 94
47047 5 5
1168664 2 63
1346966 63 3
1499119 2 77
575703 2 61
495074 6 10
7377039 47 43
36815 5 4
270952 10 12
1028122 17 8
2101736 22 50
2336964 31 47
8083721 22 56
4720709 10 53
7039731 15 67
405397 14 7
24870362 41 76
10313786 84 21
4648479 17 53
858868 7 17
594617 1 71
655027 3 49
345402 1 64
13735750 34 46
312598 1 36
368741 87 5
8002150 19 81
6930223 24 91
4929180 24 26
745300 7 18
4344889 34 24
151279 1 28
181689 8 35
18476 2 4
1570254 15 19
77000 13 6
326002 6 10
16358951 50 78
5021740 42 14
244176 1 31
598656 2 50
2617848 39 51
1750529 7 35
5905906 44 24
2013661 67 4
234566 1 26
36864623 74 99
21649 1 3
47433651 77 73
4049607 70 23
4590106 80 25
2165353 24 49
1196403 42 3
4169327 77 47
213049 21 2
395200 4 17
7402267 28 39
2832350 15 21
702185 1 77
284225 39 2
5129713 40 68
27794279 43 120
9971547 19 96
7772000 25 59
667023 69 3
600987 1 108
1317207 13 56
148086 12 10
116243 26 1
2707589 13 42
2583157 18 15
425978 6 19
730465 20 17
206072 6 19
3450227 10 51
60976 1 11
2809232 39 29
2002283 15 50
21605170 27 87
19291257 41 58
120161 2 9
885173 35 5
15872725 110 37
1580511 2 90
646263 19 12
696781 8 71
1030050 4 43
266130 3 43
52710 1 7
518078 2 46
220670 1 23
6663885 28 44
8845288 15 80
524182 1 63
6535096 47 97
771085 5 28
2203220 27 10
890546 6 76
446985 4 17
934381 18 6
696840 7 22
1579544 19 13
1757872 6 31
224361 13 5
4271334 17 59
2597302 62 34
157933 28 1
11469 3 1
3161004 50 93
86932 3 3
174029 9 4
108183 1 12
16885 4 6
118799 1 20
1621173 15 15
1233107 5 129
28703 5 4
2950599 8 41
3566904 51 93
15883025 90 25
18371467 80 82
275682 2 24
3839951 30 26
1047234 4 43
397228 3 120
996473 1 126
401664 1 64
2918 3 1
1370341 26 11
188128 25 1
2035778 4 87
84142 42 1
21506353 73 59
285063 1 32
269319 39 6
12037880 13 131
1438231 3 68
2891874 11 51
15313642 48 102
1389524 2 76
314223 7 11
5849190 46 25
114558 1 26
4343633 5 101
8094873 30 48
4280481 67 27
5536843 17 50
305294 2 29
138904 2 43
267136 4 119
588070 2 62
312875 2 29
6763318 9 110
1164100 8 57
2096576 3 105
2050494 20 11
1923867 11 29
11938383 58 35
2264013 6 110
658055 8 16
165299 18 1
3216306 5 72
1774142 12 15
799436 4 66
2391889 28 14
131093 1 15
492762 14 5
2575333 69 27
1963726 2 112
6372077 19 43
307539 6 10
760946 11 12
6244992 37 89
28661937 55 77
1527557 8 29
856515 25 7
2226849 17 36
15513612 30 66
7031101 26 40
5342899 4 140
26877 1 9
319582 2 60
137952 15 8
2252618 21 57
1235705 13 19
159016 2 83
544487 1 135
8146346 61 26
380931 4 14
6818408 24 39
17242502 39 50
161631 7 30
2117320 109 11
555813 2 51
26080537 48 97
1059381 18 9
73171 2 4
1322711 24 9
142745 2 16
2748948 19 37
1011826 4 54
665555 44 10
866815 3 49
21186213 65 33
321605 2 20
7420007 17 75
6780 1 1
271758 5 10
2893424 16 25
201368 1 39
13481154 14 136
10979337 17 125
1500773 10 18
416788 2 35
681838 37 4
21940 1 25
408746 37 12
10227745 40 32
2627942 4 114
2935447 5 107
16703013 41 45
589094 13 19
15512408 78 34
36165 2 19
1607336 8 21
1093 1 1
7087140 16 76
425415 2 58
72650 5 2
270825 2 89
24242264 72 60
159900 9 3
37808 2 9
5024 1 1
190503 3 44
588725 36 3
16468 2 4
956021 34 4
893397 10 9
54561 7 1
176387 11 7
15218732 53 43
640227 4 42
2683955 10 67
339275 47 4
1199009 28 44
22898 1 4
23805805 41 77
3775626 16 45
701274 4 30
8583109 26 35
262722 3 17
156761 25 4
2429422 15 22
5811658 24 40
140919 22 1
624505 5 72
2528208 17 16
513779 24 12
8266247 16 87
1810829 26 10
247692 4 83
30392732 37 99
145345 3 9
7080354 23 47
27192 23 1
192912 3 60
459966 7 10
4760909 21 36
4540994 17 45
3665554 3 129
31113060 44 120
3757853 5 115
1527312 3 64
13142219 17 88
12431122 74 77
27529 2 2
25606 2 9
3134724 40 15
12456 1 7
551785 31 20
108074 1 18
66921404 137 82
1187941 2 92
1454031 14 30
1610176 2 116
70995 19 5
40287 1 21
502797 4 19
578889 92 4
10040734 34 46
14256998 18 89
10278173 59 25
2065418 7 46
5318291 17 62
186170 15 3
2034211 23 21
17286249 94 30
134187 15 1
650123 2 42
521382 9 19
30335 1 4
17449915 42 76
496441 52 14
12559312 21 90
640383 7 59
11184473 43 37
328138 10 4
131453 6 19
8282454 11 89
920411 5 23
291242 6 63
4062999 10 45
2584269 16 20
2475093 23 130
202491 5 8
148653 5 4
1663435 14 20
166419 1 26
388402 8 5
41554944 51 99
852568 4 61
814609 2 70
6660421 13 57
10491743 32 54
302157 1 102
40316 1 27
16128395 65 46
114856 2 15
2828089 17 29
100662 4 8
37883 1 7
159152 1 18
1977872 9 36
1878021 7 41
6705794 45 23
1572736 42 75
11058142 15 85
1783156 17 69
5259196 15 45
2198304 42 8
426214 47 14
8272291 41 22
51973 4 18
336831 5 65
937766 4 34
391478 1 47
17877 1 20
14281150 65 33
211412 1 33
7054273 48 20
432322 3 47
3055116 21 57
205971 7 4
3507511 22 48
21878573 53 61
4351651 6 112
830047 5 20
39633 1 8
1779246 3 65
355884 1 42
2108028 4 99
100340 1 42
1000154 2 51
82345 3 33
3052936 30 13
540990 16 16
43594 1 41
368983 33 3
815339 20 18
7506697 18 60
42384 10 6
227837 1 75
161208 2 17
1293505 12 43
4834705 28 60
3418665 13 50
213243 11 7
764912 18 15
989823 3 42
6787716 52 21
1317839 23 71
182888 3 65
300466 2 17
6246834 29 88
74339 16 2
1257108 8 60
2076596 5 51
789207 37 4
832694 4 41
43573 4 2
196492 5 17
22886840 69 36
215622 14 10
1940838 40 23
66824 12 2
370611 12 23
2004656 31 8
4832941 16 60
1224870 11 13
3420721 18 81
2679239 10 45
557593 6 47
661976 5 42
3490003 19 24
5802357 30 56
78726 6 4
12600515 113 23
9584615 69 21
19235165 42 53
290908 1 48
846705 3 75
4946770 51 27
39921943 41 122
338255 6 10
31272899 54 62
331718 5 9
3521341 18 46
15682720 23 121
738907 3 27
4305303 98 7
181023 5 10
5843236 44 68
2687536 5 56
587387 31 8
2507 1 4
14573 1 9
4119597 19 34
2422205 7 38
139548 14 17
505030 6 13
2454299 51 20
1737776 8 38
8440391 12 73
2287251 49 9
228521 4 24
2644786 14 28
590249 15 7
1253529 13 18
1392418 29 9
11165469 44 44
828941 14 11
132292 1 42
704308 21 6
2597871 5 102
239202 37 1
125005 11 3
35939 1 22
314558 2 29
102207 6 2
189283 3 8
198538 11 2
343347 19 2
1310409 10 15
5475241 11 62
5148893 72 26
135233 8 7
1306739 30 23
51688 4 7
2812612 21 21
15230901 29 89
31414216 108 47
4600173 41 16
2847683 44 8
1090117 6 29
557617 6 11
38730 2 38
2385754 14 22
3186279 4 117
106483 9 3
2520834 28 131
426150 1 48
918625 27 64
1424634 3 62
101885 3 4
136326 1 27
33537234 129 36
597223 12 67
132390 1 18
2437786 57 8
89734 4 19
965662 2 70
1154641 6 47
91188 2 11
4049640 37 16
2764566 66 7
356834 20 20
3009640 20 45
186423 1 20
498945 1 52
9166 1 1
6986233 31 25
192330 2 14
140048 1 33
5398531 6 104
115294 1 13
844651 10 13
951017 5 21
311989 43 1
3802654 6 102
5810777 15 63
275060 8 4
4965363 7 75
3154240 16 53
134763 1 26
35620 1 8
228234 6 4
335157 6 8
1906394 5 44
4644958 133 5
9549692 21 48
6763011 15 48
31189 2 3
8832390 40 41
22482511 55 53
2184231 17 20
2230360 4 74
1778999 7 55
1037028 5 28
63518 1 19
1276585 13 15
936964 23 8
30405043 45 91
4381259 6 105
20881 2 2
147539 6 13
682341 25 3
99072 23 4
33914487 75 67
362120 6 12
614835 3 38
7691846 57 23
17132246 95 43
548555 1 56
993305 18 7
9062285 27 49
3293473 85 6
33842 1 5
8777726 13 90
2332864 56 52
501842 5 15
12305082 14 106
2561553 25 49
6885154 9 109
1108829 12 17
662350 1 70
177512 3 16
2495054 7 36
17087085 69 43
436870 8 91
75849 2 4
7808940 25 55
270326 19 14
1386211 2 81
400827 1 69
1159823 66 22
73615 1 101
1934379 3 79
10357964 15 86
2239328 20 12
148797 5 38
1252781 7 38
5601822 18 47
5370654 20 44
118737 12 6
912585 31 7
49895 7 1
21857618 92 59
845791 5 38
237806 11 4
16001864 77 29
69005 1 64
97913 1 14
393530 7 9
247234 26 1
1176916 27 67
4252633 44 10
3173660 24 53
347947 1 45
2805018 98 40
2644695 13 44
29245 4 1
897966 6 55
125781 13 1
1348246 30 7
1293742 4 61
161652 5 4
440421 8 10
99996 3 6
505726 4 13
1427664 8 121
15638659 23 108
1759510 4 60
569828 25 4
231816 9 5
120683 4 6
1119137 7 29
1895468 107 32
628071 27 8
219216 8 45
2213451 34 25
3240081 82 13
266833 6 79
3228864 17 20
1353668 9 79
632662 4 24
4035968 18 33
255906 3 11
1082785 27 11
4025739 19 29
43597297 43 113
5483676 25 76
4224256 36 54
337089 1 79
4747053 15 48
94196 2 6
5867641 9 121
1827177 2 117
29688431 79 49
629272 5 13
5564280 31 20
816674 5 18
18895642 69 45
17128358 58 56
4157556 7 88
4907505 9 85
8325918 9 105
111411 3 23
127437 14 16
1027243 23 7
63404 12 1
177538 2 15
24927855 35 76
181965 58 4
3477182 7 101
27554 5 3
1792024 7 60
5383288 10 99
102934 4 4
131894 15 1
3159902 34 30
2732442 41 16
7300742 13 96
15414 1 20
46870946 112 82
8747788 23 43
635393 50 23
2217510 9 68
15537747 24 67
86628 17 1
542869 7 52
68255 1 18
398594 3 40
476067 12 14
351648 29 11
11368861 20 103
772283 3 29
309908 16 5
5233838 31 33
63000 2 21
12625171 26 55
341387 41 1
1597218 17 10
4231206 71 76
2411016 5 66
366574 6 8
501994 2 30
11558483 62 71
2395092 27 15
9263186 78 25
1793519 4 79
2351257 40 44
506792 9 26
281806 2 43
15900982 37 73
248031 5 17
1066393 11 10
23702 3 1
7214666 59 112
769646 79 1
1651173 15 12
1799174 16 19
2654452 8 42
331816 4 9
442191 1 49
3986672 15 30
2210192 35 7
793935 4 130
66513 45 1
16562 3 6
5090 1 1
1636834 10 78
4239607 17 37
4305765 42 45
230314 12 3
682330 8 13
24697 15 3
370039 2 28
1967336 12 26
474328 2 43
4000828 30 20
90407 2 12
1476865 13 20
2045186 48 12
345651 3 12
26204840 49 102
9140096 15 141
19776485 26 98
191498 4 5
1194563 4 55
83103 1 15
1534377 9 98
12790392 37 44
51785 2 30
17592840 26 76
4496583 48 23
256601 3 21
26652813 72 103
646162 12 38
97328 4 15
78617 4 2
67242 1 8
139429 4 38
3682406 6 70
7955485 35 36
208174 6 52
43839 1 21
10522643 61 27
4630696 30 26
2343478 46 10
382616 25 3
482779 1 97
852852 16 7
803146 4 58
97198 1 10
862987 13 33
93274 4 14
509915 1 54
6172501 8 125
6330 1 1
2453577 31 18
4930559 39 17
1117119 9 14
454303 1 66
536855 11 43
5227262 43 56
15339637 75 85
8051667 18 82
7027349 23 46
117895 11 5
249127 5 9
1361120 15 81
562342 58 3
6275143 10 65
3898223 7 85
74779 3 22
108685 5 3
10057646 57 31
166088 13 15
7187 2 2
1682958 19 17
32146 1 21
1369649 3 80
243934 3 11
5501413 23 40
1585088 5 69
1594844 9 27
530233 3 32
3300684 9 100
1299862 10 29
108528 1 14
4501796 49 29
87016 2 31
186327 6 4
30094594 60 89
2071617 24 80
103094 7 6
27390 3 8
1811053 6 51
426907 18 45
2618983 17 95
2678017 20 62
1742752 8 33
105543 1 11
294828 1 53
1538284 5 113
7419 1 3
659956 111 1
1429446 4 48
28249616 74 69
16270015 33 62
2803033 22 31
76175 2 24
7011686 61 14
1774170 34 31
1576888 19 11
240530 2 18
3393451 11 43
1135258 50 8
5317802 18 51
2810166 5 67
722713 9 30
1351981 23 37
1360233 12 26
305193 6 20
35563772 42 103
547618 11 10
3126142 24 17
2905201 71 35
1754275 50 11
124680 8 5
241122 11 4
2978111 7 84
4364112 15 66
10219693 39 35
145711 1 27
1920376 29 8
729451 4 19
12409714 46 41
13005764 59 40
18210 2 1
229738 4 6
182400 6 4
3998739 24 22
8174 1 1
455198 4 96
62244 2 4
95095 19 4
4296193 17 48
5558970 8 77
2683456 41 8
222754 39 2
5855647 10 75
4149159 9 69
144163 1 47
114581 25 4
2610163 8 65
7418360 20 51
7114125 9 101
919878 4 51
6943675 25 48
186307 3 8
14003 17 1
486929 4 60
260286 2 20
10143582 41 63
443977 18 7
1932189 16 25
23010686 84 30
5640502 21 48
6424312 23 79
1516576 22 12
1901809 3 104
392726 6 7
5558362 7 90
10106721 21 90
69341 1 23
264696 3 53
7046469 34 23
37129 3 2
6908032 27 36
5143192 6 104
2016755 4 89
6844502 46 26
4518821 11 92
104510 23 2
1063900 4 44
1333534 46 8
77288 13 6
72767 8 1
723053 16 6
19966632 51 51
185912 6 6
548819 2 32
1579867 11 18
2302768 11 63
23379 2 4
79093 2 52
3695640 45 40
1258759 44 3
49433 4 7
407675 25 6
241058 1 72
75597 1 12
1340685 13 14
2288646 33 63
4688641 29 23
240288 4 7
3173884 6 78
20950408 31 86
239620 14 4
1288746 5 42
930220 37 7
153123 10 19
48012 2 20
4837353 6 114
38526388 36 124
62258 2 15
1224469 32 4
14266846 19 83
4847113 42 17
25080 4 1
80639 11 1
130957 2 13
9676139 14 81
1991203 13 65
865996 22 4
3931262 15 28
187965 4 37
4660987 5 112
1225184 122 7
11546 1 7
109255842 110 127
792938 8 26
2094695 21 20
43023 1 7
71152 8 3
634929 10 10
1029530 60 29
127667 1 21
5402 1 1
8141 1 1
4398984 45 57
1125244 19 24
60377 5 2
7915267 63 25
331449 3 16
6350541 16 50
16902194 88 32
58199 1 10
2996011 12 47
221327 1 93
7887985 32 27
490349 1 68
784912 7 21
122756 34 4
398892 3 86
187784 6 22
213639 6 6
1183959 28 6
10143590 11 104
939069 73 14
1480019 50 4
86382 2 53
4096490 17 36
86511 13 8
6310025 21 81
270319 1 54
210582 33 1
9084 1 6
6027308 28 37
188032 7 34
3367971 5 89
600234 11 7
4433094 9 104
759745 4 42
398936 7 67
60802 11 1
2474629 16 26
5250033 9 78
1843050 16 100
2090569 15 26
681474 11 8
336155 15 19
7985395 10 96
10242797 55 65
1357808 37 61
519233 76 2
1150949 2 69
1502870 62 18
2530296 45 7
1084492 22 9
5516275 10 68
1237610 26 26
1783645 3 63
5313938 32 60
2523516 7 63
1088377 29 60
31610 1 5
12364679 34 75
1691582 15 69
110131 1 15
589118 2 87
3719651 11 62
120334 2 8
11166988 24 54
343977 2 34
3022920 13 24
1510307 21 8
45111 2 4
1113602 48 16
3163245 29 71
2521757 9 48
5097281 10 53
3639056 110 23
1469743 2 123
28131 1 33
510843 19 17
69314 3 4
380104 3 30
12952519 62 48
27488079 55 62
3384024 19 33
164470 30 1
14561073 94 26
24372982 39 63
3915040 39 20
2380305 12 102
4272338 15 52
6064959 15 53
1146733 4 62
5870510 24 25
1333715 3 72
2397283 20 138
735080 4 20
305402 5 13
98594 14 1
253894 5 20
30949482 62 86
10251023 33 39
335215 7 25
393099 8 13
3057099 11 45
25810 2 9
1330111 38 7
6302909 70 15
3088286 9 42
3856465 5 102
1285291 2 71
236704 7 4
22405051 41 69
1706428 3 71
623414 3 32
259266 1 69
7876457 32 34
1941461 26 10
17972290 64 43
767439 7 12
10812 3 1
610530 2 142
352263 1 36
5025276 46 13
10795854 41 52
1562129 6 83
7685447 22 47
14778965 45 47
4917670 18 33
1176356 9 49
70631 1 88
426263 1 45
41432 1 8
1115468 16 10
5901115 56 96
1988289 67 4
693999 10 13
522457 5 29
90706 6 6
31907189 65 79
1633778 21 11
20825 5 5
19321248 29 68
10045797 20 110
4443014 9 77
25937 1 7
177546 3 24
1886815 3 75
5765752 53 76
1214364 19 25
661429 2 41
308314 2 23
47847 4 6
1082395 20 15
1552777 6 33
113261 1 59
26848165 61 69
66236 6 7
24720 11 1
38775 6 8
182890 1 29
5138567 49 30
1218468 54 31
427207 3 15
1620351 3 75
122831 2 16
201386 28 1
595179 1 82
239766 12 4
1118860 5 88
31011 8 2
1010786 22 8
1787676 14 51
80215 41 1
43196 2 22
1046136 69 20
167528 96 3
59102 1 74
499828 13 8
25302214 66 52
500291 9 24
3557917 4 116
6397916 14 47
4021699 14 30
723204 13 64
770321 105 3
7124795 23 60
691320 21 5
160038 1 18
738893 2 39
11918221 44 37
1412049 3 91
12131796 40 41
205881 24 1
416372 22 14
176668 1 35
276645 18 2
293143 12 12
615660 2 42
1984023 32 27
1061669 6 33
1865615 72 17
3636376 13 29
56913508 83 93
13092195 34 64
13282517 46 47
154731 5 6
4999737 13 59
47984 2 17
875709 12 50
13717 5 1
484178 13 5
149218 4 4
13471287 50 52
1100362 3 65
4797 1 1
154891 21 1
378367 76 2
508882 8 7
8503963 63 22
926479 13 58
121788 46 5
3093591 29 31
564468 1 102
54251 1 7
440491 5 116
762580 2 52
54950 8 2
3252096 34 15
12235780 88 18
1469747 4 50
6229166 24 30
14361595 37 46
6740886 53 109
493083 9 17
11251047 55 51
131804 2 8
516371 2 48
595091 7 28
61497 1 9
36476055 84 68
1521298 27 9
777724 1 86
1552741 8 38
350019 71 3
2550595 20 18
1945823 4 70
359458 5 13
366449 2 32
643926 2 52
3002983 12 30
1395756 4 39
275808 4 40
4567432 14 41
253632 30 3
696424 7 42
392521 6 52
839064 2 76
23734 1 3
3876776 4 110
328321 24 9
668046 15 8
2069220 12 19
1362923 7 36
585961 3 39
1558153 5 34
4194528 7 109
8500744 20 70
11462753 66 105
404183 1 45
632712 1 103
532442 16 58
1774874 48 64
29531 1 10
2706954 4 74
303853 1 55
355722 2 21
408623 3 55
6806959 110 54
620126 2 50
1239733 31 5
68886423 63 112
717429 10 8
861549 11 42
1294392 20 9
2142 3 1
2350432 4 95
118799 1 18
948404 16 19
215425 5 13
2859018 18 49
737731 3 32
26991 2 4
2807565 44 11
9445422 40 29
2082564 29 9
232192 4 7
73236 5 3
4731273 8 96
429388 15 5
84526 6 2
146081 12 9
196211 4 6
250429 41 1
174354 9 9
13609830 23 112
45355 1 5
7461 1 10
89882 6 3
12121160 24 52
14263855 82 21
104607 1 19
2991214 10 39
1960742 12 17
48499 3 15
3164415 7 68
21198285 49 73
146315 5 19
38107 4 1
7075269 72 16
2812838 33 25
16839 1 2
140633 2 9
431556 22 2
49030150 89 86
219709 10 44
1674364 7 36
701265 6 15
37223 1 7
323723 63 1
384593 8 7
1367658 5 49
164567 15 3
10815887 16 76
1987129 7 42
397452 2 26
417027 1 105
113263 10 2
101119 14 1
19738 1 9
3444087 17 30
171077 2 13
208254 1 37
1611315 3 95
1108383 17 8
2580202 9 52
7914141 14 82
10434746 11 126
509234 4 47
61062 2 8
37499188 50 116
73738 2 13
168691 6 5
24824 3 1
71793 3 21
53341 2 33
32529213 101 54
2532521 16 18
64652 1 54
3376926 4 116
851338 9 15
14823 1 2
2001015 25 12
122247 9 5
274298 6 6
542597 9 11
4899547 20 29
1870384 4 55
602117 8 61
1890169 8 25
4714329 12 78
1876331 16 13
3098419 80 13
760937 8 13
1903509 70 5
883626 12 40
6533188 8 95
2260948 9 29
13790507 31 46
1798944 2 92
8872 6 2
46072 14 2
3024677 18 25
18171572 64 57
77876 1 54
84927 1 9
169619 3 13
1313017 4 52
1607916 17 122
128535 1 109
1466386 23 11
429947 15 4
2954340 26 12
7508302 21 59
2157268 6 61
1925561 10 38
15627 2 5
5248097 22 27
1124240 12 15
308130 21 7
444962 3 20
7778237 22 116
25404 45 1
2598321 3 99
1359447 30 15
2231482 5 80
2228991 32 10
1156795 47 7
157783 8 11
7617463 28 35
10223660 28 68
38663 2 8
2501402 7 89
20853902 36 72
114546 26 6
63736 1 9
989252 11 16
434681 4 28
4891197 21 45
39556 60 1
26095638 84 36
239162 6 18
7217277 43 84
9977086 41 109
1830826 29 16
1045330 9 23
84773 1 15
5248419 18 45
49724827 50 137
12884 5 1
9770234 54 35
1001078 4 49
1244878 3 70
1139694 53 18
337985 28 13
1625590 5 65
548541 1 66
118444 6 10
225209 2 18
324223 7 84
24171 1 9
187054 2 17
134373 39 1
1032426 7 32
24916101 64 47
1220782 3 64
15978305 27 72
1986928 23 36
3623744 16 71
11830010 34 39
27447 1 4
143853 1 54
1330979 12 21
2302 1 2
2832208 12 40
21854 1 17
4418825 83 15
78940 18 7
187007 2 14
12081209 28 62
2034645 19 12
20691723 49 79
384907 10 9
421879 14 16
863027 2 44
9486754 25 114
1394998 8 22
3073909 7 77
1765691 3 69
1304606 3 72
123611 6 3
392775 1 118
7227284 56 19
803829 37 24
12144013 17 73
1353234 23 25
365519 4 16
1370885 8 38
4536579 4 145
1052202 25 13
3454068 21 24
27352634 52 78
2109588 6 50
1926731 14 51
10656508 29 83
575261 19 13
414071 3 28
1292765 31 62
214856 4 18
996446 4 49
4145375 79 8
295815 10 46
3023342 16 22
2187770 10 22
449550 11 7
8019273 28 34
3677623 17 43
1049766 16 12
127279 3 5
2806850 41 51
70014 5 2
950381 11 14
162963 1 19
1697295 7 37
104482 2 12
2332302 19 37
33720 6 1
6089260 17 69
661805 5 47
1272384 35 6
241393 1 51
984898 5 34
43345 19 1
229886 2 18
931516 42 3
474885 10 24
217999 9 5
396724 8 68
100711 3 58
427334 3 34
9672897 51 45
4864436 57 12
784100 9 68
573950 29 9
1650466 42 9
248633 1 57
776024 17 15
591080 3 90
567160 2 51
3348093 14 31
30570279 94 52
2815997 6 95
11055399 44 112
5323 2 3
5905547 38 26
6431 2 4
1062407 5 62
2463246 40 8
80716 1 27
3718859 18 39
9384955 44 35
615581 4 16
2701107 7 47
1755079 14 66
1108053 2 61
7429721 60 69
723500 115 5
74038 2 6
9571469 45 86
26486235 64 66
1955581 4 58
604451 45 2
122643 2 8
214187 1 38
614821 16 10
710723 11 17
3436527 12 34
34759 1 5
757541 23 6
199287 4 12
2981266 58 28
1679813 8 34
609900 5 56
115615 4 4
3686753 14 95
26822 1 40
138071 1 14
6010035 81 14
355423 9 4
3646429 7 65
748410 8 37
2405707 11 25
143511 51 1
102659 1 17
42332086 40 112
101201 9 4
496196 8 10
17358519 63 65
7765 2 3
896515 18 61
1355354 20 71
189501 3 84
44541 2 3
3786152 10 53
841946 3 29
485136 20 47
21244 1 3
7343 6 1
869991 3 47
3490588 43 9
90553 1 102
3077142 45 18
1290424 7 34
367762 3 28
51561 2 8
1023255 5 35
7550150 107 12
121758 1 20
29566036 62 66
36568 3 11
662958 6 12
1437246 3 76
4604350 34 16
234516 1 71
2218461 53 5
1031286 6 25
136996 1 37
2795097 39 52
397527 4 19
1473673 4 62
2679219 17 66
3351794 36 14
1198749 19 39
14147317 59 41
36910 5 1
7076211 16 70
327548 5 12
27546863 30 95
96492 1 10
1906001 16 21
2459962 8 49
641649 3 26
5695317 41 20
2976297 16 42
862907 2 67
425488 1 82
994114 13 21
16214319 85 76
30707365 108 49
618684 2 37
892314 4 74
11939495 16 78
177401 3 7
14566447 53 39
1396793 38 10
87306 1 90
1653824 7 33
1615062 12 19
197322 5 74
260374 6 7
2961363 5 67
59915 2 60
381600 3 20
301907 9 13
28736906 25 137
5637633 9 91
6928722 25 52
1667564 3 60
206112 2 11
10509278 49 44
700267 3 53
35222784 48 83
200334 9 10
707920 7 20
99305 2 42
237632 3 14
3695399 13 54
178511 1 20
177266 1 24
856801 9 24
157431 20 3
3669262 7 77
1121130 5 48
1379460 12 13
630591 7 33
2552927 8 112
52651 7 7
1031760 7 72
78811 9 1
904009 4 37
786828 6 94
12341483 67 58
7306 2 5
286661 3 109
3428890 55 12
16097 1 20
285543 1 97
16436 1 2
3273392 6 65
193396 64 5
8319 3 1
11724611 44 33
156361 5 26
4370 4 1
932534 6 95
2540501 5 58
923009 5 22
9037117 44 34
67358 7 4
1109919 8 16
49270 12 4
451107 8 84
2097209 4 64
22532249 46 58
9676 3 2
844313 9 11
654474 10 12
7585203 39 23
390633 9 41
1167283 4 33
119957 15 1
164199 2 100
1494981 21 17
12638046 71 26
6910708 29 36
9484256 17 101
236270 19 2
1217255 10 14
532142 57 6
3160276 7 74
1168215 21 16
2446469 25 12
1953533 69 3
5949198 7 99
2582490 8 134
1406643 13 54
614127 33 10
1013568 9 12
630615 16 6
118469 2 7
844349 3 54
2172114 28 15
600198 25 39
6322 2 3
399320 22 2
3072062 11 86
473533 30 2
360189 1 75
2577431 96 16
624944 7 16
9249458 47 37
53509 2 5
128725 3 15
157334 1 18
80803 8 3
4032518 61 29
3623016 16 34
771624 14 22
634485 1 72
3468872 40 18
3924621 13 47
126608 11 5
2339486 5 58
6668133 40 24
154476 3 27
10255057 91 22
2821604 14 38
49080 2 4
19958902 25 85
1918847 30 51
6316568 9 112
6817 1 1
1622201 7 25
5382936 10 69
389329 8 14
4213489 59 8
1043015 8 17
551988 1 96
2963917 8 56
102988 1 35
116069 1 12
849371 24 6
765984 4 37
225893 1 44
9280601 15 95
2619552 8 58
914586 3 33
992280 11 33
107851 1 11
2187040 18 25
153459 12 3
2007027 88 18
321362 1 55
32301 59 1
2357867 45 25
3229633 71 74
1254126 12 37
3953069 45 28
126347 8 9
100995 5 6
43248 14 1
4658185 98 5
935251 1 134
5971784 103 47
4232004 28 107
4354186 46 13
545628 1 81
264623 5 20
181077 21 1
9495 1 4
1567769 20 9
6953972 61 13
1217204 4 65
1196309 9 28
254562 24 7
10783161 51 29
541 1 1
344347 8 12
296647 46 1
8370135 27 46
554307 5 17
7862601 28 90
1276742 10 30
329711 1 34
18337819 73 35
221204 3 55
2710104 6 86
1093440 3 49
3138579 14 45
228224 1 26
2371318 7 56
52233 2 19
1593310 20 36
52022 2 5
27582508 45 122
4112467 9 50
70675 2 5
2027850 44 5
29844 2 11
1349610 8 19
538647 9 9
297953 1 55
2043398 9 32
16101838 21 127
1235181 11 15
158782 16 1
2832765 35 59
611681 9 8
144931 12 18
1421837 7 36
1944509 12 46
4930549 12 47
3399975 20 23
650863 42 3
219758 2 14
944869 15 10
586106 55 16
71967 1 35
431942 1 61
45096 1 5
559882 12 50
1574510 8 39
104963 4 38
533981 7 14
18485164 77 35
519941 2 98
1736 3 1
4006918 41 87
3164579 81 7
29270 1 6
266666 4 25
106548 7 2
259780 13 4
64519 26 3
547674 8 10
7296467 17 59
193179 35 1
2854038 10 29
27471418 131 60
43563 1 13
931455 1 101
5262014 11 68
33402710 95 44
236800 40 2
64230 1 9
8375 1 7
363589 1 54
1763196 20 111
5644184 17 45
124463 2 34
1768881 13 44
223868 2 20
1711730 35 57
37610 4 1
8367191 20 84
3048820 41 11
2348148 51 71
838751 4 75
2353775 62 4
2518695 6 66
117315 2 12
2061747 26 10
8859810 61 29
16075689 26 94
2588628 15 31
1529805 42 12
599368 16 54
14122264 79 30
3478235 10 97
11319703 21 77
125658 23 1
762025 5 19
1171 1 2
1450261 4 89
2281093 10 132
4819414 16 40
1557054 8 27
132560 6 4
304606 20 4
391946 9 6
4107895 30 80
401429 3 26
2754167 6 71
1816463 22 21
317550 5 11
174161 14 20
3352529 8 119
874288 2 45
658846 3 57
1646220 44 4
1781040 27 8
21312 12 2
5150959 37 22
2348957 16 16
387525 7 19
64905974 72 104
8329209 17 53
20804752 56 49
10192211 39 33
507718 34 9
1051464 9 85
3368400 54 11
1113519 25 34
920963 4 33
1400581 4 44
295323 10 21
2676774 3 119
306097 1 56
1649834 29 68
367892 2 53
989922 9 43
1453060 37 52
524471 22 4
2594876 3 101
3130055 11 75
419157 61 5
7447038 14 72
75194 2 17
584478 1 95
34006 7 2
10032 1 2
488086 2 49
152018 2 40
397037 8 8
297634 15 3
62742 1 9
3889282 30 21
8333943 48 36
1073885 2 106
28780170 57 81
17465549 17 110
1365298 2 114
14528 1 2
768991 9 50
986958 2 86
5384571 56 88
9253783 69 43
1550582 9 67
3271 1 1
3699577 43 34
90336 5 3
52562 4 2
1274652 7 44
105157 6 20
717186 23 6
1272383 4 58
48413251 52 111
678769 36 13
179682 1 62
623469 6 54
81103 5 23
8135304 10 104
293094 3 14
2609926 92 7
6396692 9 89
52116 8 1
229088 7 37
296661 18 26
2427512 4 64
2962728 9 85
767989 13 20
50142 7 1
128692 8 2
485567 4 29
810996 3 52
161096 52 2
80575 8 2
5378177 12 68
4379156 8 131
12888371 44 58
525401 2 47
78139 4 9
4610886 13 93
230507 1 30
922265 23 6
86470 33 1
1826570 7 38
691800 3 31
6587731 27 56
54590 1 8
1805595 5 100
2011313 117 8
3273644 28 12
2106520 52 12
2379210 17 25
351148 1 91
11754734 30 61
1554635 29 95
37735 1 7
83988 1 109
353851 2 27
76677 12 2
213601 4 6
24325294 44 56
1470468 12 13
7591536 90 14
46076 8 3
41237444 66 99
355993 3 93
4580 9 1
17789265 51 78
2059404 24 11
4011250 71 19
26445 1 7
3665531 62 6
784787 24 48
265849 5 6
60676 3 14
8895420 21 52
1795929 10 27
3820903 23 30
2215644 21 69
731403 44 20
3700114 22 28
29646476 37 129
15613 1 2
416375 2 97
179334 1 22
22743633 72 97
323277 7 6
168773 1 23
3179036 4 123
4086831 48 15
1541966 15 22
119000 4 4
814043 19 76
104848 6 2
2765618 26 27
2416941 45 8
3541383 23 25
352029 1 89
7600780 11 100
556101 10 10
5152100 74 105
478977 3 60
753584 1 123
5809892 26 33
5216754 12 85
810141 11 19
142853 8 6
813176 2 60
1354733 12 21
229126 5 9
3962831 6 70
458077 1 57
1281557 4 49
2037327 5 46
5599085 24 32
22483057 105 66
2688903 72 6
53459253 101 77
685131 2 64
1474571 27 9
3961601 29 14
446882 1 131
818342 88 8
11263 1 4
2519651 8 34
821481 21 10
286419 17 3
8644813 12 118
6853407 51 25
117687 2 12
3167305 34 15
2461285 61 42
4666188 20 35
1785369 11 27
633375 4 26
1889922 14 25
1618682 12 88
1774895 11 20
139492 11 5
493432 11 41
3771698 22 34
508669 56 2
12046577 34 70
4338 2 3
1729791 10 33
740741 2 43
68210698 82 128
257307 4 28
10572883 40 58
243611 3 9
1383897 4 68
1711135 19 17
11846496 29 49
34594 1 5
670297 6 63
5373 5 2
25702850 20 142
59603 33 2
26026 1 3
191109 2 27
1075442 3 45
4933425 9 92
7610676 11 82
577453 2 58
316659 23 3
5509313 34 26
7127 1 11
237810 9 12
1309303 17 31
6497803 21 43
313704 8 6
232841 2 18
28930137 34 124
1567375 4 53
2690009 6 86
1120658 34 5
8839564 19 49
36384 47 1
2471370 18 17
3207605 17 89
380881 6 12
704848 5 16
37314237 63 76
1468966 54 11
840629 5 20
3837425 23 47
8859278 19 51
631573 3 55
895731 8 20
609005 16 13
1536085 20 66
376154 7 6
733975 1 93
33407 1 6
2229630 12 26
1326159 33 55
33345128 31 113
422661 1 43
7967149 24 43
3038367 39 10
6369 1 5
969409 3 61
950305 18 23
1847274 57 13
1978537 21 38
8978177 60 21
5423330 20 49
4592182 34 28
327225 39 1
3554204 7 93
176094 6 16
581131 2 39
2241017 31 16
1884896 9 34
9700855 24 52
578882 4 24
212541 15 2
8105849 46 120
102124 2 6
425902 2 40
9135673 17 55
3335074 10 76
1791093 27 111
1799573 34 6
2839293 20 28
1370116 19 49
26614683 56 48
38990 2 3
278903 1 39
1713320 9 21
194571 37 8
3277637 20 47
60302 1 63
125515 2 89
2100261 4 141
5051089 18 42
5692901 14 41
665858 71 3
3451282 4 105
556580 6 122
5487471 15 62
2091022 8 40
6666357 17 70
455754 3 16
480485 11 5
865914 6 24
402088 20 3
1693544 14 20
699333 2 70
2503384 27 13
316254 1 53
2834701 4 79
12954 7 1
243824 33 12
334001 45 13
4681841 15 53
1710127 7 41
1294130 5 51
1642441 3 109
323344 2 42
1237824 15 32
1046975 19 8
120131 1 18
1492452 2 107
1191007 27 20
1063360 3 48
699110 9 22
40007888 50 142
676012 10 43
498197 1 56
3122699 32 10
311728 3 16
8437882 94 50
1462908 13 34
2804119 6 61
310164 22 3
1568562 6 75
45684560 97 70
66708 1 31
4235 2 1
542975 10 32
3876827 37 135
1060851 18 15
54589 2 52
26850683 49 67
234179 28 3
4054709 6 89
565775 1 58
54652 7 1
19154974 34 86
455766 69 9
586250 18 18
160061 4 37
1016546 6 30
45576925 94 54
1987414 94 3
7616762 44 20
467243 6 74
23804 4 2
90752 1 14
281468 1 49
663196 4 74
619488 16 5
583194 11 6
2338400 43 6
178714 3 69
1982327 2 118
305584 1 49
6297459 7 129
24590805 40 100
1684190 8 39
839414 2 55
1978664 71 7
11463560 81 15
8824069 79 93
145163 1 20
428087 32 2
149030 13 11
103589 1 20
19159 1 15
327750 8 7
1673053 2 85
3405129 68 7
46777383 61 84
882114 4 28
82717 2 40
2346776 16 24
2159369 3 79
250871 1 50
44218 18 1
134799 1 20
3759560 71 11
168217 1 44
20382011 56 55
289543 9 29
682012 78 5
3086127 103 6
107496 5 3
287557 1 39
175693 2 16
1332223 7 23
121776 28 6
41685 3 2
771041 3 58
511229 16 53
395626 25 2
1641605 12 102
1886589 10 78
14552251 14 111
1960447 32 9
888546 23 6
4963502 41 18
67340 2 9
1421217 7 36
975080 3 128
52701801 73 78
1316305 48 11
3777329 23 54
6566170 31 22
400601 1 67
47879619 82 78
77924 1 25
208163 8 12
166177 18 1
74208 1 55
17822 2 13
412892 13 7
5234031 13 48
16700774 35 55
8245325 23 59
844153 9 13
348376 9 17
33699 1 52
486799 1 51
412565 2 33
70558 2 4
386772 3 38
120720 4 29
7182029 8 103
250552 33 3
35255 4 1
392968 3 40
69739 4 3
10784917 28 58
13613430 13 112
3471050 5 125
221589 19 15
83997 12 1
2290570 4 101
4484904 21 32
212154 2 17
420467 11 65
15705 1 24
1445531 7 31
500958 36 4
15631021 43 41
341826 18 6
745496 74 2
489522 2 30
497935 17 23
365908 54 1
20083725 50 73
241985 14 16
2239697 31 11
4599816 83 44
572836 4 77
271472 7 27
210961 2 81
361831 2 53
35800 1 4
1514944 2 95
4154136 69 26
280693 15 2
2931230 23 15
1417907 9 19
1834913 14 15
24707556 62 76
81460 1 65
187890 8 4
496021 22 5
7669654 12 84
1415915 17 14
1094104 25 5
4618044 8 71
10998 1 2
425831 9 7
159189 10 2
240925 1 30
274344 1 40
4981048 5 120
1891953 7 41
111447 5 33
12027 4 4
1392646 11 38
3509056 4 94
1440725 15 33
649307 7 10
2723754 33 14
1171020 6 35
2125857 22 12
510655 13 29
1714613 3 68
55346 1 19
691213 12 95
15826718 24 90
5012611 19 42
614554 3 65
1457296 4 57
1308258 9 16
596714 17 28
866604 48 8
390504 3 61
1328000 5 50
1059888 85 2
295840 1 47
2553586 6 48
2519860 12 29
5504620 42 17
15192 2 1
15064044 15 136
383141 13 3
11017560 31 99
6725115 38 22
953377 37 5
73552 8 1
158650 10 23
2880901 11 111
2568169 5 84
1396690 13 12
145795 4 39
8523332 39 23
1015501 18 60
22446630 60 74
90842 2 8
5987303 17 43
5795294 33 24
271739 7 7
2370174 6 42
20840 3 1
681740 1 88
151607 7 4
24462574 83 40
1223271 5 44
1100690 10 49
8393038 33 29
712699 8 57
631006 25 5
165705 8 11
1540078 29 26
497130 11 15
268654 2 21
305777 1 31
20458114 93 36
47953 8 1
724837 45 8
14344654 33 69
1346560 22 9
1675286 8 26
38885 9 1
1324595 27 8
65754 78 1
692960 7 17
14326502 41 54
608541 1 117
3216843 6 64
173649 4 8
3519528 9 54
13316469 83 17
6698865 12 89
499324 1 84
40618 18 2
12688152 20 68
17941879 25 85
12771267 70 43
44239000 70 67
463480 7 11
3250037 4 84
221540 1 38
225088 1 89
2454036 7 54
121478 1 19
5364 4 1
25841655 35 83
613919 3 21
2540755 8 41
3391467 5 134
22140 4 1
202086 2 12
28003783 67 72
21384352 47 51
1828616 24 16
31856281 53 75
7462577 44 20
13110804 60 42
1908456 2 122
237508 3 10
204174 7 54
2417051 51 9
1383264 2 80
14702693 22 129
273662 10 15
575076 13 9
3131968 20 108
1141825 32 4
2268566 2 131
28944 2 10
1702229 42 6
3738359 36 16
129946 3 36
41350 4 2
4209735 21 21
52851 1 9
611952 3 77
257792 7 11
3583384 47 39
64652 3 5
3356141 70 6
1545441 21 19
599205 17 5
7180982 63 22
1138698 5 36
1382379 6 50
2625734 6 65
1125876 7 41
4981553 28 21
562201 1 66
31162 4 1
578662 2 95
5226143 9 72
8642178 37 44
31802317 35 103
668621 16 38
251182 8 8
2405723 6 61
8444382 38 25
21004603 24 99
1417249 17 11
2312063 19 24
2076099 5 47
35652975 32 127
3325467 62 6
1264372 4 39
369431 3 14
1578136 6 39
4102268 9 75
1768063 9 53
85225 12 2
1631331 30 7
2393909 4 76
111155 1 30
451569 28 2
14876072 34 79
1531394 25 9
5621847 12 77
422243 20 7
6741716 44 28
856618 5 28
888546 49 15
3766304 32 58
31941012 103 51
431012 56 9
3739823 11 64
124134 1 116
20474 1 37
1794871 23 33
496657 9 9
191361 18 2
3456378 8 62
59634 1 48
1923440 12 23
1386874 10 50
52279 3 5
4886606 24 29
1994275 62 6
3017116 14 128
