36 581 2377
52 79 10 73 39 70 65 43 76 81 32 54 45 45 28 56 34 35 38 16 56 78 56 39 19 4 57 11 8 31 69 53 69 73 49 58
475218 7 48
140593 4 21
6733 3 1
281348 5 27
14745 7 10
103948 6 9
21841 3 26
560211 5 71
5291 1 3
711 1 3
9948 1 15
2894 2 1
34177 1 25
187269 14 8
442896 9 22
252252 7 43
401946 13 19
1243415 23 37
201123 6 55
4757 1 34
1009248 17 26
112385 4 12
2811 1 2
28360 8 15
21996 1 22
12516 1 7
276481 4 48
192404 13 7
41389 6 4
289868 7 26
4437 5 4
10430 1 6
35613 4 19
96706 8 13
30713 2 41
26836 3 6
621630 8 41
48356 17 2
71146 3 11
287104 2 74
41074 5 12
186628 9 34
220582 10 16
1004279 15 53
17728 1 9
149266 7 9
246455 13 59
17297 1 34
122148 3 31
36059 1 18
77291 13 30
172984 2 73
504691 6 62
17028 1 14
3836 4 8
43469 1 26
50670 6 14
32037 1 60
54596 1 30
307468 4 41
375530 4 55
169778 8 11
79335 4 17
20706 2 7
87749 4 13
198959 12 9
9031 1 36
35418 2 14
11365 1 5
1716 1 1
27007 1 12
19755 2 35
69855 3 10
173336 7 69
5011 1 18
2061 3 3
66766 7 62
49451 5 18
27188 1 58
781 6 1
24107 1 12
410926 11 25
9992 2 3
228666 24 8
193699 2 44
54723 4 6
201154 4 26
3357 4 2
174170 5 19
1097 7 1
1880 2 1
2181 1 11
180574 3 28
10063 1 27
8715 1 6
65608 1 45
72573 6 44
209386 3 48
255406 3 66
328799 3 52
21571 1 47
2077 1 11
186603 5 30
6690 1 4
30679 1 19
156838 9 11
40335 1 47
4580 3 3
19543 1 11
100187 27 9
39396 7 32
59451 14 4
55221 1 36
65154 3 12
3821 1 4
226532 4 29
23272 2 47
1107513 8 65
6237 3 4
14448 19 5
2221 4 1
95156 2 46
53720 4 7
260438 5 69
176587 4 26
239762 5 36
11492 5 15
56773 9 5
83402 8 19
11165 2 3
66202 11 13
202540 3 31
45438 3 7
10037 2 4
3651 3 1
185119 2 42
120414 3 17
72147 2 23
1866 1 5
3127 1 11
8663 5 1
33368 2 9
1068 4 1
18209 2 6
459380 5 51
7948 1 6
149870 5 22
4154 2 13
130047 5 12
92354 2 49
90953 5 8
11894 1 7
9785 3 7
7920 1 4
15996 6 2
20056 1 9
206077 3 33
333297 8 19
37018 1 60
154869 15 12
60419 6 6
55868 2 33
143910 2 73
66729 8 4
23339 4 5
26224 1 19
45435 2 32
19116 3 5
122408 9 36
11870 1 45
27489 1 20
50800 8 3
77401 7 17
4866 1 8
58084 2 24
745614 8 50
6212 1 11
25542 1 21
369 2 1
193306 13 12
193773 3 51
839 1 3
39313 2 15
22556 4 6
133212 3 43
10373 2 4
114093 2 37
91672 1 45
443322 10 20
13014 4 5
122165 8 34
46488 3 73
41353 1 18
71207 1 46
72377 9 21
178341 10 17
2056 2 3
136389 1 59
8291 2 2
67636 2 17
1108062 15 61
1008 1 2
12711 3 2
1003678 15 44
25540 6 2
41522 3 10
39312 14 18
4468 1 20
9185 2 2
19196 2 40
64098 1 40
26536 1 22
952 1 1
43609 1 20
73021 1 65
78608 2 25
68882 7 5
75574 4 16
2931 2 2
144104 4 50
8114 6 1
17942 1 8
31538 1 25
9338 2 13
31906 3 8
2714 2 7
788615 21 37
43823 1 23
142392 6 18
59151 1 40
16167 1 11
26002 1 21
307440 8 20
33339 3 43
1084164 19 27
121933 2 39
1346321 15 57
99992 22 3
93215 3 23
6376 3 16
30270 2 39
30620 2 7
442901 9 22
71161 1 38
426006 4 52
180629 18 8
54701 4 36
154603 8 36
145150 3 31
179429 6 14
19454 1 14
23861 5 4
20678 1 15
10485 4 2
547 1 2
22503 15 1
24108 2 19
13317 2 25
128356 6 52
89927 15 3
325606 18 12
72343 12 3
80059 2 74
12670 2 4
1242389 11 56
478275 3 74
15600 1 8
108782 6 15
2373648 22 57
3397 1 12
6455 6 3
7936 1 7
34834 2 12
25362 2 15
73954 2 23
60891 4 30
5877 4 12
26124 27 1
5397 1 38
48288 4 6
29112 1 23
460882 5 50
48518 3 7
103683 5 24
16755 1 17
162222 22 5
2034 2 4
132441 3 23
579777 8 35
95488 3 14
11578 1 9
538657 4 60
1976 1 10
7969 1 17
69955 2 20
555825 18 24
70633 2 29
1151 1 2
150220 10 25
14500 6 2
42114 6 20
89075 3 14
89057 3 18
10987 1 7
4051 9 2
13686 1 11
95225 2 22
440435 5 53
119836 2 42
76487 4 37
624349 13 28
42441 6 3
34437 2 9
6201 4 3
9354 2 6
658098 13 31
108601 2 24
72576 7 9
35029 1 18
11918 1 7
41636 5 11
37144 4 16
11047 1 40
16029 1 41
3299 1 2
52610 1 39
8337 1 6
131616 18 6
17129 1 12
71656 1 36
67814 4 8
654411 14 33
5779 10 1
82938 7 5
819804 8 46
1030370 32 16
5943 1 25
9552 2 6
112380 2 30
30715 3 14
112141 3 30
84210 16 9
94723 2 34
29725 1 22
40707 4 15
60925 1 41
70100 1 53
234318 16 16
49931 2 46
678926 9 45
567296 17 18
216861 11 10
347761 4 55
72266 2 21
285436 21 13
152837 12 36
423781 17 13
4397 1 12
9995 2 8
19315 12 1
4817 3 8
48276 12 4
3547 1 14
30169 2 30
43800 3 10
48602 1 30
19914 1 13
3846 3 4
3219 1 2
4066 1 2
20357 1 19
149899 8 16
142166 4 15
669746 12 28
976848 32 14
211731 6 25
2736 2 1
134145 13 6
129493 5 16
56596 2 67
17339 1 14
151938 3 41
81929 3 12
150659 5 19
49906 8 4
5277 1 4
157353 3 37
51370 2 21
686588 5 72
20500 5 7
63828 1 35
21276 4 22
122577 6 13
58962 4 9
142473 16 8
42023 11 3
6209 1 5
348678 6 41
153348 14 7
536526 16 21
53465 5 7
6223 8 2
130074 2 29
281708 13 10
19539 1 10
679928 9 34
13892 2 14
1135506 16 51
277782 11 14
337604 4 70
66365 1 32
96399 4 15
323604 15 12
31466 1 69
118583 16 11
45917 1 50
83971 1 65
3672 1 2
4256 1 5
275945 3 44
131493 5 14
64497 2 15
5636 1 3
640790 4 74
4805 1 9
204373 8 22
181793 3 59
29645 1 34
542599 7 47
23214 1 14
16682 1 11
63182 3 24
1996 1 6
32558 7 2
16492 3 4
16336 1 8
22532 2 9
19698 3 5
19359 1 13
347277 15 17
21712 3 5
10484 1 15
260688 9 43
161959 5 27
8372 6 1
726317 8 54
101460 3 27
181285 6 15
7789 1 5
114622 5 17
77434 6 20
15450 2 15
981624 16 57
84657 2 32
165806 13 35
77691 9 7
666557 28 15
463041 7 32
48092 8 3
352922 4 59
123704 7 14
96799 2 34
205004 4 40
89392 2 40
60010 4 12
51321 2 20
33068 1 25
10122 7 1
290697 9 26
14290 3 3
15851 2 5
133543 12 6
19263 3 18
30998 1 25
2568 1 3
134346 1 64
42576 3 12
39678 6 19
22011 2 7
197852 2 48
23290 9 2
267517 5 67
167952 3 27
9307 2 9
52859 14 5
76438 3 18
47620 2 16
153235 7 11
43252 1 26
18821 2 63
34038 6 25
418492 3 71
64307 1 53
84490 4 48
49021 1 21
9454 5 10
2124834 17 53
48674 21 18
218662 9 24
3915 1 3
4299 1 5
65675 9 25
27795 3 5
30592 4 11
18060 2 6
53984 1 41
5653 8 1
27586 1 15
7347 1 9
39757 15 2
259663 3 40
88995 6 14
352850 6 28
114164 8 7
95592 4 15
37518 8 7
291886 19 14
11162 1 6
514217 6 55
198020 7 12
11589 1 5
61393 3 12
67630 5 50
60024 1 29
13409 2 33
21020 3 3
172826 7 27
18423 1 13
929 1 6
39567 4 6
7210 1 4
1616576 15 47
192946 3 53
18063 5 2
23237 1 14
2037 1 1
97534 2 26
2906 1 20
64430 2 15
18196 2 66
61312 4 10
52773 1 38
208662 3 48
43334 11 3
109099 11 29
34099 4 9
57882 2 17
458516 18 20
922033 20 31
1067 1 1
82085 16 4
67342 2 20
59267 11 32
21797 1 38
48377 2 11
7043 4 1
55023 8 5
330196 17 17
108835 3 42
7822 1 4
168683 5 15
98351 7 6
6565 4 1
22282 11 1
334845 5 49
6151 3 1
416287 4 50
30220 25 1
46530 3 7
95991 9 28
3405 5 3
115769 4 17
167823 3 41
2112990 20 46
487483 13 30
84916 2 28
443489 9 38
35410 1 17
35222 1 22
23827 1 11
5751 1 8
