150 3315 281
51 130 111 34 101 73 114 38 43 122 91 130 9 16 109 54 91 85 88 57 115 145 9 65 137 48 49 65 86 68 76 125 123 35 22 10 76 44 33 121 25 70 33 107 49 122 136 66 147 13 15 18 140 49 36 99 23 130 28 116 148 130 86 81 88 93 144 149 54 66 132 35 31 108 80 52 126 5 121 84 89 15 112 127 24 73 38 38 129 34 88 107 27 102 10 84 122 116 37 1 108 78 118 142 136 115 33 11 15 8 118 41 119 140 143 80 145 42 70 93 32 90 110 39 96 130 78 31 72 53 78 49 24 112 55 32 17 90 3 76 5 110 4 135 131 147 66 72 68 106
9167 6 10
120812 15 44
8200 34 1
3301 11 2
432 1 3
5319 10 6
4942 8 23
21303 14 87
2270 6 24
355834 17 108
70833 42 17
28927 30 18
134484 16 56
150920 17 46
284101 26 62
341233 13 107
261639 52 25
180275 10 79
30276 11 22
581 8 5
56133 8 101
44158 97 2
1000 4 1
132402 53 9
296 4 4
3617 8 13
7677 2 16
107443 13 32
12678 20 3
24489 18 9
115104 14 45
14258 15 19
15724 18 58
5036 1 38
344856 16 115
17264 4 68
776 3 1
9096 3 90
6806 6 5
3018 2 27
9268 2 24
5328 3 34
1886 6 8
491490 40 72
11308 1 52
65234 42 7
173637 88 9
6258 4 77
3898 1 46
5322 2 35
27535 11 17
8832 2 16
9456 29 8
731 6 1
505092 28 81
6365 9 29
163658 19 99
23174 12 7
55250 25 10
94815 63 13
43044 11 48
59397 67 29
91759 11 58
413532 17 94
66699 24 43
1795 1 9
2174 1 9
730927 24 121
3288 4 4
40804 33 19
7755 4 13
17743 5 23
4315 6 4
6686 9 14
56916 20 47
3498 2 11
7378 17 2
3997 6 3
118502 11 74
24287 49 3
274052 44 74
104319 27 18
16419 3 21
31769 17 7
21633 11 23
152762 43 32
239720 77 24
24317 3 37
168222 13 106
3113 1 82
94542 8 69
846 7 7
138637 8 71
18717 23 5
27749 23 60
86499 18 23
157877 30 24
63457 15 40
693 2 8
5952 15 8
20513 17 23
53752 18 21
321761 46 30
45061 19 15
7083 15 3
383296 17 92
27662 9 30
16621 26 11
5992 1 24
43607 3 71
8616 30 2
2101 2 11
5530 1 95
237853 33 52
130331 16 75
177503 110 7
1526 1 8
38281 5 38
16512 29 3
2268 5 5
677 4 7
3253 1 16
37778 11 24
3591 4 10
1514 1 18
73159 13 28
59193 8 95
169424 72 12
23943 29 10
54450 9 38
349799 46 42
5007 14 5
58614 13 24
13041 3 24
2110 1 10
493009 58 47
1132 11 7
1098817 72 87
22948 2 81
3600 2 21
31691 21 76
58434 18 22
7275 1 50
13444 3 29
49068 9 29
209 4 1
657401 45 73
218253 19 44
22941 6 20
205695 14 56
43315 84 36
652 15 1
36083 6 28
172262 37 31
52985 28 12
191725 33 34
22425 4 32
6834 1 61
115898 11 39
110630 78 29
766 1 16
440 1 2
28078 8 98
75906 10 48
364 7 1
35035 13 32
1857 5 26
17193 1 63
52095 10 142
559335 26 132
1988 2 49
278063 17 62
201909 27 49
58137 38 58
12838 10 5
143790 50 52
40720 11 85
672609 41 100
1256 5 15
66653 17 25
21958 37 5
33218 23 21
18228 32 9
10230 2 27
213 1 1
4506 2 18
3260 2 11
2185 1 83
130071 14 45
26780 3 51
1594 4 22
18199 7 13
1851 39 1
2934 12 1
153666 94 72
5244 1 25
2743314 91 110
354973 88 22
5085 3 37
127481 32 57
189774 35 26
250 1 13
1081 1 6
342892 32 107
122461 109 10
7391 3 81
478335 85 26
6652 11 9
4557 41 1
124835 19 29
1571 1 9
217243 10 83
16016 5 35
3298 17 6
230866 96 39
531199 31 81
52608 4 51
516918 37 88
31206 17 18
52002 19 17
8333 2 26
163350 11 86
54377 4 72
209758 26 54
7891 25 9
12885 5 20
66752 37 11
57156 5 63
9810 8 12
15272 2 61
356851 23 78
5063 38 9
51159 9 50
3098 1 24
392214 22 78
231 3 2
280550 66 82
12457 13 39
31545 22 21
4140 2 10
5877 47 3
20648 7 82
210896 27 49
1654 26 2
47787 42 8
667 1 3
44162 6 27
417993 72 76
218518 12 89
112218 10 46
67852 20 23
13178 6 36
66910 21 16
68681 18 26
285341 33 71
14143 108 5
489 4 7
534110 104 31
154728 18 48
39839 6 46
1520238 52 134
80017 20 17
409420 45 53
37801 6 37
16332 2 35
172 1 1
52466 61 25
48815 5 73
4843 1 19
324876 79 29
119127 18 35
5156 3 11
24404 4 22
3934 2 9
166825 22 38
80803 22 14
16400 1 61
140865 87 9
17300 38 4
31161 2 81
30551 12 10
10813 50 1
3362 2 13
202178 75 31
25290 14 7
102295 7 72
333522 75 25
69675 4 103
185030 6 138
83279 13 42
2368 2 16
949125 48 88
28664 25 24
144623 6 88
10286 30 3
3800 2 13
163675 11 58
11086 4 12
6953 14 3
29073 5 28
455732 41 70
130954 6 87
706908 25 123
8443 1 49
591 1 29
112764 28 46
5609 4 57
4412 3 6
4855 10 2
53683 4 58
145299 7 130
19971 6 18
373404 44 44
719 2 2
65399 31 11
57698 14 15
285 1 8
80046 12 37
245507 14 78
987115 103 55
62438 5 54
362595 26 84
121635 23 40
271975 42 46
13954 14 6
9247 1 38
39646 9 21
155306 11 59
6269 13 2
58592 13 31
16920 12 8
139801 9 85
13249 1 67
1981 1 66
1688 19 1
462544 17 105
18776 14 21
6372 1 119
30567 55 13
19467 12 42
27005 6 53
7900 1 86
12032 14 9
45462 9 19
24042 1 107
12804 1 58
16604 28 10
10796 7 9
1130454 120 56
109256 13 94
10211 1 53
35703 21 39
9480 4 9
47842 3 87
37345 12 19
235304 14 76
53400 53 4
98698 5 98
549995 18 127
78815 13 35
94969 10 57
5005 1 28
95377 17 20
5725 2 91
9909 23 6
6483 2 21
37858 3 81
37008 8 70
2007 7 2
795590 59 79
3183 34 1
6374 22 2
20000 20 4
847 18 2
1193647 84 94
9217 2 37
1441 1 29
4096 19 1
264925 20 60
2732 5 2
127 1 1
168156 20 33
88215 15 40
883 9 1
4461 9 7
4488 24 1
146195 36 17
510855 35 72
23096 4 28
2417 1 9
5095 2 28
83 4 1
20729 43 3
8181 11 38
26897 19 9
14248 5 11
29708 11 15
25670 3 90
104185 15 30
322288 31 65
205645 13 86
36818 2 87
57034 11 20
4245 3 21
52523 38 25
74058 12 22
537435 45 88
88207 41 8
501 4 3
9748 5 7
125457 32 18
36925 5 29
1310 3 28
3895 1 20
22324 43 2
11105 7 65
18772 1 103
186394 7 102
683999 113 28
48451 22 15
5792 2 16
4611 2 13
24903 15 32
688721 121 28
54771 5 54
19973 1 102
150594 9 76
306 5 2
2181 1 35
111485 45 11
34085 6 38
106567 27 22
25726 67 2
299582 59 76
25602 23 19
2111 3 4
54840 5 47
3858 7 3
169807 10 65
53039 66 53
38518 21 8
192877 22 33
150504 18 100
298988 15 113
298737 90 18
20929 3 93
7775 18 22
25638 2 60
792 4 8
47458 45 57
67201 12 33
109289 6 74
173580 35 27
557623 52 40
1304 16 2
71177 60 32
195864 16 78
695 1 4
10436 8 34
18539 35 3
3405 9 14
12056 15 22
39313 10 44
26406 7 34
13196 13 4
69 1 1
2496 3 40
163919 9 105
3744 4 6
67845 60 8
33434 6 26
15812 1 95
710340 25 137
4539 1 44
28006 2 128
16747 75 1
167887 74 33
17468 4 29
2369 1 9
132528 17 45
68110 12 23
9068 3 15
20997 3 49
343717 51 37
40437 4 123
80328 41 11
13197 2 27
12263 18 38
66102 60 17
437833 25 66
984676 33 108
155362 20 30
13849 1 54
22039 2 52
30719 14 8
47419 10 23
218820 13 84
1844 35 2
520526 30 102
87637 4 113
744 1 23
312 2 1
653023 51 87
328128 48 45
67 1 3
1209 4 3
19290 25 13
55392 4 101
2199 2 59
53401 7 46
55781 30 46
10231 1 48
32052 20 10
62153 37 33
142761 5 121
45620 38 7
82772 19 27
18412 9 44
7614 6 42
20477 23 5
63017 20 14
26134 15 32
42894 3 64
46605 7 24
267 8 1
108287 4 131
790 4 1
335335 23 99
40439 44 4
71780 11 41
41988 5 44
12555 2 27
17584 8 11
21235 3 44
625 3 2
12305 4 21
39452 13 13
2214342 74 133
93580 11 34
3152 13 11
508483 22 105
1403 1 7
15290 5 16
40861 5 54
13922 19 16
22272 4 25
27142 14 10
5114 21 16
141046 43 23
85694 47 7
590433 96 39
1609 1 14
511683 31 66
15811 24 17
19856 1 88
11577 15 4
38719 23 7
37449 8 21
22619 4 37
65366 6 69
434 2 3
1944 5 14
590548 56 49
2923 13 1
258503 74 21
2091608 79 99
235789 24 41
43219 32 71
1169 1 6
296868 33 40
470 2 1
166656 9 83
45369 4 54
763414 62 44
32965 6 98
99987 13 69
375309 20 84
195211 43 19
350105 60 34
6728 1 47
3794 2 27
127322 34 15
5216 4 16
13416 4 20
54061 4 85
7227 2 19
2539 14 1
63918 25 15
28925 7 75
2917 2 43
16472 16 11
67513 12 22
77023 43 22
7742 34 1
4145 2 18
2252 13 2
11328 5 76
111309 26 63
44660 27 14
1794 1 7
64054 20 23
13814 39 15
4752 2 11
3140 25 5
16826 13 40
343 1 2
295414 25 44
96257 73 26
2590 1 94
67754 66 10
121768 10 69
10102 1 74
589 7 5
10148 3 19
367694 40 56
541044 52 79
3418 35 2
52680 20 54
12738 6 12
21282 5 27
695585 48 57
17403 2 36
2715 10 1
12788 2 54
1738 3 3
40467 54 3
18539 2 39
113357 64 11
6365 1 34
38740 3 73
21674 16 92
111 1 5
14078 50 5
4950 3 7
11401 21 8
54308 3 81
6086 10 3
192087 20 41
693 2 5
3774 1 32
27482 3 68
15402 27 4
63906 7 45
11707 33 3
66849 5 50
9258 22 2
711 10 3
3524781 123 108
1460 6 16
7052 3 13
6637 1 40
2066733 86 99
2881 4 4
92819 11 58
16828 4 42
68737 16 58
2831 2 6
700239 55 115
362810 18 72
157453 5 116
7804 6 6
636575 42 66
11840 20 4
6542 7 31
383093 12 131
5721 15 13
528802 39 76
4376 2 61
143317 23 43
298841 29 76
29679 18 19
5689 4 39
36369 6 40
59923 22 15
93013 5 131
2101 1 44
12142 3 27
603456 63 62
12945 89 1
7366 2 15
274073 34 67
19918 14 7
75790 13 37
54114 7 51
158487 13 83
11821 1 82
56646 30 52
12644 1 69
24830 3 30
17897 3 24
13065 2 46
47792 4 76
203501 38 41
824556 48 113
4015 1 30
916 7 1
15086 27 27
4682 1 29
11372 1 63
7200 1 44
9883 13 4
112392 25 91
39112 10 21
38306 6 72
4019 3 35
38699 5 45
11317 11 13
3731 31 2
168791 32 29
17989 8 118
1120 22 1
31380 40 8
80137 25 14
82154 20 28
214795 54 102
207092 11 84
873137 42 89
323788 27 84
7591 8 26
776278 32 104
17693 1 87
15508 9 11
16194 8 18
4158 3 19
876708 104 42
1335 6 2
509661 23 109
134818 85 6
6383 8 22
361280 83 49
117978 121 14
56025 12 30
270563 25 65
58268 5 66
327759 99 13
6412 40 8
10455 1 66
17723 60 12
855 2 21
27661 48 3
159137 33 20
9497 5 40
6192 2 38
1488 1 9
10974 16 38
349908 102 55
56680 9 28
480850 34 89
99675 12 66
8410 4 17
2446 1 40
6662 1 113
622754 37 74
729344 50 99
166221 10 78
612 1 6
20280 6 66
12822 1 55
1028 1 5
666833 107 39
5023 9 3
25548 35 4
21381 47 17
68767 8 66
2473 3 7
750 3 9
209858 17 65
4148 2 29
348005 35 50
18037 30 3
26426 3 61
59240 60 59
150210 25 38
62213 5 71
67606 7 54
8410 14 5
6768 32 1
862 1 18
7656 77 6
2226 26 1
128027 34 24
3615 13 18
35707 10 39
11814 14 4
98231 13 36
106961 45 44
3789 2 9
245041 28 36
33746 10 20
1193 1 45
11444 1 45
9696 17 18
225767 13 89
31786 23 92
16646 20 35
800917 57 53
126932 9 83
165234 29 24
2365 1 12
187188 39 52
925 3 18
67522 35 9
42232 53 21
22107 39 3
497130 26 101
430577 87 28
194540 22 32
35876 11 17
3682 8 3
1297 1 11
71031 82 6
315473 30 69
409723 43 107
70604 19 19
28577 13 18
336045 11 129
1993 4 4
525 1 4
5661 3 33
7319 1 51
10825 88 1
313171 42 61
211 1 4
28114 54 2
11926 2 73
2894 2 85
1028 7 4
53838 22 17
441620 33 55
4041 2 20
66860 15 26
677640 80 43
21645 5 26
17616 91 11
23424 12 10
12777 1 78
74993 16 17
9840 1 56
10627 22 3
342893 96 13
575 1 9
64836 4 59
207940 34 53
410303 24 82
38342 9 25
91661 54 8
38800 38 11
6826 20 21
1686725 93 85
1563 1 61
77837 16 18
152133 11 96
651946 72 55
65895 11 22
11012 20 16
95882 18 78
49253 14 54
956 3 2
18857 2 71
83802 60 42
82495 19 24
28675 3 50
431330 35 79
8994 6 12
17362 1 118
7786 3 24
70028 19 26
23421 4 33
178395 69 34
153736 51 19
100311 15 30
4158 14 6
22204 23 48
30278 18 11
140787 30 80
341613 30 61
915 1 38
309072 24 66
1139 39 1
13463 1 53
172093 25 26
58893 12 28
923111 37 97
112573 22 31
333009 20 101
20728 28 24
326308 22 59
18529 1 110
1637 7 1
5124 17 2
28687 16 14
208690 68 15
21268 4 22
2261 3 39
21088 2 38
2900 1 14
9634 1 37
14328 20 22
73355 30 12
56017 3 75
123577 9 51
6131 13 9
126 1 4
1624 29 2
21713 10 24
372429 37 112
4959 18 2
2277 13 1
24006 1 130
79266 13 31
108425 18 25
236532 39 28
3623 4 6
42076 7 41
125386 20 45
623 1 8
4199 3 19
711217 42 85
19653 8 16
159891 9 112
12291 7 7
73893 5 83
50439 7 34
66869 5 52
94101 7 53
128805 11 42
13746 15 34
142249 54 11
57499 31 7
17834 1 115
43550 9 23
284 1 3
27290 4 61
244 2 1
495677 29 84
229545 9 99
52116 9 33
11682 7 8
109069 13 118
14713 6 67
3558 9 8
139070 22 29
31474 4 33
109409 7 74
513 1 12
40528 18 35
36375 38 31
8776 2 27
31635 54 41
24232 29 4
5540 45 1
874 1 6
204054 37 45
128771 7 87
18273 1 77
28564 6 18
11004 16 32
89056 9 96
8483 2 17
52593 25 8
19117 3 32
6390 1 73
126501 40 44
1192 5 1
12393 1 47
481383 68 41
39881 31 35
1031 3 7
13051 8 12
258766 39 26
28842 74 24
895942 93 43
4006 3 63
14699 15 23
181642 68 15
67150 79 6
132772 11 51
102538 11 148
8991 3 14
1787 1 9
5235 4 17
29269 20 9
47696 37 17
967 1 28
50809 9 65
1055 1 5
25554 2 70
11048 1 63
7976 7 17
146378 45 17
67939 13 20
42207 4 38
160727 38 25
17955 5 50
3940 5 11
7443 13 21
1072849 61 69
521 1 3
18240 5 77
7884 8 5
110512 18 35
101391 39 42
69829 56 7
38178 19 38
15592 13 19
57956 7 63
2390 1 45
21151 2 72
5264 6 24
1709 3 12
17444 14 23
410073 19 103
39497 7 28
2794 1 16
94500 18 52
16154 58 18
73633 28 13
26101 7 90
97975 29 27
5108 5 4
2810 2 12
3487 39 1
198 1 1
82296 14 125
327239 30 108
18019 3 25
11077 17 4
3736 1 115
158190 14 68
18658 3 35
178883 72 14
143099 10 63
38645 42 5
19422 4 18
55811 12 81
14730 2 28
848664 92 47
121124 70 12
12980 11 30
155847 6 100
4068 1 17
8175 55 8
11031 4 17
1286 2 4
38689 10 17
28608 27 5
152001 9 86
34966 10 29
9390 16 20
393154 43 48
51730 9 39
339205 26 71
26585 2 71
7607 6 8
29342 9 12
4640 12 25
36817 20 13
519 14 1
1294 9 1
11359 2 40
19314 2 65
607863 47 51
6679 3 113
37787 16 57
329108 27 91
1122 9 3
56336 54 14
90736 13 53
25031 5 33
103012 7 86
1690 1 40
17961 5 18
117069 40 11
1842 1 13
8098 12 24
83067 33 11
318719 12 97
120314 23 37
22530 16 40
3178 14 3
3186 14 12
1508 1 11
173499 28 113
432010 45 56
49535 89 4
50765 68 3
7062 2 14
133302 12 75
87892 3 111
48551 20 36
10849 15 16
93744 25 22
301035 49 27
9251 25 2
199862 44 43
16384 5 27
143 2 1
73963 41 8
199 2 2
1150466 84 93
26999 31 10
5631 8 5
54149 23 90
588 7 2
1849 12 1
40698 4 40
11558 7 7
75838 21 23
573245 43 73
269074 60 17
11512 14 18
55550 29 13
89843 107 9
309270 64 33
914069 63 67
639 11 3
54196 21 37
5730 2 17
77105 3 126
56784 6 50
226727 34 36
105141 10 87
30368 2 80
64444 62 4
58204 9 27
32180 13 15
4773 4 8
30128 8 67
137146 13 38
208599 66 12
49602 20 9
2185 9 1
32056 20 13
36435 11 21
144132 7 114
248185 25 59
69278 26 31
137847 58 12
239275 36 31
28146 15 9
5783 23 1
193373 25 52
15987 13 15
85106 7 49
228562 27 34
33147 11 13
234127 31 33
126477 8 64
11640 7 7
127096 46 47
2172 8 10
6004 25 5
279532 132 8
50782 4 48
62038 5 87
270279 24 105
83831 13 34
333 2 1
11630 74 1
70669 24 89
134362 17 61
38913 2 80
542 1 34
878857 47 86
82277 43 73
381983 21 80
476543 110 36
3807 4 60
5602 2 11
50623 22 14
30955 72 26
2497 1 12
127559 21 31
9583 65 4
1153404 46 101
157579 25 25
316 1 2
819 1 5
38515 4 39
104115 12 85
153201 25 22
1563308 100 79
43466 19 10
72165 15 31
2884 2 11
206684 24 34
3520 1 17
10263 10 6
4864 2 9
8112 18 3
36917 30 5
17487 46 2
81742 8 69
120499 43 24
55396 5 77
127791 42 14
416559 73 29
298574 45 43
50209 19 46
19680 5 19
71447 11 24
146285 40 22
674177 34 76
75593 7 47
1800558 106 75
282113 22 76
161347 52 18
298214 18 100
79674 12 62
386772 54 108
146530 66 10
426451 42 39
1155 2 22
14052 50 2
1005153 107 63
108810 97 13
13171 1 53
6097 2 15
285361 56 63
15500 5 78
1750875 62 104
4385 1 22
75207 16 32
672 2 2
7499 10 16
143674 11 57
18595 61 4
6091 5 7
3167 4 4
3070 1 13
92863 32 13
20656 5 50
3033 1 12
21430 27 11
18 1 1
26618 3 53
1717 2 56
488 2 1
23474 9 83
37438 5 29
14534 4 20
137122 37 15
91049 20 22
6026 4 8
133578 9 70
3975 1 64
16507 6 47
8201 2 63
32860 15 96
721129 49 55
17548 18 23
4521 9 6
48988 7 34
575 4 10
73293 39 8
375 2 1
522983 26 76
3982 3 5
58348 14 108
64451 8 42
234067 19 116
19582 27 30
962 3 10
27468 17 9
20465 3 34
308132 68 24
7232 36 1
2336 2 5
23743 2 94
210666 27 111
13848 3 30
13901 3 100
11729 14 5
389211 50 55
7407 12 13
3041 1 11
1231681 78 85
27772 53 3
5288 51 1
16916 33 3
9809 8 52
261285 42 34
21806 1 82
16270 2 50
61496 23 48
213882 18 55
117873 14 125
1745 1 16
190084 5 142
255130 17 73
807486 84 105
142465 13 49
53997 47 14
28614 39 4
163498 26 36
83971 21 94
72932 4 106
298955 65 24
29071 12 19
107650 20 25
535 1 7
311331 39 53
23469 2 61
12214 69 1
216258 14 101
205154 33 43
12149 1 86
132058 55 21
1335253 62 112
258795 28 63
3577 4 15
242435 17 78
46008 4 76
77314 4 79
235257 15 75
573616 69 33
12742 24 16
9149 10 22
57478 13 78
1290813 57 130
89048 11 73
204798 61 14
3773 2 19
902346 27 140
356303 57 25
121314 5 125
179493 10 84
7869 3 12
6804 4 10
21380 3 31
87491 46 13
177168 12 72
9471 2 42
27712 29 20
250334 24 41
199477 18 62
41897 7 72
73435 8 72
26695 13 8
19648 2 42
1878 1 25
107811 63 29
92411 58 34
85048 8 76
13843 55 1
652254 60 42
16137 1 76
83866 29 20
29490 8 86
2960 2 6
116863 9 57
160 1 1
2620 19 1
82954 70 8
435546 49 34
25626 17 9
11726 4 14
54255 36 6
1266349 86 96
1287729 106 47
9480 2 76
5844 20 2
319903 53 32
156848 41 19
272 1 1
79431 7 58
6051 1 28
16713 39 25
379487 31 85
154423 22 44
173164 8 100
8393 8 46
47642 21 44
2444 1 11
29316 2 55
6828 1 38
1401 5 4
44635 5 63
3178 7 3
249896 48 40
773888 31 94
298784 29 71
6690 6 7
10505 3 20
14651 7 13
1138914 57 92
111699 45 17
87329 29 57
190420 22 47
13757 4 21
93018 22 16
11020 7 10
15158 3 86
13227 1 49
3355 4 46
14167 5 19
374 2 3
7603 17 3
1677 2 3
6990 4 33
108198 22 30
21736 11 30
3801 8 13
24960 2 51
35226 12 11
1799099 65 141
14154 1 54
203567 49 30
350524 51 30
2504 4 4
856 1 11
16661 1 82
3182 2 10
43205 14 18
11723 1 54
6621 2 24
57961 101 4
9318 25 12
283 2 1
1551 1 6
17352 26 13
201319 45 25
1757 4 2
11255 4 12
14736 94 2
2456 2 8
40427 2 131
57965 20 117
37361 31 45
127371 12 52
6746 33 1
6136 15 2
24314 2 58
5956 1 31
86636 8 86
400 2 1
141607 106 90
8123 11 17
474 3 4
1025 3 2
756 1 21
1304 2 8
8097 1 30
383950 61 29
631658 56 126
25180 28 12
449 2 7
54346 49 18
119877 22 34
6987 17 7
4722 1 33
18584 8 29
3452 7 10
2137 14 1
17943 16 5
10445 3 34
346676 18 109
68080 39 10
315997 22 79
9876 14 5
15995 2 44
11583 18 19
138109 31 60
53051 6 48
156792 93 10
11098 15 32
1045200 62 109
1105092 76 83
5676 1 36
97323 43 25
22119 10 34
40966 22 15
8359 21 11
229900 14 68
200162 21 35
1527 7 11
2097 1 10
16805 12 67
196250 26 50
2593 1 101
3484 4 6
34605 4 61
510322 74 37
818 1 47
57675 57 47
480441 27 85
8744 1 44
106947 86 26
34374 3 55
896 1 6
776886 38 87
21165 3 67
4383 26 7
254583 12 108
72886 21 32
12254 6 9
11928 2 46
510349 65 51
782 16 2
315585 36 64
394 2 13
1974 1 13
73406 33 15
2727 2 5
385062 33 44
3240 1 44
351755 26 91
93859 9 53
87767 16 37
6168 3 14
201351 16 83
11035 5 13
2923 4 8
3220 3 4
64179 9 37
2490 1 16
94843 18 32
52057 7 38
52925 39 9
23444 2 46
17588 46 9
438 2 5
1243 2 5
9028 29 7
90763 8 41
157568 48 19
35337 29 6
19741 9 27
8116 6 24
340916 41 47
16666 27 10
38769 30 9
583288 25 126
1417 2 8
16059 12 12
31859 6 37
1134 2 3
15618 2 34
31567 3 65
32692 23 6
9121 10 5
2151 9 4
1062 1 14
21581 11 16
15497 27 26
8006 19 6
43476 5 43
84542 3 117
33040 2 71
23621 1 127
269286 37 37
491425 25 73
16191 13 17
427382 33 75
244189 46 67
1864 1 18
458408 53 58
146376 26 90
3255922 87 140
106336 47 35
213441 14 59
14963 1 55
53020 25 47
133098 22 37
14832 2 34
983387 38 129
70878 6 77
12160 8 12
1423502 80 99
3581 31 4
681 1 3
71600 4 118
16761 1 82
5374 2 48
47901 11 19
1073600 70 81
12039 45 2
12919 12 31
39852 19 10
200343 30 42
45961 24 36
7425 19 4
237820 18 79
10784 4 10
25729 24 12
26347 2 53
38966 20 41
86512 9 76
773 3 1
98890 23 19
8561 1 49
37732 8 24
4120 4 5
149110 35 17
838588 71 51
4415 17 15
677 20 1
288 2 8
482677 69 33
134640 29 65
26827 38 17
22940 9 18
70684 7 71
176494 19 44
11942 16 17
32917 14 105
1489 8 1
225057 23 59
34704 11 17
26502 17 11
121505 16 53
1192 3 27
6216 10 4
2106 11 1
1037 1 4
482236 34 98
149875 12 53
681941 120 42
18150 9 101
129167 27 28
4696 5 4
225 1 1
6767 3 16
45923 3 87
1568 1 15
44768 36 50
36293 2 76
10256 10 6
8971 6 26
192965 23 31
5728 1 35
76171 6 63
44079 34 6
22510 8 21
6798 10 40
5119 4 8
321 2 7
9251 7 8
26196 11 9
511638 34 87
146503 41 40
22733 3 38
2464 1 9
203072 61 12
879862 119 109
38520 5 37
5467 1 32
2917 27 6
1183 1 21
91648 20 19
131996 23 29
80735 38 8
80460 9 52
181444 23 48
283620 25 109
2577 2 9
23806 121 13
2157 4 9
268446 21 47
79565 33 12
145581 12 79
249020 12 102
24586 5 85
9954 4 15
66975 80 44
5198 4 42
158899 7 81
1388 11 7
119281 13 33
24212 6 39
129986 36 25
67554 4 100
45983 28 6
4381 2 9
101812 13 38
55466 16 37
411567 14 114
93414 56 20
40375 26 7
127108 6 120
5381 35 1
155476 38 26
648 1 18
43512 7 33
11730 1 43
227320 19 50
60517 19 29
788589 35 131
5232 1 20
3908 18 8
23463 2 43
1213830 41 132
22959 14 8
460686 72 52
48861 6 108
28324 2 79
797397 94 38
627401 80 36
153271 12 55
91125 10 59
1093 1 11
850 2 21
14661 1 79
14068 2 28
793985 60 62
8478 11 16
14720 32 2
55211 23 9
433 3 3
23224 14 40
1231 2 3
391 1 12
415224 28 69
15473 18 4
46952 5 99
34883 13 91
353886 35 45
674 2 2
25289 17 67
4459 9 2
2339 13 1
4924 1 22
15586 6 15
7506 1 40
335082 38 69
132414 8 102
226275 22 66
1553 1 19
81977 4 109
3482 2 7
30121 12 12
1384104 100 122
56996 4 101
128384 44 64
6137 1 105
42839 6 31
10953 2 66
293943 32 44
19418 20 4
1996 1 76
98283 11 55
17657 54 2
119987 8 106
24054 20 5
14683 3 27
10467 10 45
489 3 2
1259569 116 74
1007 2 2
2830 1 16
24240 25 5
214819 29 43
14879 6 10
49300 7 53
2375 6 8
33198 24 42
5262 3 35
34462 5 54
32519 15 13
18565 50 4
11315 2 32
463984 20 117
25206 31 13
247679 18 85
94 3 1
14597 53 1
96962 47 10
28693 5 38
85011 29 20
922 1 42
467 1 13
428 1 2
62658 8 35
112506 28 16
11425 4 16
4468 1 53
103922 59 31
278170 32 42
3588 2 30
72849 19 31
18233 13 22
24424 22 21
31949 10 48
19389 6 13
177924 14 78
824409 47 99
19534 21 4
14335 17 11
70843 27 12
393392 51 28
543785 117 30
65041 7 49
281661 24 79
27218 29 19
80 1 1
12091 19 3
103282 10 70
54276 10 34
124963 21 42
9832 38 3
49047 40 5
82742 19 20
140927 9 64
581260 27 93
167506 38 40
235295 12 106
74437 27 80
4469 1 33
25007 8 13
5780 2 11
18381 12 61
732 3 11
7206 1 30
58545 37 11
39741 7 33
245645 119 13
51340 53 5
1514 17 1
87635 20 56
51026 29 33
266743 107 104
4621 1 27
1631 3 30
2070 2 8
10832 7 7
504674 71 36
16061 10 29
17220 7 30
179108 98 14
1689215 113 104
1079 1 21
19930 1 95
158177 22 36
149200 40 71
17217 4 34
13366 7 95
3540 8 6
155289 6 120
10145 4 16
6961 1 107
980 2 10
148751 17 55
4248 1 18
7243 10 43
1439 5 2
1168688 42 121
55399 27 11
6107 22 1
257622 51 49
403805 26 98
982765 60 62
56081 4 68
592468 57 67
12954 5 12
41469 49 4
47221 42 5
1179 1 28
503 1 2
112884 45 11
17701 47 20
66946 36 19
54442 18 16
63915 2 138
24886 2 53
4003 2 10
6005 12 8
6605 33 2
571 1 17
709130 28 135
302 2 3
127332 17 32
548508 24 120
1584 4 21
2719 1 21
58640 10 23
47190 18 17
11680 4 14
4322 11 5
27775 2 83
133321 14 65
5371 6 6
14670 16 4
28014 24 5
7087 1 33
603 1 17
10263 5 106
140610 11 53
47375 7 33
6247 2 19
5270 4 7
14557 14 6
273 1 11
142306 19 48
868 2 10
22464 14 7
25706 17 10
266 3 3
19248 1 122
79714 6 53
12263 8 10
45077 16 60
130051 12 78
1225 3 5
52113 13 26
34030 19 7
28985 7 16
131377 15 34
49365 6 93
13698 5 10
254306 53 27
14342 3 28
112889 12 51
760823 50 68
130840 9 52
250863 27 55
341803 26 71
178711 11 63
34809 8 24
11132 51 8
159523 60 14
186501 27 26
123216 32 56
384 1 9
214901 29 72
2652 1 22
17437 24 25
21796 10 120
14102 18 32
2370455 71 141
17132 5 15
192919 60 13
16978 12 28
443884 30 93
948471 64 74
30601 3 72
18851 2 56
331 1 2
4500 10 19
610491 36 93
60678 25 14
37939 4 74
1167 3 2
4915 2 9
17690 2 36
1869 1 19
21328 63 4
2668 39 1
9934 6 22
31686 1 147
18656 4 59
844 5 1
45673 46 13
10388 21 3
13956 4 13
3792 1 18
5464 3 10
98607 96 5
35292 9 17
1791 1 32
5701 5 5
664819 57 79
1952 3 44
62203 15 24
196241 50 17
13986 35 2
217159 18 44
36858 14 64
6330 23 9
200064 12 87
13424 2 33
31478 22 8
483636 81 121
964 1 4
38979 4 51
11318 11 36
3918 1 19
1605 2 24
15126 4 22
877 1 5
11376 14 36
54188 4 60
10797 8 8
54152 16 16
600187 22 122
14527 45 3
4055 1 88
3681 2 12
29842 11 14
86463 11 59
76654 3 105
621776 40 95
1611 1 22
18377 22 4
1169 8 3
117867 14 49
279308 18 83
28111 63 3
1340 6 1
25010 2 84
9020 8 54
8052 7 22
20987 4 26
8249 9 31
490039 48 64
16903 14 11
65864 59 51
345617 21 83
2944 10 16
131420 13 53
168853 16 70
505955 27 75
6667 1 35
263712 37 32
113766 29 14
239641 17 113
29380 5 100
3265 10 4
106589 8 59
24812 30 5
108118 7 84
103069 11 90
165349 47 29
368 1 4
623390 61 48
28577 3 67
9260 6 18
21987 10 17
476778 23 117
14865 27 25
1538 6 9
3798 1 17
588113 27 135
29413 9 13
2030 1 20
854105 58 66
6754 14 2
1232 10 3
1539 4 8
3141 2 27
31283 63 2
1622 1 100
15853 18 5
4601 2 14
1869 1 13
592791 69 116
337 4 5
158 1 1
93685 5 69
10617 10 51
11550 2 82
317330 36 46
448 1 4
279709 13 82
2445 3 5
207 2 1
294 1 2
22064 1 121
45375 44 26
481 1 3
17052 39 15
169192 14 59
5815 11 13
5966 2 45
9937 2 34
122862 7 111
74421 61 11
106802 20 49
7614 2 56
92356 10 82
13988 18 5
246990 61 51
25085 66 5
195829 17 70
211488 48 16
13356 3 29
8296 1 41
52701 55 56
8500 3 28
9039 6 6
238679 22 52
10723 6 8
374619 41 64
9185 4 9
10397 28 12
2657 11 5
3111 2 19
423571 104 17
26944 7 99
71828 67 17
28069 31 9
52211 8 51
97193 31 13
297091 20 69
11073 28 2
22847 6 18
427 1 6
1759 2 7
276224 14 112
83781 18 37
20239 6 84
1751 4 14
12945 15 16
211667 23 69
26727 4 42
115850 5 90
25687 5 78
13558 14 5
60926 31 11
12930 1 48
262 1 5
375066 60 55
62871 5 56
1026822 46 92
157871 49 76
40756 5 35
43930 24 10
41720 11 43
3899 11 4
5173 23 9
223 1 10
943 1 6
16471 15 28
105731 8 79
24128 18 7
4178 36 2
1171 3 15
431451 124 85
12112 6 42
91873 60 7
958233 61 59
21050 4 74
911 4 9
34048 2 84
960564 58 60
1717 5 18
14791 2 51
391777 18 89
4074 10 6
30128 5 64
7077 1 26
354278 38 56
127254 11 54
67722 7 41
8269 24 6
19718 1 118
6737 6 15
80278 23 14
10543 1 62
52785 5 104
243756 26 43
41299 22 27
164002 70 12
18765 5 68
9738 2 23
52538 16 19
6493 6 5
46321 4 62
415116 49 100
25585 26 18
7691 2 17
313 1 7
135911 19 33
11832 12 7
24805 11 14
869 7 1
289231 16 83
11100 1 92
92707 25 15
143892 25 35
836547 58 62
256 2 1
288220 89 15
2293 8 2
912401 62 95
10972 17 3
74634 42 11
5748 1 34
41184 2 148
47709 7 49
6373 9 22
283668 26 58
18413 2 33
99562 17 31
774410 36 82
922741 56 137
4719 8 3
73239 35 8
23337 2 46
140243 24 34
20032 3 29
537649 63 52
16817 7 16
11501 6 16
19974 4 33
7900 40 1
19846 11 12
5994 1 38
15728 4 52
50208 8 59
131030 13 50
4525 1 17
13331 12 7
16118 2 51
45913 3 75
2438 10 3
956 1 5
9897 2 27
1554 10 7
5102 6 21
9811 1 41
29074 41 5
500 1 3
1461 1 32
6763 4 9
14719 3 28
253987 35 37
162499 46 15
70307 22 14
7691 1 88
17360 10 12
78185 24 67
15740 2 31
42779 7 26
599137 67 53
111811 4 129
4975 2 35
19861 17 5
22577 3 68
976344 30 141
177250 14 82
1593 3 2
23927 19 9
35273 5 95
16889 6 37
673487 28 128
543569 41 56
44052 26 16
58441 4 63
142195 26 23
9545 2 24
210574 25 32
34149 4 55
84996 18 37
44894 24 8
906441 65 57
6287 1 40
3072 10 2
2147 1 10
2141 5 7
47712 35 8
54444 4 127
264402 44 36
33643 31 4
10891 55 5
6235 15 21
648300 104 23
24409 8 52
215369 11 124
1693 36 1
36545 83 10
73244 3 115
102239 48 69
49580 52 4
129730 26 24
7159 25 4
375 1 15
575547 58 40
63347 9 43
21852 10 34
8459 1 47
159916 14 72
371462 36 37
16001 1 85
235424 22 55
305 1 3
30740 14 112
23381 8 19
2216 2 12
118139 10 56
76668 12 37
235044 12 127
80654 31 22
23932 41 12
12291 18 3
51350 15 31
28555 92 2
23787 110 1
223458 18 73
705235 62 48
84091 22 24
24253 5 25
127477 35 21
52907 4 69
1315 40 2
9773 1 59
27813 6 19
4133 5 15
2804 83 2
190712 23 57
387 2 1
40648 6 44
297 9 1
10544 59 3
7556 18 6
423937 30 119
23734 14 53
101365 13 59
2208 2 7
11406 3 44
4470 2 13
87214 20 60
28784 3 49
78105 42 12
1299 3 12
117630 61 7
44163 59 20
56332 4 116
119978 16 97
116661 26 17
305 2 1
4526 9 2
174424 10 110
88136 16 37
140167 88 56
220 1 1
14654 2 30
105674 16 25
255 2 6
612913 55 92
15867 11 9
1270 3 3
22476 2 115
16436 3 34
6246 6 4
23091 9 44
157279 12 61
62586 7 36
25685 19 14
28600 2 101
33419 12 16
101970 21 24
17867 54 21
1819310 106 99
24122 6 15
45712 7 26
171508 21 33
40358 9 75
75792 26 12
36361 8 66
82921 10 110
526942 55 45
13357 1 59
338 2 3
3497 1 24
6672 55 1
191381 63 68
8681 4 12
51719 17 15
252208 26 42
186905 8 116
8617 55 9
8408 10 18
234975 40 48
19902 2 54
359262 52 47
12356 28 3
15434 6 22
92253 32 15
1456912 119 68
313095 22 57
12808 4 40
1206 1 24
69047 10 33
965 1 5
245806 21 67
97248 19 31
1137 2 5
29304 8 51
1403 1 8
61939 16 22
122081 27 23
769 1 6
3964 58 1
12278 5 16
233276 31 58
884507 81 126
21842 2 59
950 2 2
67398 8 47
2534 3 5
268065 89 27
11045 8 26
25414 5 25
51461 25 13
143956 13 45
5019 2 9
69699 22 14
67067 3 89
985 1 6
53514 21 50
174259 20 56
8345 5 12
11783 15 46
224190 18 47
3099 8 3
43696 4 81
4660 2 82
137001 39 23
150052 28 24
1017507 74 87
2945 3 25
14988 40 7
54555 33 10
162607 22 59
35751 4 62
40291 8 29
10383 15 4
932 1 12
8527 1 90
24821 2 59
67253 10 41
11615 45 1
8443 1 46
3433 2 54
26069 7 16
13509 24 7
50905 25 14
368 1 4
316851 15 120
221855 11 91
301 7 1
52211 15 23
253 1 2
7027 47 1
2785 1 10
6925 5 9
8860 7 38
2652 5 2
1230 2 4
69524 50 48
32280 74 3
46407 20 47
37539 6 29
1401 5 18
62936 38 8
273871 33 44
10556 1 44
32168 4 35
188 2 1
135939 12 67
2441 3 4
132279 56 62
394191 43 46
320049 75 30
130175 15 36
96598 12 46
17380 2 33
3573 1 24
19062 14 10
1453 1 26
10861 10 19
39409 4 54
3865 22 8
5872 2 59
9443 8 20
65497 96 9
16176 2 32
5249 21 1
377623 28 56
10804 1 89
5364 2 31
180616 11 114
1321 1 9
1235 2 3
53092 23 14
74791 32 55
748148 23 143
3383 1 32
180590 66 63
7395 8 5
254435 16 68
165240 90 85
402303 21 85
48841 10 27
864214 43 92
64159 49 16
44951 83 3
55489 15 14
1547 35 2
60473 15 23
12348 2 28
39108 34 20
306890 25 60
8669 1 41
661201 77 33
58366 5 56
262820 12 131
77130 15 37
102008 5 84
245936 34 73
21734 31 4
19765 12 18
7002 27 1
25666 6 36
63777 87 5
32619 8 15
92739 9 62
12550 7 14
26673 4 40
123505 11 94
99412 13 45
77203 12 49
94633 22 23
168768 23 44
156972 28 141
137457 30 17
120714 16 39
135225 21 42
4667 26 1
46025 22 83
2994 19 2
332093 14 87
86556 22 30
118717 14 58
18426 4 55
39562 4 59
36875 4 36
34278 77 3
48141 13 16
7768 2 110
11164 2 45
29046 22 5
42606 4 46
84872 52 48
382608 45 93
62834 48 33
6138 4 8
33854 5 33
13104 62 5
19787 21 10
125 1 1
1437 1 45
923 1 9
87395 20 16
26557 2 79
2231 1 61
33058 2 66
1386 1 14
1147 12 5
11685 15 42
69261 36 12
3313 5 20
2728 3 32
5013 22 1
17405 1 107
6510 3 9
15723 36 4
124246 7 92
31811 9 22
99260 5 133
19001 16 10
20297 11 14
19131 52 20
23589 8 15
29985 36 10
20727 6 23
22928 4 81
322961 56 25
40113 8 30
3327 16 1
20141 13 72
10336 13 12
10655 17 7
9642 5 18
3258 1 21
32561 14 9
22725 8 81
33207 11 16
10614 12 7
3175 1 27
18449 1 124
14359 43 14
1763517 96 70
272632 19 100
17626 4 28
5230 7 4
5581 20 13
80245 30 104
245317 38 25
28769 21 5
1181 1 46
23840 3 70
61422 24 14
16098 25 33
195916 67 37
130544 23 52
148375 11 121
92123 8 61
176846 18 45
1199 1 9
10412 20 2
180975 27 26
538403 29 69
4279 1 51
36414 3 77
176751 24 62
6081 1 22
504 2 1
656 1 46
210544 33 44
402292 18 127
13255 23 25
100475 20 44
12128 6 8
61686 32 51
13141 11 64
313 2 8
38527 17 15
43448 7 26
3025 4 4
105867 13 29
89751 53 9
2427 3 4
407419 86 25
3251 1 115
1323 1 20
20286 6 15
19686 16 22
5937 21 2
5251 2 86
44513 38 23
53747 12 17
1162 11 7
13702 3 17
137233 7 122
26848 8 20
1600 1 14
10838 6 29
126833 40 15
45400 7 43
1864 7 1
6782 6 16
17856 18 6
4506 6 7
9704 4 43
66852 7 63
8229 1 48
82391 32 17
10554 9 13
11570 8 8
259061 37 37
519 2 1
221114 12 113
1558 3 5
579157 66 36
159849 42 23
39364 6 29
5151 1 23
3389 2 17
205530 60 105
48212 8 45
26224 25 6
17606 8 14
28419 4 30
8349 28 12
186154 37 23
16960 5 13
2269 13 5
4103 1 28
310418 20 72
73030 35 50
752181 24 143
240151 19 68
232355 34 26
31113 16 18
8207 4 11
25919 4 38
14728 18 4
5108 8 12
40143 4 50
9891 6 7
51631 24 12
7145 11 21
357 2 1
11611 6 20
25850 2 128
580 7 3
3317 7 2
48579 18 11
643902 27 92
3088 1 14
43729 8 29
49958 7 45
25550 15 53
989 2 3
5724 21 17
3424 7 3
45952 18 52
324071 42 60
13751 1 126
8749 8 8
5001 10 4
44797 2 84
1079 1 6
2619 18 1
23549 1 102
15731 4 16
38930 22 21
39697 4 40
19502 7 91
1979 11 4
10611 1 53
1986 1 11
36313 3 100
1082 3 23
6533 3 12
191964 8 119
368 1 4
4273 4 37
9063 1 46
69014 61 6
19951 8 9
31739 1 119
12703 9 24
18938 1 71
339833 48 79
43147 5 47
275811 36 51
3622 14 3
110154 11 67
4545 4 64
550393 47 45
5158 2 14
9632 9 13
699987 83 42
1883 1 99
7787 21 16
1052 1 10
1114775 78 81
12678 11 8
17437 11 26
93379 23 33
30172 2 74
955033 55 94
17420 35 26
121909 12 46
2208 1 16
604155 49 68
1042 6 6
7724 4 11
120380 16 100
287640 9 121
19309 32 6
103280 18 85
289 8 1
44806 10 26
21740 2 54
3321 1 23
75000 4 81
67327 5 66
5125 5 11
502263 43 86
12396 40 2
10960 15 4
27847 15 74
976 1 5
2407 1 10
3399 13 1
145464 7 92
51950 2 108
41590 46 8
87309 47 12
19942 7 14
772 9 3
83 1 4
1944 2 8
62225 4 91
223778 45 23
14046 9 8
5951 8 27
6466 2 19
9443 12 38
32558 6 25
37271 22 37
48878 53 25
346 1 6
658152 47 57
54548 15 44
46495 9 96
13591 16 5
2112 6 2
108969 104 67
65400 6 59
113721 12 131
148278 44 33
292 5 1
123130 7 113
13278 1 58
50643 32 30
136 1 9
316451 14 85
34059 23 33
196099 19 69
4792 2 53
2140 4 11
509 2 4
63772 17 75
15438 1 62
54081 76 3
31862 17 87
597930 61 62
112663 17 73
52991 16 12
1284 3 12
5271 23 1
14420 25 35
15003 9 14
36443 5 65
77729 12 31
83402 18 26
548115 29 109
380 1 2
387990 18 127
15536 12 5
170867 91 15
35854 18 33
550996 27 97
207746 11 84
602850 30 101
125713 70 12
2372 6 5
59367 12 28
857701 68 89
161161 41 18
17082 27 14
205362 26 37
1992 9 4
33494 24 9
8388 4 39
68669 6 62
144846 22 52
284620 46 28
15564 6 22
8394 4 12
14039 20 4
329 2 1
176089 18 59
20656 1 92
106671 7 68
3850 1 21
48358 4 80
88836 11 58
22955 4 29
675697 72 64
1038 60 1
19020 21 6
110967 16 27
2793 10 1
129616 17 81
3361 1 12
406935 77 34
2813 1 39
144491 97 50
3758 4 32
524342 36 59
24726 10 16
242468 28 62
3081 2 54
469441 22 83
16 1 1
32000 2 72
502028 69 36
4206 6 28
357488 63 64
58649 3 71
3363 1 32
14287 7 33
311953 49 25
101283 13 31
13440 24 18
625 25 1
60168 8 52
6699 1 30
11032 6 9
47951 13 48
57537 75 3
22036 6 14
6625 17 10
34193 2 75
17353 19 49
387 1 7
509 3 1
4098 2 8
57907 54 19
18119 33 3
292166 10 109
9848 30 12
12284 3 23
18951 11 33
16560 38 3
29721 13 9
5234 10 3
10190 5 39
14018 3 29
10179 7 80
45414 8 21
88434 10 62
13034 1 78
13660 2 111
7787 6 20
22349 12 9
15716 9 12
28089 26 29
19198 4 18
14081 74 11
5641 2 13
738498 82 46
659 2 8
9035 3 40
25009 18 18
12867 30 3
281385 49 28
6146 3 11
334717 31 72
594 1 3
17836 2 57
183831 18 70
242157 35 48
235046 62 101
15932 6 10
3049 3 6
65334 23 55
62811 4 72
653146 65 65
139184 100 9
28135 22 8
37695 17 15
140225 116 34
72091 13 50
4585 1 67
9488 12 17
17110 29 22
24567 1 122
107266 11 45
256421 24 52
1125 2 4
67365 29 53
6803 1 54
15284 5 15
22367 24 25
1052261 47 82
77499 39 13
318100 38 51
67973 9 28
1426 1 6
212380 16 61
23460 40 4
350726 126 11
4867 1 96
12023 2 37
31359 7 27
1135 4 17
78988 75 4
10453 2 38
45571 17 42
187184 20 65
25692 32 5
46024 10 113
179808 27 43
5461 1 22
32062 2 83
48628 12 123
111826 14 31
4608 2 46
613005 21 104
7346 3 22
2052 1 42
511697 17 140
3172 1 71
16980 16 8
542 4 8
3313 1 28
140148 30 18
1240536 91 69
4228 1 26
59041 12 31
388405 27 84
4294 8 2
58 1 1
51971 3 89
13613 10 9
106816 10 58
7554 10 3
48834 4 45
24416 1 137
22608 13 12
48158 8 67
71333 3 117
5294 2 32
1062 1 6
317586 54 27
16614 7 15
564 4 1
8011 5 19
160495 22 43
4364 31 1
10235 22 17
19972 6 18
42471 3 65
2559 1 14
72761 39 11
165686 17 50
6437 7 7
2599 8 2
5260 7 8
69962 16 20
142675 32 28
6886 15 6
49333 44 39
19272 4 29
30899 31 10
291588 64 18
10109 6 10
1563 6 17
5688 8 14
22671 59 9
122344 19 37
19989 38 2
258036 47 29
71414 27 87
16402 41 8
283192 31 86
3272 3 7
378622 88 19
75350 8 41
49805 3 91
149016 67 14
45403 2 88
37200 7 35
41762 18 58
87546 8 40
12145 55 3
9095 1 33
35489 12 15
6425 4 10
42188 4 50
643083 37 117
2382 3 29
74966 3 93
16832 7 10
10742 2 25
3947 1 26
3697 2 14
6076 4 73
37916 4 35
79531 14 84
979 8 6
5231 1 19
94044 9 38
353325 24 86
27678 27 11
101891 25 29
2035 24 1
787 1 12
7127 2 18
53869 3 100
719 2 12
51878 4 89
15246 2 39
139360 9 90
128672 11 56
10832 62 1
14339 28 2
60109 31 12
187872 34 38
1163 6 11
380566 31 45
53613 11 32
2177 2 66
700 4 1
160968 21 48
131685 55 11
85805 10 33
65844 41 9
665 8 3
669 1 3
270291 75 13
565397 42 85
261215 76 15
101874 5 137
44105 2 127
60202 19 27
143519 69 19
172236 11 97
117904 22 31
7649 2 87
7371 1 78
4958 9 30
29502 27 4
94238 15 88
18993 1 101
45707 3 108
67834 12 28
11032 32 17
158830 53 19
5708 13 6
13211 57 4
199403 14 106
38327 10 25
464858 54 45
21536 3 27
16316 34 5
2721 19 1
22694 4 39
1184 1 6
43477 61 7
185895 17 49
1356 1 40
45515 18 13
25290 24 20
15240 2 52
121810 29 22
22830 6 14
2985 7 20
2905 2 25
9839 16 3
28813 11 85
4031 1 28
10128 18 14
486 3 8
541699 91 40
8224 15 24
350005 14 96
5705 6 14
11304 21 35
351690 11 120
233881 23 77
40838 48 5
2756 9 4
23771 24 13
303502 27 51
59858 14 43
10889 5 11
666149 63 58
42500 6 46
5284 5 5
4096 7 3
30087 24 8
1613 6 3
504111 23 100
51547 4 130
126022 40 20
7940 3 17
19087 2 37
49164 34 27
2300 1 95
82302 9 95
45070 2 101
63095 4 89
880 1 8
16358 2 32
72049 28 43
79132 10 56
52683 6 51
108631 31 21
344015 22 91
14768 26 3
8940 6 10
419225 31 128
141654 33 18
225424 23 37
4092 1 20
4494 3 6
672 8 3
154448 24 31
18319 10 9
22338 20 24
9165 1 63
2232 4 3
407280 33 45
521725 123 57
111184 9 47
489 1 2
139695 28 39
173052 62 39
75089 21 16
769 6 1
72671 16 19
206601 18 46
2861 4 26
12130 6 11
125577 21 24
780 1 8
8931 2 84
6834 1 49
13065 7 13
50978 9 124
6830 1 28
60781 26 9
12689 6 68
108002 15 30
22623 3 50
167594 13 83
239 1 17
93160 25 48
51135 26 12
105625 10 46
33557 2 74
482025 102 18
43480 15 17
63586 9 42
9324 49 1
310155 40 45
18157 1 106
362 1 2
246298 8 112
90004 24 33
43121 4 58
6106 4 10
165013 41 71
9006 15 42
15943 5 19
4384 3 17
2103 12 1
5581 1 36
40728 83 2
143277 9 60
265629 98 13
34302 8 19
286 1 6
126353 22 32
17140 10 8
19807 13 29
1536 2 20
25398 16 7
425 2 1
11145 2 20
1767 15 4
3957 5 4
3839 2 8
41546 17 12
19781 47 7
30618 92 3
4367 3 30
100691 43 15
1320 35 2
81984 18 79
35872 17 18
20447 39 16
147268 20 45
42962 65 3
8948 4 104
8428 27 2
230186 15 61
16480 9 7
1397 5 17
656342 40 72
66438 5 82
171 1 4
16297 4 85
124282 60 9
13184 42 2
182678 57 21
121 2 4
30633 36 14
60885 11 22
398372 35 78
93606 55 14
7244 2 42
19538 26 35
10324 3 17
3379 1 16
83383 8 47
75407 12 27
1121 1 31
342922 22 56
1515 7 4
26470 17 87
66753 16 63
5381 68 2
239466 18 48
42982 24 91
24605 12 29
21743 4 39
32526 6 25
303052 34 51
86489 5 99
17079 4 55
6613 2 120
51759 63 9
381858 63 48
76021 22 20
43839 11 28
12227 3 18
69246 15 23
762897 48 113
4125 4 7
1524 4 6
21559 12 35
77180 13 26
8372 1 77
2403 5 2
66381 11 62
185095 83 12
13654 2 36
2829 4 4
304608 54 26
38727 19 11
54350 28 8
191 2 5
85663 64 46
92750 35 19
775 1 20
274709 15 118
154687 29 33
