142 1462 6716
20 30 35 17 36 1 8 15 9 37 10 1 39 18 6 2 28 36 28 37 7 2 35 15 39 37 37 30 23 12 28 4 2 2 29 10 18 9 24 31 7 21 25 36 21 17 31 20 17 30 7 39 3 10 37 32 16 23 21 19 33 18 20 37 11 29 18 12 29 28 22 27 4 12 24 6 2 32 19 2 39 9 11 18 37 10 7 3 19 3 30 6 7 36 9 14 6 8 19 33 11 30 29 13 9 23 11 22 38 16 31 17 22 38 31 22 3 21 30 4 36 21 7 16 17 11 8 4 12 38 5 33 17 30 6 28 6 9 9 18 14 16
22464 3 3
411508 13 7
5109696 42 23
23101 1 20
126931 39 2
403508 36 4
1108012 53 4
941407 50 12
4001 2 4
44470 28 2
31310 1 5
226427 2 33
457057 20 6
369715 26 4
9251 2 1
21400 7 2
55133 11 1
391314 15 7
92782 26 10
5608 1 1
124358 32 2
766737 36 9
655402 39 28
492844 38 3
96749 1 25
58308 25 2
1328238 13 20
175350 4 11
331873 5 11
88754 4 11
100558 2 9
1541807 21 16
28073 10 2
3519541 59 12
556482 12 13
1716322 24 11
342297 21 8
61585 12 1
110624 1 25
10036 3 4
231097 5 15
1535477 29 13
235934 22 3
283824 5 11
76384 18 1
47181 26 2
1753077 22 19
968944 15 13
368682 28 6
89851 4 18
2432 1 4
327618 39 7
1342084 18 12
7703 4 2
483615 20 12
130750 17 2
1175156 24 14
916182 33 9
580933 26 8
21300 5 8
210939 7 9
1817778 21 22
15841 3 3
581661 11 8
680114 57 4
270429 12 14
1027920 62 4
77086 54 4
35464 10 1
125519 16 4
13370 1 23
1075699 7 29
17371 4 3
14851 2 2
46282 57 1
58385 2 6
19359 3 6
20274 1 23
564822 18 6
351416 6 14
371857 57 3
1902270 82 26
3632 1 3
21033 3 2
95880 7 4
1735 2 2
1715727 20 21
28989 3 2
74718 42 1
311597 10 23
1840348 18 22
2344698 19 23
153960 13 2
255313 14 8
663540 28 14
36536 1 7
82201 28 3
110710 18 10
47390 1 17
5838 1 4
188900 11 3
30444 1 7
351644 47 6
47375 1 8
50898 2 6
688825 8 16
29360 1 7
751929 31 17
104757 2 13
148389 3 11
241299 5 24
30894 4 2
72160 10 13
135898 22 7
418152 9 10
3456141 50 20
1313 1 2
1191535 24 10
1706097 14 24
28758 6 4
359469 10 6
40074 5 5
5291549 40 29
60691 33 3
1084330 13 17
1688000 24 12
3688349 84 8
45373 16 8
26448 1 19
12845 1 2
2268885 48 9
960225 27 10
84787 4 7
9233 9 2
2344969 48 8
3006465 33 17
149740 13 3
5060 1 2
9046 1 12
3343055 27 30
7609782 66 23
145472 1 32
308761 52 1
143399 35 2
1085710 30 22
87202 6 6
20341 1 4
148162 2 12
2154280 17 20
107990 4 13
107276 6 4
113895 11 3
184411 16 4
403967 32 2
118327 54 1
4707 5 1
38669 2 6
1576738 38 13
10130 1 3
45011 2 5
750510 5 24
2502868 33 16
37558 6 15
679194 11 14
341531 8 8
749234 39 5
739636 4 30
212287 35 9
39315 1 7
169801 8 34
146840 11 2
14586 3 1
2041030 51 19
269044 2 25
740619 30 4
196949 11 3
113019 29 2
993300 18 19
123031 3 8
1126740 35 8
44053 1 10
9365 2 4
699414 26 6
113640 14 2
1353551 7 31
134734 3 9
1341022 32 10
85580 6 4
1964103 25 15
2468431 57 11
150916 1 24
424885 28 11
602067 9 19
20398 1 12
192297 2 26
28707 1 7
654564 39 3
140079 6 4
4177974 34 27
3326866 28 25
13144 2 1
713074 8 15
17085 3 1
29044 1 9
301865 8 11
420891 11 11
441209 96 9
300326 2 24
223760 12 3
129283 24 1
173025 5 9
1147049 14 22
11619 2 7
2578 1 7
463576 35 2
589945 25 5
39465 2 5
85424 7 8
261667 16 5
138829 4 8
6346 1 5
887 1 2
406699 16 7
38296 6 2
32481 4 4
181736 3 12
156643 3 19
1066427 7 25
1255223 22 14
361855 41 3
7552 1 12
194773 5 8
154659 60 1
5707055 41 26
93065 3 20
2409686 130 3
315985 8 31
590792 61 9
29052 20 3
686948 33 5
1638738 37 23
453346 6 16
2297950 33 24
1394857 56 7
139110 15 11
818729 13 19
170366 34 1
523977 20 11
163564 43 1
61687 1 10
359997 4 16
1163865 69 31
242008 55 4
643038 40 4
180589 27 1
89329 9 27
684451 10 15
239820 20 3
9496 1 2
14267976 94 28
137405 15 2
2847530 26 20
265579 4 17
394111 6 10
259576 4 28
2079585 22 25
13751 1 9
1225618 11 28
3589078 26 23
1201633 17 13
10263 6 1
988124 8 33
52554 5 2
109040 2 12
2305629 24 16
958436 41 4
160800 2 15
2827348 105 8
394027 56 7
3878 1 1
3656 1 1
13617 12 2
58657 3 3
442005 4 33
58778 1 19
89157 7 2
53653 10 1
18314 37 1
1089651 23 11
85542 3 11
2634688 34 20
2151311 41 9
78130 28 5
11776942 54 33
74904 48 1
41027 1 9
2684389 31 17
1140624 26 11
22880 6 1
3381 1 3
158650 9 8
187779 43 5
228933 26 9
1194063 83 13
348704 10 18
24689 3 2
54471 9 1
37307 2 29
117743 34 1
130948 11 21
63335 8 2
946869 30 9
1278504 9 29
768540 11 14
286048 6 11
57366 3 4
845195 8 17
80575 1 35
269799 31 2
76687 4 5
1301526 13 21
454 1 1
258724 16 5
20995 6 4
8895 11 1
456770 12 6
232384 17 10
1047323 38 6
2288641 32 22
1560067 50 6
1017925 26 25
102349 3 7
12662 1 11
3069321 67 15
8689 1 2
232558 8 6
321710 9 20
781198 74 10
363156 14 8
88653 22 11
1962 1 1
13830 11 1
908046 21 10
420265 20 4
532293 9 15
89523 6 10
124864 7 5
67253 1 17
141066 3 22
1002237 47 18
2225627 43 15
44992 9 14
25803 2 12
254356 10 6
341820 38 5
87128 21 1
1114555 13 15
42263 7 2
31143 18 1
120386 1 25
46583 11 1
246825 31 2
91197 1 15
7311 1 11
314789 10 7
169157 19 3
21111 1 8
42834 11 1
71744 5 3
4175390 78 20
1262408 13 20
795013 14 13
56317 2 6
84360 14 9
80634 2 24
180623 3 12
133316 6 6
1976771 49 8
312696 34 23
426602 12 7
21963 11 1
1244723 81 3
89859 10 2
2291 1 4
2436057 44 9
89706 2 11
308590 6 10
268867 4 19
128220 2 13
214799 18 15
42740 1 12
86594 3 8
1044258 8 29
250732 16 3
424188 23 4
110012 4 6
276409 19 11
145036 8 7
6459 1 15
547413 9 11
13939 2 2
665317 34 4
348363 4 24
310462 8 8
40325 1 7
26259 6 1
1297004 28 8
219333 21 12
248364 5 11
364258 35 7
48315 1 14
145200 18 9
37588 3 3
93670 8 3
3870926 35 17
317836 37 2
66941 4 4
694756 19 6
123011 2 10
233324 65 6
1453529 17 20
170746 3 20
386744 18 14
2464261 99 7
295537 6 14
3298 1 5
3684 1 1
64689 3 32
31484 4 22
171638 7 5
123825 7 3
1732663 97 5
905649 35 4
7041 3 3
1923 2 1
113675 1 20
54038 48 3
179533 6 7
84253 12 5
25706 1 20
7247 1 3
502728 9 14
12874 3 2
4291541 30 22
65007 15 1
1144792 11 27
1066590 16 12
1561977 34 9
1972471 20 18
747649 35 10
265439 2 23
163124 2 18
536926 12 8
70051 6 20
1357928 28 14
1292963 38 9
40481 4 3
301199 56 3
29056 2 13
152884 1 34
197532 5 8
887979 37 7
335340 24 30
93194 1 19
2128068 53 6
295122 78 3
6669611 73 14
295428 8 6
84836 4 16
99815 1 18
115931 1 19
64663 2 7
60497 8 2
152344 14 2
1159675 15 14
132342 98 1
114631 4 7
97960 15 1
55413 20 2
58017 1 9
220472 12 11
12129271 59 35
782343 15 11
386598 4 24
62475 8 6
92922 39 1
470336 10 17
27356 4 2
3064581 60 35
95498 8 2
571900 10 15
19413 1 3
41143 1 8
423559 5 15
85419 7 20
246081 25 2
560676 16 16
1189197 19 12
12060 6 1
225076 12 27
160701 12 14
627156 5 28
227916 7 6
112561 5 16
445398 6 26
196626 7 8
50523 10 1
2825104 30 20
18454 7 5
2469006 44 12
8463 2 1
39466 12 1
19663 1 10
86603 5 19
1970094 14 23
89774 34 1
962808 38 6
489132 33 11
2682176 42 16
2252 2 1
11121 1 2
83405 5 15
410010 35 10
3395 2 5
252640 14 7
5887 1 6
29972 4 2
97425 14 5
1032793 52 4
7549 2 9
27668 1 8
11686 1 12
1188254 48 4
83379 8 3
2111483 18 18
7669287 75 28
114129 9 3
74727 1 20
6451652 59 31
18277 6 2
461409 4 18
1265183 98 12
291888 17 8
26623 2 2
761606 14 28
17333 3 7
509511 6 21
6909194 124 15
112617 2 27
54213 7 13
361192 2 36
31134 3 7
81570 9 3
866062 47 5
162405 13 3
147525 38 6
547922 5 22
984685 80 2
746004 109 2
36951 8 8
76691 13 3
281012 22 2
31743 6 1
775818 22 10
259181 8 6
11221 3 1
89314 4 11
1693669 31 9
123615 5 10
761429 10 12
431675 4 19
59755 9 1
4428720 56 16
171554 6 6
520386 49 2
796037 105 2
101091 1 25
20265 2 9
360725 11 5
33100 1 7
101365 10 9
112574 10 5
1502528 51 7
101787 3 9
65515 1 10
3323 8 1
85843 5 6
53663 13 1
1009465 17 15
23398 9 2
25250 3 2
134898 17 17
5812 1 1
59503 1 14
77652 1 19
20604 2 6
117760 35 1
904211 15 18
54672 2 12
1829511 43 7
166949 56 7
1447891 10 32
43955 1 7
181267 5 6
110993 16 5
1331823 13 30
362004 3 19
133849 62 1
9223 12 1
85399 22 1
63073 1 10
47527 14 3
868061 5 33
17952 2 4
45237 7 13
1463316 55 12
10995 2 1
1696685 21 14
2450803 72 6
61977 10 15
1452451 28 10
4341610 41 27
659063 46 30
3779433 41 19
128431 41 2
80841 3 5
68105 4 18
21402 6 3
1348354 30 18
68512 2 6
290332 64 2
88144 16 1
383901 11 7
1122970 16 21
194582 24 2
561805 53 4
66165 35 1
1494500 14 19
312192 7 8
36508 2 4
1239090 29 10
5431 1 1
296652 5 9
602620 62 2
1991884 19 35
4161 1 4
5294318 38 25
116361 2 10
1919075 20 16
50190 16 2
3958726 49 15
3602504 54 15
122895 37 1
106167 2 31
43152 11 9
6814 2 1
39309 2 11
489362 14 12
163097 18 4
2049072 18 18
1368100 41 5
16696 2 2
16820 3 1
4505 3 2
400202 20 3
9352481 48 31
678692 23 8
3353957 44 14
11220676 73 28
306378 3 23
22386 1 22
288712 7 7
9335 1 9
23952 4 1
430081 4 26
8959 1 21
484246 37 3
279422 18 7
566898 5 19
256026 23 9
206755 12 3
300690 9 5
37768 9 1
362902 15 5
53989 3 3
207939 12 27
1695953 14 21
820894 9 17
11905 9 1
168694 15 3
217491 30 5
20697 1 25
1320445 20 21
822001 38 6
53816 6 24
16954 5 1
64749 10 4
346766 15 4
9626 1 6
1016757 17 14
3370887 30 20
384527 6 19
41778 21 1
14591 10 1
75838 2 8
1062253 86 22
12374 1 2
186941 4 9
911941 26 6
50769 12 1
10119 4 2
375690 14 6
1005136 57 5
1858 2 1
71326 1 21
13975 4 2
126123 32 3
330245 32 2
1716427 21 19
1666037 43 24
78409 17 5
1049226 44 8
339043 7 11
6777058 77 14
1596933 38 15
42034 7 1
145790 5 14
151340 20 5
170923 6 14
1383195 18 22
161606 8 5
1495489 40 7
4407963 27 26
3271916 27 23
1084663 33 5
40556 4 9
3602255 69 17
3647663 83 7
3335 1 3
6440 17 1
48159 1 8
813264 27 15
327936 76 1
90227 7 3
198356 9 5
112511 4 10
3069767 40 12
115574 12 2
68654 19 6
330747 17 5
1016434 14 17
218594 19 3
631560 42 4
2859016 27 30
120376 5 15
1657 1 1
789379 6 20
711510 14 13
39633 2 3
165468 2 18
396065 13 8
803252 7 27
19686 6 6
105313 13 2
2286319 37 11
118860 2 13
1242852 17 15
7885 1 5
34205 10 1
1569202 74 15
156654 8 15
5191 14 1
11937 2 1
14692 36 1
32148 4 5
72802 17 12
653785 85 2
547537 20 8
1994686 43 13
740488 39 6
219375 17 3
613958 5 27
246637 23 2
2412522 51 9
442596 51 2
199709 1 37
112602 30 3
135110 3 8
152619 4 9
282886 4 13
4205 1 1
2484 1 1
558050 24 5
277154 35 13
371128 8 8
12553 1 10
23487 4 3
560425 35 9
4428 1 4
555097 17 6
604948 16 10
113609 23 7
149625 1 26
13138 1 14
106407 2 14
1628935 56 10
101574 2 12
352197 38 25
532231 35 23
131806 47 5
35342 3 2
29756 57 1
28962 7 1
417905 25 3
113561 3 11
153477 18 3
374003 100 1
735695 36 5
79698 2 9
9075787 64 22
390904 12 6
303625 23 7
257860 5 15
158843 8 4
162365 7 17
1340054 18 16
285623 23 20
562405 41 3
403705 9 11
2583980 33 19
1147222 31 13
1589282 30 28
1205031 11 29
432955 13 7
3466 5 1
82402 1 19
37695 1 8
7081 3 5
619359 37 4
476489 64 2
1739384 20 18
233975 2 35
4284957 92 12
76730 2 6
452991 8 11
1267970 86 29
56008 4 4
72760 11 8
111186 27 6
103714 14 2
543695 8 12
116532 5 19
14900686 89 35
229911 4 15
127610 7 4
261915 10 7
1689489 30 22
68439 1 13
37366 2 4
66215 4 7
166701 3 12
9261 6 1
5739 1 5
2356330 54 8
855049 26 6
4162855 80 11
440309 4 20
5579 1 2
174312 10 11
422626 11 11
1601865 17 19
1558 1 2
66133 7 10
113418 5 20
125135 7 3
510476 22 6
6561 5 1
127117 66 2
108807 1 29
12134 1 35
385444 6 13
76135 22 1
1887507 32 12
1388004 36 8
320029 5 15
2766263 85 6
3752715 26 23
1271568 67 3
5417 2 7
411019 12 11
527863 9 11
938845 50 5
216157 6 10
198906 14 9
60676 5 2
266156 8 36
1087315 20 11
3238812 53 13
24740 2 3
255788 15 14
4816 2 1
621400 5 31
1989512 19 31
145251 5 22
65854 3 4
222446 31 18
523032 29 3
51610 19 3
79132 2 9
219320 5 26
14203 1 10
943345 32 5
82868 6 4
4549 1 1
282465 51 9
61567 1 11
84555 8 2
499206 11 14
475378 7 11
90725 3 9
1263296 39 8
205745 2 24
25732 4 1
2018489 25 22
169799 74 1
1477906 37 10
103888 3 9
1578849 40 7
70734 1 11
81172 3 6
41703 18 3
2158870 34 14
4299880 27 27
208387 23 8
850254 10 14
18797 1 11
130128 5 20
775409 21 13
132452 12 2
97068 6 10
289009 45 2
76502 14 1
3908449 52 20
231059 7 7
526097 22 7
62326 1 12
45163 7 1
1622188 28 12
89946 2 11
85956 3 8
20662 1 6
915149 16 29
29202 5 2
179415 2 19
14294 4 1
2923 5 1
20081 1 5
308951 6 11
14164881 121 21
7544 1 4
2338379 47 9
472545 3 26
674734 12 18
1247375 11 22
1648886 41 9
1436279 17 21
77510 1 23
18944 2 7
341373 56 17
201932 18 13
104237 31 1
719135 20 8
515417 9 13
385198 3 25
7179 2 1
3625290 93 8
4892317 46 22
3560 1 2
96522 6 15
24354 1 14
1932601 58 5
723743 25 24
370768 20 10
82970 1 14
36481 2 5
61690 4 14
4659035 54 25
4425070 86 18
138035 14 5
111385 33 1
611395 3 35
272510 46 1
27187 1 12
12739935 86 34
895794 6 30
5015446 109 16
62166 4 3
311509 11 18
263979 34 2
1502698 19 15
997045 38 7
179135 28 1
99152 3 12
812444 29 6
1281 1 1
727031 8 20
196229 47 1
44850 38 1
2214 1 2
98296 5 3
2004 3 1
20128 3 9
16104 3 1
720255 23 6
585468 64 2
71542 16 4
8242074 65 22
5172 1 2
41738 3 8
616020 8 18
140034 2 17
3876494 87 34
121539 17 3
1718673 90 5
2028862 53 8
19679 3 1
74117 1 13
1929431 18 17
33202 4 2
125614 1 33
2861948 22 31
95734 33 6
1292 1 1
575175 12 17
94570 15 1
1218138 18 14
195783 5 26
407417 9 12
881915 38 6
19859 3 5
314565 18 4
12459 1 3
289873 6 12
291606 9 8
56073 1 21
213678 2 18
66627 1 17
138291 3 9
56617 1 12
1280669 11 21
2669427 43 19
974751 13 19
310273 11 5
31840 8 1
424380 6 13
7024 4 1
10591040 65 33
118078 4 5
176578 2 25
1459014 36 8
1390 1 3
366995 20 15
5825 1 1
158060 18 2
14454 10 4
179155 16 16
2554887 59 8
768746 8 15
1156827 12 23
225556 6 9
26870 4 7
87179 2 8
8014 1 3
19282 2 5
227111 4 13
376051 11 13
3884363 24 26
24199 3 6
5458 1 1
62283 9 11
1017920 30 20
43391 3 4
147459 32 12
6685107 61 18
37815 1 18
193792 20 7
1033891 26 6
249619 6 15
708458 64 5
113851 7 3
16855 3 9
35187 1 6
58200 1 10
26937 1 8
1049468 25 10
231877 9 11
1097466 20 10
586347 18 7
932143 71 3
386391 10 10
188730 3 11
627750 52 3
3482873 57 15
82028 4 9
198732 4 13
1128836 96 3
466386 7 10
804 1 2
134842 5 21
509630 23 4
10187 1 3
999920 12 18
652145 33 5
130814 32 4
358491 67 4
125067 27 1
12654 7 3
111706 3 8
9886 9 1
618544 7 17
1145244 9 22
162008 41 1
427390 44 2
16483 2 5
139570 9 27
148304 10 5
93325 22 1
6773 1 2
232087 5 17
69192 14 1
20219 5 3
912936 82 4
825153 21 7
498978 49 7
1943832 68 9
177338 11 3
965799 19 10
930151 10 21
364585 7 9
157664 14 5
205640 4 18
294644 9 6
1456750 12 30
38400 7 2
2449462 42 9
782111 43 4
5895 3 4
2365533 46 15
54328 11 1
26709 2 7
304376 8 8
14238 1 13
140954 3 8
545216 14 6
108693 14 2
283055 9 5
717742 106 11
54530 8 6
4423 1 2
5787 1 3
374998 3 24
171790 16 2
72037 4 3
1000868 57 3
156085 6 31
64962 5 2
204610 14 5
714241 31 4
29915 1 14
95541 25 10
780777 11 11
343308 19 3
475419 18 10
39665 3 2
2125946 67 14
34161 3 18
159224 28 2
71143 1 18
1782167 55 5
607778 4 27
1866 1 2
2198567 44 9
181580 5 8
13736 6 1
360842 13 5
83724 32 6
31723 2 6
4843 2 7
131101 32 1
598823 9 16
484705 8 25
132038 32 1
285333 22 2
636895 53 3
167910 5 31
152728 5 6
24850 1 7
990703 30 6
3264 1 2
527150 45 2
1446660 8 37
279347 60 1
87671 32 5
175982 2 15
27769 2 11
60049 45 3
121551 4 8
9518 1 5
246457 27 2
51228 7 7
134549 43 9
40670 3 4
57021 14 1
982208 23 23
118471 31 5
5590868 50 24
6555764 78 23
224830 3 18
439261 45 8
158341 14 3
3512829 38 15
31395 4 2
65310 6 3
192308 42 1
35793 2 4
75260 1 12
136311 2 13
3173847 24 24
1388689 21 15
8021 9 2
2735130 18 32
142804 29 3
243910 2 24
512856 33 24
444414 8 11
18700 2 2
92552 1 26
527341 24 21
5022 1 1
738872 13 10
5908797 37 26
104410 2 22
260223 3 19
115643 7 5
1318459 43 8
1028988 32 6
2456 3 1
1402591 17 16
1117716 14 12
450587 7 10
41144 3 4
115190 9 2
104357 1 16
469430 14 6
47297 1 12
354685 4 17
289745 6 8
14970 1 4
26587 1 7
229171 4 12
39234 2 3
29389 2 7
431520 41 5
9213865 54 31
724917 9 20
266405 2 24
2227524 20 20
234488 34 2
4785 5 2
7365 2 1
36276 8 1
39862 4 5
835673 20 10
155291 5 6
8648 4 1
28328 6 2
9395 1 14
5067 10 1
53292 7 2
1596 2 2
673132 14 33
305958 5 19
367581 2 28
76604 2 9
387610 79 7
8032 2 1
66638 3 8
225644 11 4
190424 1 37
116160 3 7
4394 1 1
1255591 35 36
117563 6 5
143281 2 13
7512920 82 18
218447 4 15
1936773 53 8
183490 8 4
19919 6 1
26000 2 14
26843 1 6
249570 36 15
327871 19 6
437201 3 32
90641 6 3
361797 61 1
257514 8 7
3327443 43 17
1239108 35 10
176072 7 4
56952 2 6
857 1 2
779520 21 7
774888 12 18
136263 19 19
1372420 14 22
135131 10 6
28496 3 2
553374 27 4
45095 1 23
1613783 69 6
798821 14 12
78289 1 14
315592 60 1
122334 2 25
345578 4 19
361799 7 14
1870574 26 13
74492 6 2
276028 5 33
144219 38 6
38260 2 27
10461 1 4
6587478 41 35
51029 23 2
115580 5 26
66719 4 3
3293336 37 25
2154866 118 5
1902613 31 17
61498 2 14
4689602 95 8
202965 15 5
383349 8 12
204024 7 7
379520 45 4
8513086 88 25
14361 1 4
2710224 22 24
271205 21 3
14341 1 3
31779 2 10
121649 18 2
57927 18 9
389145 20 4
4270612 38 33
543511 5 23
2961824 58 12
83114 9 14
11824637 78 23
50332 1 10
288923 4 16
342053 2 31
106203 24 2
87774 3 16
69138 1 13
13999 3 5
51622 1 14
2251816 67 13
141098 5 9
755124 11 13
154857 3 23
1233935 15 20
295267 90 1
29470 17 4
4751076 62 17
15828 3 1
392736 13 5
2208407 19 25
185066 10 3
9997 7 2
246734 28 2
8488 2 5
55671 8 12
39361 2 14
398559 6 37
22220 3 2
35875 1 7
1700675 34 8
3223094 66 8
9350 5 2
52984 1 9
1842781 76 4
2630718 90 6
119202 11 9
12480 3 2
569693 21 17
3844674 34 18
198460 18 7
235387 10 5
1849189 35 32
228876 8 24
2530830 51 20
51905 2 15
33954 71 1
2078187 48 9
423717 20 4
235076 9 6
46009 3 5
8713 1 13
149175 4 25
281773 4 11
338833 66 1
32796 1 5
242479 37 6
66426 1 14
2051163 61 8
1065446 10 19
322485 20 16
109750 30 1
53004 5 19
345116 12 35
3563988 27 36
369750 7 12
1172754 33 7
1151496 9 24
211015 9 4
33004 3 2
88450 4 35
428008 24 3
18669 2 4
3149773 33 26
86921 4 18
9969867 75 20
3886445 63 12
13607 1 3
4869 1 1
179358 14 4
41687 2 8
2148637 28 15
918508 76 3
172391 3 19
706034 30 5
817591 17 12
10622 1 7
35982 3 2
57600 1 11
1668469 28 35
258410 4 11
18969 6 7
14277 2 12
57030 4 3
116578 10 6
266463 12 6
46253 1 9
3752835 84 13
1408238 68 6
906263 30 8
3646 1 3
838056 50 10
323835 8 7
3418862 77 17
