95 7993 2085
5 24 3 23 29 10 30 3 2 29 10 22 25 25 1 15 13 10 9 32 29 29 17 21 8 27 22 26 19 6 3 28 26 5 19 11 27 13 18 23 27 30 8 6 9 2 33 18 29 4 20 27 16 7 1 11 10 21 13 8 27 6 10 3 19 25 29 33 32 4 23 14 22 6 16 8 9 19 18 2 24 24 5 13 32 33 17 27 28 24 5 31 27 24 14
90658 7 7
17303 11 1
118486 4 20
4120 2 7
150916 19 7
23519 21 4
66934 10 4
730760 13 29
35629 6 4
26610 9 2
13582 13 1
1015790 31 16
215857 5 31
5538 1 21
8025 1 9
634649 32 17
91793 29 3
66949 3 18
68769 25 2
19697 16 4
263411 14 14
115205 14 4
102354 3 21
3341 2 3
2143 5 3
72517 15 3
463147 30 8
11523 2 13
1385914 40 19
3903 3 1
1637 1 2
77837 13 3
11222 4 5
1207617 55 20
9224 6 6
26684 3 9
5816 1 5
4837 5 2
211621 16 8
17196 1 11
1359 1 1
75355 5 10
904695 39 17
35943 26 2
1648 1 1
27117 5 12
28611 21 3
140094 5 14
134450 8 13
3460 6 1
27839 5 6
72008 4 14
710 3 2
456338 12 22
48167 60 1
35034 39 5
86972 26 9
5955 14 1
241843 17 10
128125 12 11
53056 4 12
1259051 43 22
205179 8 18
74329 20 3
54609 10 4
90848 14 6
3712 1 2
10835 8 6
195095 17 16
43727 21 5
6665 1 11
81224 36 2
12020 7 2
26803 2 21
31497 6 3
845077 24 21
37228 5 5
9818 1 5
766166 26 27
4498 1 9
99307 34 26
24550 11 3
15093 4 3
495 1 3
235129 6 21
10022 3 3
792601 24 25
5430 1 4
14931 7 4
7814 6 1
317037 15 14
241422 28 6
4200 4 1
588444 22 18
441302 36 10
481571 36 9
17219 1 31
4406 37 1
140158 8 14
26974 5 3
123494 19 6
64066 2 26
223437 19 10
508526 27 16
24413 21 1
55170 26 5
1120 3 1
128059 9 18
52916 2 19
71330 3 17
51647 29 9
351 2 1
471512 33 10
6675 9 1
3030 2 10
47539 1 23
155382 15 5
4156 5 1
42944 30 4
9494 21 4
51542 3 13
8181 10 1
5628 4 3
207302 16 8
4344 1 12
31595 6 4
72299 3 15
4221 5 3
95591 22 6
11478 8 1
48121 11 4
32575 3 9
244192 23 16
20582 11 2
40684 5 5
14122 31 1
18388 1 11
827189 32 19
8297 11 2
331567 22 11
9081 1 7
17743 5 3
91112 42 6
12302 4 2
16757 5 22
654394 33 14
231306 15 8
178913 7 22
62137 6 8
102721 48 5
746289 32 17
1524 1 8
1814468 33 27
13410 1 15
470016 27 10
2781 2 1
31385 8 2
3561 3 1
11048 1 7
219982 12 12
7398 1 16
57360 3 15
146823 15 11
28794 12 4
6340 1 6
18448 16 1
27732 3 5
588850 19 17
14768 11 7
11082 2 8
81774 7 13
93018 9 17
121902 22 3
2463 2 1
1178 1 3
278322 12 15
768868 55 13
64187 31 1
835165 25 22
62539 25 3
16667 1 11
26009 2 9
6117 1 6
483 2 1
43215 3 15
2226 1 2
3446 5 1
1231 2 5
76574 6 7
205876 46 4
50603 3 11
19317 13 1
42117 3 25
12413 1 20
24568 4 5
96653 19 12
61221 7 8
25036 8 2
7709 8 6
235 1 1
170272 22 7
553294 27 10
18532 5 3
104457 26 9
54637 23 8
64718 5 26
33013 6 9
15862 1 11
132734 5 13
6299 3 6
97145 8 11
105213 18 3
33106 11 12
32761 23 1
5580 5 1
3289 4 1
139058 14 11
40965 12 23
30022 19 1
2823 3 4
4332 3 2
23724 7 2
55780 4 10
3255 26 1
170226 10 10
3683 1 5
20250 8 12
10359 5 1
23664 3 7
1089491 40 25
60277 3 18
243946 16 11
1387138 75 17
679282 43 11
6021 4 3
147018 31 4
1023993 56 30
10164 12 4
88079 12 5
23488 4 5
129628 8 11
17072 1 14
51598 39 1
92623 6 10
940522 18 32
9145 5 1
1642 3 1
120025 8 13
74548 3 20
144665 16 7
156410 11 7
941759 26 19
21178 21 4
2059 2 2
83090 2 23
1208 10 1
8298 3 2
189730 10 15
700 1 1
7134 1 8
143400 18 4
32154 40 4
6213 1 5
428500 12 20
221427 12 9
29696 2 8
6947 1 5
22377 2 8
18805 15 1
2632 3 1
114722 5 16
53864 3 12
22557 1 14
13047 4 2
697911 33 20
11235 21 5
153103 12 7
60500 4 13
762019 46 21
5553 2 5
13594 2 7
346711 32 6
20320 18 1
9234 9 1
66912 8 6
110992 7 11
68571 4 13
16083 15 8
254832 21 9
70634 5 8
72783 17 18
15768 4 5
187247 8 16
15495 7 2
3393 1 4
22487 13 1
52299 17 2
39987 13 10
12676 1 7
20199 8 7
9691 5 1
661374 46 8
17060 1 14
3772 1 2
14296 4 7
65421 18 3
284732 23 9
339509 43 4
35645 18 1
69112 2 24
2393 11 1
9504 4 2
4081 6 1
5052 5 1
394887 10 23
4692 4 1
267842 43 5
9033 9 2
120559 6 15
6273 23 1
401912 31 9
24475 14 5
38909 27 9
773573 18 29
253393 26 8
80664 25 3
14342 7 1
204494 23 7
67994 3 11
869 2 2
28478 5 19
38037 2 15
22699 8 4
19882 20 4
71468 3 17
6864 24 1
21437 5 4
19389 19 2
35482 32 1
21340 18 1
628953 49 8
287461 7 24
4092 3 2
2296 3 1
931094 48 14
16833 10 1
12822 2 10
3556 2 14
14175 2 7
38231 1 29
91558 3 18
14202 1 11
1421 1 1
5983 6 1
4444 1 14
3150 1 2
12817 5 2
492480 33 14
14195 2 5
483880 20 16
8246 2 11
129029 8 15
65380 13 6
85974 17 8
44326 9 19
483413 57 8
1934 3 1
32299 5 5
15874 3 7
9035 1 9
49440 14 9
45924 3 10
34159 1 18
130010 47 2
14366 1 15
200625 13 12
253918 9 25
4231 4 6
207941 16 15
13856 3 5
57320 7 5
7565 4 4
4839 1 14
625578 20 27
4435 4 7
180558 16 6
17830 1 14
913036 44 12
111662 30 3
8000 6 3
1548 1 1
7015 4 1
205696 21 7
71736 6 12
606109 31 29
16162 2 11
234333 11 11
165459 9 10
132892 6 11
23289 1 16
22448 9 2
27228 2 23
14931 9 3
28644 41 2
53608 8 9
193201 6 16
67579 5 7
1142 2 3
36312 8 4
39294 6 5
13116 2 4
53723 2 13
27208 1 24
7373 7 7
18939 6 3
3339 1 7
172022 17 5
47589 6 5
69286 23 11
55075 10 20
58035 3 12
9095 4 9
31849 17 7
12112 3 6
109116 29 5
207224 17 10
237260 37 5
8081 3 6
23944 3 4
281999 26 8
197010 5 23
317599 18 20
35448 18 1
430331 30 10
11332 14 1
4479 1 4
222386 8 14
15638 10 1
12155 3 2
102093 7 8
546367 33 8
3390 2 2
5613 5 1
4586 3 4
2922 1 3
1806 3 2
79699 22 7
1829 5 3
15112 1 14
11357 3 3
317401 6 26
39692 22 1
134683 18 6
14085 5 7
34106 3 14
95641 3 16
9763 7 1
169125 9 25
574542 25 13
499410 14 28
39187 3 22
102085 28 5
8500 1 8
100828 7 8
28262 26 9
39722 27 9
235154 25 5
1939 1 1
32392 8 2
12809 2 4
93758 23 6
10559 1 23
105301 19 4
29214 9 2
424480 10 22
209840 8 14
32014 2 18
72513 9 9
13495 2 9
12367 1 17
89071 11 4
587 2 1
153129 4 21
1905 9 2
20740 3 4
14928 4 3
786059 20 26
3885 2 1
97647 37 12
730725 13 29
1055832 36 17
12260 1 11
435812 42 15
22955 9 2
8606 4 6
34416 4 7
25638 14 12
18056 3 5
156332 7 17
6488 2 2
79359 4 10
2364 1 4
631793 40 11
379834 18 11
4279 1 9
24074 8 2
29040 3 8
1342 1 6
248814 31 24
20066 6 2
92884 5 13
292041 11 14
260233 40 4
37368 1 24
33783 16 5
29549 3 7
110046 27 2
4504 11 3
23128 25 2
14826 3 3
140109 12 18
4978 2 2
409846 21 24
2510 1 11
11670 3 3
16326 24 3
17286 1 13
56600 20 7
8426 2 4
35283 11 16
10118 9 1
3479 3 1
289909 18 10
70616 4 14
22456 4 8
1975 1 1
4116 1 6
1002 3 1
146098 27 7
283081 33 15
84448 8 9
13455 1 9
70587 23 3
234092 51 6
3384 2 3
8573 25 2
1453 1 11
12545 9 1
35695 33 1
6028 1 6
1793315 40 25
153977 5 23
42220 13 13
60342 2 18
262018 13 14
596796 24 14
10464 14 2
187157 14 8
311025 56 5
663 1 2
1882003 48 24
2081 1 1
60260 12 26
104341 6 15
56984 12 8
99615 2 29
3808 3 1
6062 3 1
25574 17 3
17764 16 4
49693 5 7
5609 1 3
10695 2 3
13224 15 2
3758 3 3
78329 4 14
69866 12 4
72363 14 3
209696 26 20
316099 46 4
2746 2 4
7918 19 2
37976 4 6
118688 14 12
9570 5 7
18964 3 4
1930 1 1
114315 11 9
69550 20 4
9474 2 3
1380485 29 25
402739 35 19
110569 29 2
11910 1 14
144711 3 29
14167 1 9
8753 1 8
92735 16 5
132645 17 6
1886 1 1
2577 1 14
145019 6 15
7939 1 12
251840 44 10
23875 7 3
14791 1 8
11821 2 4
84845 22 2
212006 8 17
21714 8 2
414960 25 15
24807 20 2
194004 33 3
89332 4 11
64595 8 5
3526 1 2
9199 5 1
661805 33 23
65844 5 12
12911 6 2
49252 4 8
27969 14 6
76455 14 4
223969 9 18
310768 14 13
41786 5 6
44381 6 5
384304 32 12
5502 1 3
35227 10 3
43953 30 1
294748 21 23
29326 25 1
33329 2 8
1147678 33 27
15429 1 13
13505 17 1
33048 3 7
121103 5 13
44273 13 2
39756 3 10
3341 1 2
32170 3 10
323651 20 8
58098 19 2
9495 8 9
30108 9 2
2755 2 1
17162 12 13
10498 10 6
11586 5 5
3296 4 4
50486 4 23
6436 3 3
558113 36 13
194686 6 31
17794 7 3
32498 8 2
412747 15 14
4117 1 3
15254 9 4
28186 5 6
90172 39 2
67104 9 4
1179 3 1
87704 20 18
3881 1 8
66489 7 24
3603 1 8
48619 31 2
10574 1 11
1598 1 10
2995 2 1
65837 13 3
58001 12 3
114245 32 2
1080017 31 21
5180 1 9
56107 5 17
800895 23 25
91696 27 6
26021 12 7
153554 8 17
19438 14 1
10608 4 2
112254 8 14
34899 16 2
26818 10 3
6241 2 3
125941 52 10
1014972 48 15
80680 7 14
35412 3 7
35323 30 2
4863 1 4
223709 9 15
15572 14 1
83282 28 3
118424 31 32
299432 28 9
385007 20 16
6985 4 1
17990 2 15
8844 4 6
154198 4 27
357841 30 6
192250 25 9
16308 12 1
32146 26 5
10487 4 3
242916 15 10
4966 3 5
121095 23 9
11657 37 1
212365 23 5
30434 46 3
17442 1 14
239194 26 6
419938 32 8
33512 4 7
5045 1 3
23126 3 5
238929 37 19
34151 22 5
434363 35 8
2575 1 2
9536 3 4
24339 13 1
382628 22 11
10055 2 9
176266 23 5
111370 24 14
18819 15 1
984035 66 9
35032 2 10
340 1 3
37919 9 4
2349 1 2
4182 1 5
6184 10 3
25409 41 2
105285 18 14
109983 3 26
15234 1 20
395803 36 8
1443395 50 16
576144 36 15
302 1 2
4494 1 3
200761 12 19
12462 1 7
86317 7 6
11403 12 2
1449149 49 15
4978 1 3
41114 6 20
28641 4 13
89945 14 6
470811 27 19
778040 43 14
30596 8 8
15926 24 2
171261 26 6
15898 11 1
8927 2 12
800761 24 17
132591 17 22
386674 25 17
529127 27 16
6943 1 12
3923 1 2
30393 11 6
80813 3 15
41346 17 15
105632 3 19
188143 13 8
32948 8 8
1282 1 4
708659 19 26
43735 64 3
1410335 51 21
24928 12 8
545314 16 17
55912 16 3
64581 8 7
15699 38 3
21204 3 19
46999 1 23
83301 6 24
198182 16 18
633616 33 10
280 1 1
15739 1 13
24169 1 14
9034 2 3
7191 1 8
94328 43 14
20228 10 2
34843 4 7
1206 2 1
581 2 2
75651 4 15
78239 2 24
92590 15 10
323968 20 23
31491 2 30
23079 2 20
10942 1 11
131684 36 7
18630 8 2
5697 15 1
3979 1 2
30887 18 5
17890 26 1
126542 4 25
16477 16 1
3736 1 6
673180 51 8
13361 10 1
36820 3 11
223230 33 13
472906 40 8
89812 5 14
86946 16 3
200739 13 8
11149 5 2
90393 52 1
28357 25 2
528002 37 24
2489 3 1
393 2 1
11530 2 17
1023338 53 15
189929 18 8
160447 5 16
136762 37 5
744888 30 16
1845 5 1
352143 9 25
47656 8 4
42191 2 14
346261 24 8
20350 12 1
3446 10 1
69146 6 9
38910 1 20
59401 18 11
2219 3 1
1028 3 1
703568 28 24
56364 13 4
102827 5 24
14361 9 1
11925 1 7
260195 67 2
1193213 68 14
1879 1 4
3110 2 1
900639 44 13
5804 1 5
1271546 31 24
174597 11 17
617 1 1
248865 20 10
2709 2 1
3626 1 3
27610 15 1
19040 1 16
31848 2 13
7161 1 8
100904 64 1
48533 29 3
264292 7 22
10409 1 14
68427 26 2
3175 5 1
232284 11 25
114 1 1
33359 4 9
5459 1 13
12190 1 7
21903 1 12
8506 3 5
32977 3 10
4905 2 3
136340 11 6
17989 2 6
410245 47 11
249834 22 16
21702 17 1
148139 26 5
640286 23 16
9713 4 2
17208 4 3
9172 1 5
9829 1 7
64731 7 5
57371 6 5
536391 26 15
168753 23 4
196925 35 20
614741 27 18
75562 2 27
432757 17 16
26274 1 20
46201 3 22
1702 1 1
143568 6 14
49198 8 3
39421 17 2
2682 13 1
472273 44 24
188803 18 10
1924 1 1
220087 6 24
671176 53 14
1033452 72 10
71822 45 1
14642 18 1
131830 10 9
30405 9 2
51533 7 12
54711 23 11
755534 68 10
38997 7 3
2080557 47 27
55198 5 9
60251 3 18
472409 26 12
2290 3 1
107840 3 20
18549 20 5
147139 31 8
38442 12 2
410 1 1
293906 17 9
23344 28 1
22840 4 3
435291 26 10
509446 24 19
308610 21 15
23462 4 3
11165 10 4
61220 3 12
310594 39 11
161845 8 10
76237 38 1
131679 8 16
27467 12 2
8751 2 13
3523 2 1
1976 1 3
32853 9 2
8809 13 1
54565 30 1
200560 16 7
11641 17 5
547113 69 25
81012 22 20
46567 4 15
63593 18 26
2093 6 2
145199 51 4
28706 2 7
379213 18 14
50353 7 8
287880 9 20
1336825 58 15
39526 23 1
188418 6 24
455 1 2
324488 32 9
190580 15 7
32957 16 2
655 1 5
4520 3 1
39611 6 5
320029 16 12
33514 1 17
380282 20 10
9392 15 1
7696 9 1
37019 2 10
194977 21 7
317185 24 17
439551 13 22
87943 41 2
1231 2 4
81534 3 25
157020 10 13
204795 7 25
2543 7 1
36433 15 2
172 1 1
2019 1 2
19938 19 1
55341 43 2
39851 29 1
6537 2 3
9998 11 1
11643 30 1
1496 1 3
5087 1 3
25699 1 20
29586 26 1
24996 23 7
1352898 34 27
10940 1 13
127469 27 4
46287 1 29
12942 1 11
10504 6 1
24975 1 19
6075 1 4
118200 9 12
45232 5 5
16282 1 12
445999 11 23
155100 8 29
22882 1 12
97135 15 5
148907 26 23
20905 41 2
647845 25 16
2779 1 22
18398 9 1
47103 5 6
250 1 2
24674 17 1
434859 21 15
2976 9 1
11978 32 3
295266 28 6
560300 42 13
62494 11 9
24157 1 18
219612 13 9
88194 36 2
1760344 40 29
2061 2 1
40463 4 10
71028 2 18
2860 4 1
121122 42 3
3213 14 2
21783 9 18
12695 7 7
4642 1 4
12856 10 1
60115 32 18
4409 1 21
1923 1 6
12420 9 1
3306 5 4
10603 3 2
97659 7 22
524459 31 10
252084 18 7
55562 4 12
715187 60 10
134402 6 11
136418 27 4
6476 6 1
6780 1 4
25928 2 9
81564 26 7
18176 3 4
692544 18 25
328722 42 7
235172 24 16
51406 3 10
17373 5 2
34177 3 7
63742 6 11
14157 7 4
514738 23 11
12403 3 2
166123 34 14
170615 13 15
51840 6 9
433414 30 7
42247 10 3
7608 2 3
17221 1 15
206267 10 15
11297 3 13
25119 13 1
78332 5 15
24968 3 7
2194 1 4
6914 2 15
233513 18 11
36390 17 4
4202 1 4
4390 2 20
273441 19 17
2059 4 3
44886 9 11
804122 36 18
9711 5 1
86414 8 8
216989 14 8
14964 4 2
59801 6 7
75900 10 9
40190 22 1
447389 34 7
44558 44 3
234825 13 14
4323 3 1
1765 4 4
65328 21 23
99052 7 13
2332 1 2
229604 56 10
457354 18 14
9631 3 2
148092 4 26
15910 5 13
1320938 62 11
7495 1 9
11286 7 10
592537 19 18
1087 2 1
27868 8 3
107771 12 7
211431 8 20
193116 35 23
423833 14 17
333821 39 17
171052 19 8
38995 3 12
18547 17 4
26568 29 1
684033 17 23
170757 45 3
173883 52 2
95227 5 14
879594 21 29
1541 1 5
29352 6 4
404289 29 8
47785 12 15
4906 3 3
5090 1 6
57698 51 1
20271 8 7
71244 3 20
71475 41 1
735163 40 12
307 1 2
122193 4 16
7075 4 1
48844 5 5
5566 2 11
29500 35 3
8186 3 4
22155 2 6
20056 6 13
53631 16 12
46519 13 2
56013 9 5
133733 19 6
167099 50 3
7619 1 7
476285 15 26
3768 1 3
2502 2 2
153729 17 8
11521 3 3
302204 57 4
14500 12 2
2238 14 1
27148 9 15
10509 1 10
992428 53 9
379258 35 8
4346 4 1
7524 1 5
23864 3 18
1846174 44 22
104529 8 8
5346 1 4
13957 1 29
40776 18 14
15601 8 1
42980 9 3
14908 3 18
352167 38 7
1079 1 1
166695 14 8
166777 22 7
82503 3 18
1112 1 1
9503 8 10
3046 1 6
55153 8 4
1377358 71 17
3811 3 1
7303 1 4
15080 1 21
8432 7 10
614431 47 9
22504 3 7
60601 47 1
28479 11 20
234078 11 24
940948 17 32
29690 9 7
38376 6 5
6681 1 13
221971 32 5
13689 1 8
75460 42 5
6427 3 2
58782 7 7
21048 1 12
8823 1 27
21020 1 15
6529 1 14
504555 48 10
146728 5 19
600034 20 27
5914 1 17
22959 3 5
289109 30 8
119206 20 3
1473032 45 16
9836 22 1
592707 41 8
15268 10 7
54926 1 28
196137 25 4
17966 11 2
138392 17 22
1547 1 1
349843 64 5
144542 8 11
12035 5 9
16571 4 2
2659 2 1
188085 19 24
71011 21 25
44427 7 4
16299 4 7
198480 35 10
772274 26 19
123086 26 3
527925 44 11
2885 4 1
387309 64 15
22091 15 4
464148 45 5
1809 1 1
25036 6 3
140882 19 6
389015 14 15
261228 15 9
503600 24 14
7946 2 2
122231 4 22
188628 9 12
407520 15 21
234786 10 20
20452 1 11
504 1 1
52389 39 10
40567 7 5
109804 7 14
31949 4 4
16407 1 11
163828 46 6
6147 1 6
2214 2 3
5810 8 5
21330 7 3
554497 46 14
63701 9 4
13709 85 1
202224 47 4
490008 17 18
27727 8 22
787413 31 16
23399 12 9
177024 11 9
13215 2 25
326668 21 13
51282 3 10
84427 2 23
10384 2 3
31912 1 20
22771 2 9
9452 1 12
272170 52 4
1481 1 1
36512 14 2
15597 29 3
51727 8 5
18915 2 10
510096 46 12
55858 5 13
8635 3 6
32852 1 18
12019 5 2
7590 2 3
1155 1 1
212617 6 20
7374 10 2
44751 15 20
11097 1 20
45426 4 18
42271 9 3
85088 7 8
42878 3 12
21126 11 1
109426 8 8
1904 1 3
46560 5 16
173664 23 8
31230 25 3
158257 50 2
112493 26 16
1812532 38 23
85318 16 7
90487 10 7
33659 18 3
23072 5 3
13682 3 3
11868 8 1
600 1 2
24551 12 1
40387 6 19
10430 4 7
95632 41 2
29849 4 8
169016 24 5
218057 15 9
9813 10 6
389207 58 6
866 1 5
57444 17 3
9248 18 1
13875 3 4
863 2 1
168225 11 14
976602 70 7
180235 13 14
20079 3 19
1503516 28 29
560 2 1
173695 4 25
50659 4 10
112411 13 31
11424 1 9
209845 12 11
550711 34 13
15040 1 13
288572 12 19
45510 7 4
53380 44 1
240705 7 21
179003 6 22
309658 73 15
17714 15 1
19785 5 2
7705 3 3
11126 1 12
7885 2 2
186991 11 16
10551 6 3
1439 4 1
30368 14 19
1167 2 1
41620 23 1
516303 36 11
11624 7 1
21903 16 1
1314 1 1
6607 5 2
49414 8 5
92441 27 2
148945 20 7
928805 23 20
15524 2 17
10026 1 6
4105 1 2
8994 3 16
35457 12 22
149877 34 11
24411 20 2
88249 24 2
44811 4 10
3908 2 3
27115 2 8
4341 27 1
10268 1 6
403 1 1
18492 14 1
14488 4 2
11160 1 15
9353 2 9
92441 9 5
7005 11 1
414554 11 29
159873 10 11
5992 6 1
354408 17 10
318801 11 26
9510 3 2
183609 12 10
28709 8 2
17069 4 20
760297 20 22
562547 64 10
28124 16 1
90686 6 8
76729 16 10
13702 1 11
34485 4 13
154024 27 5
511701 22 13
1093 2 4
4081 1 2
103664 10 5
116372 12 13
6219 6 2
2734 3 1
51554 4 7
67933 4 10
25031 41 1
164084 24 15
19094 1 12
261412 25 8
9965 22 1
103452 5 10
63226 8 5
75077 5 10
39241 10 11
13069 4 2
327657 35 24
21362 2 7
3223 1 3
231032 34 5
33662 8 4
131320 11 8
82425 8 13
96024 6 10
9637 3 3
43443 28 2
985088 35 17
372739 22 12
1147714 68 11
3741 2 11
62358 15 2
84226 13 10
77298 2 20
3488 6 1
555771 19 25
229214 51 3
33181 15 13
3887 1 24
11724 1 11
25616 12 8
125776 55 2
24062 7 3
144533 6 12
45731 10 29
11645 10 3
14525 1 11
24090 11 3
11174 1 7
1496 6 1
97854 4 22
96055 23 4
198731 18 10
97928 18 5
429994 19 14
149235 23 4
19045 16 1
7897 2 3
8302 15 1
17440 5 2
33269 1 20
3977 1 3
95283 6 30
11382 8 1
23912 1 14
12775 1 28
15220 4 13
3554 3 2
4276 3 10
43590 1 24
9322 2 4
21085 6 3
31650 2 20
5536 1 5
43661 2 18
108915 22 13
31575 1 18
27350 2 10
22900 17 3
82273 5 9
21161 1 19
264226 14 11
16514 9 1
95970 24 16
5059 4 2
9746 1 6
507728 29 11
15589 15 1
6267 3 6
119642 7 13
160730 13 14
24671 17 7
4087 4 5
39462 26 3
38587 16 2
6646 38 1
178423 3 29
25190 17 1
464234 11 21
32769 5 11
685160 17 27
402762 34 28
32618 2 10
9986 5 5
521747 20 13
62933 8 13
16649 1 14
648647 17 19
130610 13 12
6452 2 3
8083 5 4
1004 1 8
101840 9 8
5960 1 8
10022 39 1
1158 1 8
13625 2 6
15368 2 8
50919 4 14
85250 26 2
7267 3 3
18339 8 6
206149 19 12
2281 3 5
20663 10 1
2192 4 2
35611 3 7
4658 1 4
96032 15 4
13501 5 20
5124 1 7
44122 4 17
21456 1 20
34186 34 5
97679 5 11
739095 36 23
1019348 41 13
40812 10 3
4228 4 1
224158 11 15
351805 10 23
494 2 1
430580 10 27
9217 2 3
2385 1 3
5385 1 15
1027 2 1
156173 11 10
3347 1 10
4161 3 2
24106 5 3
64260 6 10
237189 38 27
66519 3 14
730 1 4
111817 15 6
9721 7 1
140014 11 15
1314 1 1
186326 48 2
97864 6 18
22790 3 17
7809 5 1
741106 15 26
77067 17 3
80140 11 15
3484 2 1
23741 2 11
6692 3 2
123165 8 9
143279 13 18
11241 3 3
7497 8 1
3299 6 5
16028 1 14
23812 2 22
49481 3 11
294033 21 12
64302 10 6
7872 3 8
7664 37 1
3679 3 1
2251 1 3
115565 17 6
43124 4 6
114241 15 4
4930 3 2
308888 32 18
5839 1 4
2695 14 1
1187462 39 17
37123 5 7
26139 3 6
1655 1 1
28292 10 2
646143 14 25
2734512 69 23
13513 2 12
883825 61 8
422962 16 23
507537 35 11
8472 9 1
205314 8 23
152495 27 4
225183 7 16
154505 5 21
18103 14 6
364549 25 12
20596 5 9
45370 8 5
29102 9 6
507892 26 31
111762 3 26
31705 7 4
67728 33 4
2277 3 2
18393 10 1
205 1 1
320198 13 20
11167 5 4
429279 32 16
24786 4 10
141677 48 8
26305 24 4
14098 8 7
1627750 37 30
260117 9 15
338007 38 13
68805 2 28
4524 13 1
22165 33 1
221012 21 7
26160 3 29
543658 32 10
134828 24 3
540959 27 15
7796 30 2
7821 2 6
21404 34 1
70678 29 2
7829 2 3
3259 3 3
499774 13 24
19560 12 1
71308 11 19
31600 1 16
323858 36 7
36049 2 17
2791 2 7
114248 7 12
232729 31 5
40211 8 5
1808 6 2
6457 3 5
22353 1 11
83433 6 12
101079 13 4
74062 14 4
83195 20 5
225158 19 7
63677 12 4
14594 1 7
60693 12 3
2887 2 1
3574 2 1
82638 25 2
9906 2 4
56369 2 25
52862 32 5
10831 11 1
73567 4 15
30620 2 25
137410 22 3
4535 4 2
1740 1 5
6438 1 21
15331 4 8
401449 23 14
268834 41 4
1698 4 1
5854 2 5
52973 39 1
148262 22 6
7634 7 1
33789 2 28
1535 1 4
113821 12 19
9479 3 3
1210701 46 23
55058 3 16
113125 7 10
16657 8 4
90062 16 4
221812 11 14
13790 14 3
85091 12 6
533153 26 12
273 1 2
305452 32 8
2523 1 2
1580 1 3
895708 30 31
2708 2 1
56030 19 2
751 1 7
8497 14 1
76787 4 17
15528 15 4
10274 1 5
4022 2 2
17026 11 2
3476127 66 31
5072 6 4
7020 1 6
2748 2 1
152237 24 4
216722 34 5
3835 2 4
198301 44 4
5420 3 3
37610 2 15
55127 1 28
64527 15 3
31575 1 21
13344 1 10
6758 1 4
8394 8 1
5963 2 8
56042 2 14
4374 9 3
45641 2 15
4705 1 9
393936 16 12
45697 2 18
1468 5 2
221428 7 20
709326 22 19
50033 25 1
4797 1 5
7183 1 5
964551 40 26
135316 5 14
3895 2 8
23366 4 8
46268 15 26
32053 6 4
719192 16 24
52677 24 2
170031 61 2
13943 17 2
8757 1 8
28550 2 9
286856 10 19
50250 17 14
313350 14 11
3467 6 3
7924 11 3
29735 9 3
2755 2 1
23769 21 1
33434 1 21
12040 26 2
14675 2 4
743557 20 21
3575 1 3
1365 8 1
114643 18 6
4093 2 4
2335 2 1
78575 15 6
532275 32 14
925 1 1
407436 31 7
37342 27 1
3528 6 1
59841 16 2
433267 26 24
32000 3 30
56235 4 19
30191 2 14
58901 2 19
7769 6 5
257930 6 29
226773 10 17
77271 45 14
162039 12 11
109078 15 5
99453 11 13
6994 5 3
36629 5 4
1533 5 1
923 1 6
1189932 29 25
20441 5 21
113635 21 10
815220 35 12
2979 1 9
3011 15 1
33030 1 19
175263 3 32
92603 22 3
64437 4 13
40200 18 9
523422 39 11
7699 1 5
62589 2 17
26858 23 1
198316 13 9
109435 17 25
3716 2 1
130966 25 3
28060 43 5
493097 24 14
256220 65 3
72382 2 20
16668 6 5
263576 26 9
694077 33 15
1066 3 2
987180 70 8
1607 2 1
93088 28 8
59216 9 5
30426 6 4
30693 4 7
7027 4 12
14057 10 3
1607159 53 32
1047 1 1
12493 3 8
48305 3 13
146689 6 17
251721 13 11
32379 9 2
291602 10 14
56997 21 2
10243 4 8
19114 1 11
108870 15 5
49127 4 10
31511 21 1
100512 7 21
1539 1 1
8185 1 16
314863 16 10
47431 4 8
3725 3 5
30403 26 1
69588 13 29
113677 14 5
78309 4 12
19684 5 24
39131 2 20
715047 26 25
248 1 1
276 1 1
18000 8 6
270326 16 14
31694 4 10
9685 1 6
24334 7 2
340342 14 12
125744 5 23
5978 3 6
28318 5 5
3409 8 1
13270 1 10
581803 32 11
147410 23 23
272712 52 4
2743 3 7
15967 1 13
60449 10 3
190888 33 3
23081 4 15
331 1 2
190668 75 13
430756 22 15
35774 31 1
39926 2 22
24047 41 2
56806 2 25
41002 8 22
4309 7 1
132331 9 18
142478 11 10
13233 6 6
36853 6 28
17852 4 7
516670 16 17
86218 8 9
2210 1 2
50344 4 10
5236 4 1
207636 16 8
88942 11 9
33698 16 6
40735 3 7
124187 19 4
468374 22 16
179822 18 7
89641 24 9
13879 1 10
29338 3 7
110397 4 18
8946 3 6
207846 11 14
51335 5 5
5123 1 10
1772 1 1
3939 1 10
72043 7 5
7874 4 9
138517 20 4
12776 2 5
20675 6 17
247076 27 5
22359 1 29
14068 2 6
26117 13 1
54050 5 6
10014 6 1
2612 2 1
2511 3 3
19009 16 2
52327 9 4
33099 1 19
17055 2 5
45827 4 10
1410423 27 31
51521 1 31
1361 1 2
23235 13 1
10928 11 1
53368 22 6
5407 3 1
16592 4 15
697963 62 7
181132 25 11
35696 13 2
649904 39 13
125361 7 11
131268 6 18
26233 12 9
6280 1 21
5864 2 2
88549 15 3
244960 43 3
7626 5 1
105405 9 8
28878 22 1
1046 2 3
15739 6 6
290381 16 10
6636 4 6
11599 1 10
40399 3 7
23842 1 16
6852 7 4
434855 20 11
18475 2 9
1062403 43 30
7094 1 10
35140 2 30
64581 8 7
1790 1 12
61663 11 22
65913 6 9
19798 5 3
61033 2 27
190596 16 9
31729 1 26
1682 12 1
910303 25 20
143096 25 12
53438 2 16
394102 10 21
1717 6 1
134573 52 7
6979 1 14
512888 25 17
30255 1 16
16361 13 3
108605 8 8
329281 23 13
957000 35 18
6810 1 8
1154 2 1
7217 2 2
80696 4 12
42132 39 1
30611 4 12
97182 8 31
419678 22 12
16086 7 2
236622 13 12
120770 15 11
3898 1 6
248510 8 29
65933 6 9
63442 4 28
25675 7 28
12081 1 11
55558 27 1
2724 1 9
2642 4 1
38194 5 7
26950 2 9
500510 12 22
165467 17 8
1569 1 3
144389 10 9
94070 19 4
28813 3 12
519 1 1
388027 33 11
42559 4 8
208712 39 3
2249 4 1
73729 23 3
115761 6 13
7653 5 3
32980 2 10
49753 8 5
70216 2 20
8633 1 9
11663 8 13
28954 2 13
2985 1 2
4212 2 18
71261 7 6
59421 39 1
2984 4 1
92125 4 22
93755 28 2
113265 24 4
505385 16 27
205663 18 10
110407 12 9
42518 3 10
34306 8 15
6597 1 4
19762 16 1
46706 11 10
101881 13 10
49080 2 14
4383 7 2
1551 2 1
283473 76 2
47569 15 3
5997 5 2
48943 13 2
12253 6 1
106072 21 4
105865 27 7
47074 2 18
4057 5 1
766 1 2
17879 4 9
461687 33 9
8071 35 1
114091 5 13
9237 3 5
769604 45 24
87763 10 5
3301 1 2
18976 17 1
63262 7 5
597593 36 9
32400 31 3
8104 7 1
1589580 44 25
297241 22 19
17482 26 5
38642 1 21
18060 2 14
43094 14 2
30810 1 18
609438 34 14
73205 6 8
629269 17 23
34521 3 15
43376 6 4
557536 29 18
28691 17 2
25778 16 3
576 1 1
59292 5 19
297066 6 25
46619 39 1
7672 3 5
556923 48 21
5809 1 5
60015 17 3
882642 38 16
22786 44 1
29434 7 4
5986 32 1
27138 10 2
2789 23 1
30780 8 3
9057 6 5
66064 12 5
15979 7 9
825110 47 13
329 1 1
88967 59 7
719852 33 17
32707 2 8
2708 4 1
6097 1 3
605343 30 12
23516 11 14
126793 27 15
22740 8 2
3702 1 3
2166 6 3
1976 9 1
83565 10 6
71829 54 2
2909 3 1
1225 1 1
10665 3 2
742 1 1
13419 4 3
104720 2 29
335765 8 22
48030 36 6
27291 30 1
3510 2 4
15533 21 1
46528 5 7
1057 1 1
6944 1 4
200490 23 6
5104 6 2
14412 10 4
42308 6 5
2726 3 4
165077 8 15
578525 25 13
100571 14 12
27078 8 4
20311 1 18
124134 5 21
14618 5 2
12531 1 33
12558 10 1
1745 1 14
321866 33 8
28431 17 1
137304 46 4
10688 8 3
94455 8 8
177876 31 3
5662 1 23
10905 3 3
137461 6 11
23574 1 12
53704 15 2
68049 13 4
424364 21 14
53434 14 8
871116 28 19
386348 28 12
37229 4 9
133006 11 7
623072 30 10
22580 2 9
373364 18 10
1223296 36 21
21831 5 5
216135 29 7
85622 2 27
23807 1 16
264899 48 5
1186 1 1
77813 12 8
165990 9 17
246718 12 12
442883 32 14
4332 1 5
57888 4 8
87818 5 10
25630 17 1
1991 2 7
4507 1 3
23326 5 4
11750 4 3
335924 16 14
69069 9 6
30804 11 2
24742 3 9
727178 31 19
70666 6 12
397103 19 11
3710 4 2
275696 6 24
98318 50 1
545910 21 18
257692 19 10
731195 30 15
231415 18 14
176420 38 3
62241 7 26
100100 6 14
111806 22 8
33252 17 1
27525 5 25
92489 12 5
30566 36 2
3221 2 1
11678 19 1
47584 1 28
454 1 1
37541 6 6
14439 2 6
120312 6 10
10688 3 3
60495 4 8
122305 7 16
1485 4 2
1086 1 7
13557 1 10
13753 1 12
427393 21 10
4454 3 1
40811 2 16
22430 17 1
7404 3 2
19741 10 3
431467 17 17
25737 18 1
32188 11 4
344473 9 22
7951 3 6
3548 14 2
115352 45 11
14895 1 9
10789 3 2
4447 1 3
52147 5 9
33495 1 21
170268 18 7
8950 1 17
15833 1 13
18663 12 2
33983 6 3
9391 3 3
343009 12 16
7356 6 1
35208 3 6
209506 21 11
25698 9 2
97285 7 12
142602 33 4
3562 4 5
252451 28 7
51383 2 14
180511 37 3
8897 6 1
61948 29 7
68606 7 8
18859 3 4
56920 3 13
376747 10 22
22880 1 24
4493 1 4
1697 7 1
51034 21 2
625 3 1
758656 16 23
2042 1 2
943 1 5
163256 8 10
9541 5 1
188514 17 10
29368 12 5
237939 9 16
5142 1 3
251688 10 18
824816 52 15
17445 13 6
6451 1 4
554983 42 7
358531 22 12
76265 74 3
3903 5 5
2772 5 2
14912 4 2
25807 3 27
10161 26 3
41033 28 5
168005 33 10
12370 2 5
12113 13 1
46929 2 15
71104 19 2
208647 21 6
99988 30 5
11529 23 1
84940 7 21
136367 18 6
215768 29 4
48226 9 3
170369 22 6
65733 33 1
77982 7 13
26828 8 17
168807 13 7
33657 6 4
10180 3 3
9104 3 4
296256 27 10
60774 33 2
2835 1 15
46921 9 3
535 1 2
2961 2 1
1574475 48 26
9898 1 8
510786 27 10
124458 8 10
28031 4 29
810161 91 5
11958 3 5
3488 5 5
61033 7 6
595968 19 17
80761 5 23
25317 5 4
58804 16 5
4291 3 1
44902 27 1
10273 3 2
41526 2 13
359935 15 18
8223 1 7
44173 6 4
72004 3 19
27588 13 2
31448 6 4
637415 27 16
2798 1 2
31243 6 20
159718 8 22
13365 2 5
1182 1 9
29028 7 2
26287 9 10
25107 23 1
10513 1 7
10616 64 1
3525 5 1
2002 1 1
45718 1 26
10565 2 5
10139 9 3
15550 1 20
8487 62 1
2876 15 1
10544 3 8
11427 5 2
52322 15 18
124178 6 16
47854 13 3
76915 7 9
4561 1 4
16588 16 2
2522 5 1
20794 19 1
174484 6 25
55216 2 14
24150 8 2
176275 26 7
2490 2 1
106158 9 6
177998 24 10
102189 9 20
6190 3 7
1348 1 1
6014 3 1
54158 14 15
27691 3 11
29180 24 1
6027 6 3
2057 1 1
15446 13 1
10189 12 2
811 1 5
92962 11 6
8556 7 5
505266 38 8
14708 1 10
236136 33 7
16745 3 4
1371 1 1
245260 50 3
19750 6 6
10301 10 9
88696 22 2
53481 12 5
174395 16 13
276552 28 5
53918 28 1
13527 2 5
14110 12 1
485403 15 18
17282 10 15
16193 5 2
1340326 73 10
211932 11 11
303815 46 5
177398 8 11
16678 2 23
2507 1 4
787 1 1
13312 8 1
5330 1 5
1063 2 4
702 1 1
100964 16 5
335690 32 10
97763 18 3
16505 1 18
64808 4 8
258572 17 16
99978 23 4
19943 3 4
6239 6 6
255124 31 4
99303 6 15
3492 2 1
156465 5 16
43523 12 3
75851 7 10
36269 11 3
48447 6 4
25079 6 11
5908 3 1
26746 17 1
111447 6 23
427899 19 15
292844 23 7
4064 6 1
8455 5 2
1154 1 1
43041 11 3
12367 7 6
881953 38 19
50501 2 13
15142 1 11
10188 1 9
26323 11 19
1376 1 1
12423 5 16
678 1 1
68770 2 23
7553 3 18
1345 3 1
5972 1 4
15720 4 8
44607 49 1
22740 1 13
25312 8 7
58016 17 2
1536 3 2
379081 14 13
1048730 42 12
1057670 58 17
78451 6 12
14877 9 1
1744887 50 17
1844 1 3
875 2 1
2342 4 2
13961 11 1
56632 8 26
91532 9 7
5695 2 2
3089 1 15
18563 2 7
65159 2 21
13298 2 4
59265 7 17
34218 1 17
275867 12 18
9877 33 2
38246 12 2
61294 2 16
85604 5 11
12773 8 1
115679 7 32
56354 3 17
163059 12 13
77636 9 18
1186 1 1
364830 24 8
34956 12 2
7454 5 1
29215 7 3
16847 17 1
632998 28 14
46670 12 7
60526 6 10
243621 20 6
36961 3 9
254486 19 9
860 1 3
32197 50 3
53112 5 22
54327 22 2
6951 2 4
15031 1 16
12279 6 1
1238960 37 21
382651 9 22
94265 74 1
651217 23 22
30340 19 1
428337 36 8
101352 6 20
16709 1 11
333075 13 23
136513 5 25
143696 9 22
28214 14 3
7701 5 1
186754 65 2
903 2 2
4400 3 1
535654 16 17
88964 12 4
3047 4 4
18852 6 3
35510 38 2
69240 18 3
689698 29 12
13116 11 1
31388 2 9
32706 4 5
87769 6 17
117462 8 16
199412 9 12
5937 18 3
102899 12 7
19250 23 6
41720 8 12
19791 1 10
78496 7 8
15190 5 5
152396 4 19
252086 15 10
14671 3 3
3359 1 6
60885 1 31
2941 1 9
475 1 1
8957 2 6
108262 14 5
1260 4 1
250618 11 15
8354 2 8
309668 31 7
794323 61 8
732489 21 27
7692 1 22
264411 50 3
38119 21 2
476235 16 15
43488 20 2
71556 36 2
260165 12 11
825909 22 25
42365 40 1
168490 12 12
546687 42 11
3337 1 2
227328 6 20
2311036 47 31
19178 1 20
8978 2 31
438941 68 5
31043 6 4
31445 7 5
145049 6 18
53630 19 2
5245 4 11
13471 3 3
256666 8 20
230373 14 8
918439 51 24
55952 26 2
13738 12 1
1927 1 1
3124 4 7
91715 9 7
143069 14 7
7656 5 1
64531 34 6
397514 25 19
7358 23 2
35820 2 12
19952 30 1
454911 13 21
537892 22 14
84534 11 12
502215 27 18
3425 4 6
33478 4 11
353805 20 13
10327 2 4
104584 7 11
94602 22 3
28374 1 18
255952 45 6
79278 8 5
91812 20 3
3421 13 2
17119 1 31
8832 9 1
71889 8 5
120565 22 4
50373 38 3
179063 15 10
75770 2 29
15390 28 4
126730 12 7
8916 2 5
11038 2 3
57330 2 26
63821 5 15
72175 3 19
252782 14 11
1393 5 2
5524 4 1
465648 16 18
385801 21 13
7495 20 1
1767853 56 18
3230 1 2
85749 3 26
27687 1 17
24970 10 2
31774 5 4
43986 12 3
1727 1 1
357 1 1
95457 11 15
16449 3 8
51591 2 29
13025 8 1
9286 1 7
353617 63 3
5077 6 7
59765 13 3
403904 16 15
48135 25 3
1404 2 1
7967 1 9
5292 4 1
31870 3 6
9113 28 1
208150 58 3
220 2 1
1214 1 1
17267 5 4
217855 9 17
3576 3 1
10668 6 11
13429 1 11
5337 1 8
121526 12 10
19893 1 16
29419 3 14
61772 31 3
11008 3 11
357166 43 7
6041 2 2
3308 1 7
783483 50 8
1873 3 4
272267 21 12
109574 18 3
14652 2 20
4750 2 2
34058 3 12
6935 1 14
9027 1 8
978 1 1
36685 3 9
303579 38 5
3568 14 1
4522 10 1
45648 11 3
20272 21 8
4117 2 1
340015 31 6
396228 65 3
16458 9 7
204477 16 15
536243 16 23
36311 6 5
10271 1 5
149963 11 9
32290 2 9
582016 69 14
86453 41 2
24767 5 25
823321 33 16
1838 1 6
2879 5 2
56204 15 3
14504 8 1
48337 26 1
38832 12 6
4103 31 1
3477 7 1
32099 1 24
538 1 5
14528 3 24
1317 1 2
63848 10 4
5447 1 3
25447 7 5
31411 8 12
920755 34 13
149764 8 9
18845 9 9
251762 17 12
3436 3 1
4829 13 2
65962 10 13
4073 2 1
301403 26 6
12438 3 3
1546 3 1
1261 4 1
181389 55 21
465094 35 9
122862 3 29
168781 28 4
58473 12 4
129185 26 4
47010 2 18
188006 6 16
39510 7 5
63654 23 4
97702 10 11
12167 1 11
69217 2 26
23798 2 7
70883 4 14
4430 12 1
254501 8 16
68685 28 17
10759 1 8
40095 2 15
1308132 60 18
29361 2 23
504213 79 6
12949 2 5
9945 4 2
24818 2 11
15001 2 9
93655 21 3
184489 13 7
38032 19 10
3800 1 27
99680 19 3
21278 6 2
434450 20 13
8912 1 17
12685 4 2
67582 6 6
18166 2 26
11607 1 6
33501 48 1
51136 14 2
560370 34 10
29718 1 22
22235 6 2
13513 15 1
562638 26 16
1826 5 1
116151 10 18
208339 30 6
334103 22 14
25694 10 14
7135 2 2
5347 1 3
76493 15 3
272943 26 7
484226 30 14
44423 25 3
126459 28 12
56757 8 5
60230 10 11
19644 6 23
27687 5 8
13997 2 4
53265 1 32
5592 2 20
32956 47 6
74889 60 1
139180 6 13
55231 10 4
9504 2 14
20896 6 2
4307 2 9
54795 19 2
27741 4 6
96985 30 2
993 6 1
122780 9 19
157475 7 19
422539 31 13
135204 14 7
114136 14 29
502836 25 18
148320 15 9
991140 24 21
6015 1 5
257063 11 17
152987 10 10
1710400 45 23
3830 1 2
1739 2 1
62430 2 22
2150 2 1
167273 20 6
292128 17 16
3423 3 1
27359 2 10
383562 32 10
115182 30 3
423356 17 22
427603 30 10
19155 6 3
31657 2 10
170301 43 2
91750 48 1
626853 49 7
2907 1 11
112700 11 7
828855 33 26
391104 21 12
2869 8 1
30832 21 1
5200 2 2
41259 39 1
48782 9 14
27595 5 4
1976698 46 27
68277 5 7
386803 25 9
6652 2 15
42745 2 17
125574 15 8
218589 6 27
19464 3 6
34296 1 28
343758 11 25
4102 2 7
38037 24 6
21692 1 12
56692 50 1
33575 2 13
147677 8 17
251673 14 16
26561 1 18
21544 1 17
12939 10 6
38273 3 11
45287 18 5
190752 7 22
134748 4 22
62915 8 4
19757 21 5
33472 6 12
6109 2 9
200248 16 17
117950 3 23
7382 1 14
9242 28 1
7666 9 1
30560 5 5
41758 1 28
104448 9 7
141998 53 2
291034 27 6
95621 3 23
5367 3 4
22191 2 6
43206 8 5
296758 33 5
62145 9 6
55221 17 11
1346412 53 24
45872 2 18
11417 8 1
27930 45 5
24769 26 3
16925 7 5
166796 8 11
5995 1 13
129456 4 30
415278 35 7
16758 2 23
28302 5 3
2664 2 3
13909 15 2
23374 3 5
7917 3 2
962 2 1
38943 2 14
122986 16 7
16743 1 15
142017 8 10
42750 6 4
39546 12 4
141968 13 7
13415 2 5
101382 19 4
266669 14 17
3493 2 6
29165 14 1
39028 14 2
1755016 74 21
227136 10 23
22887 4 7
1104 2 3
11194 20 1
9157 8 8
31347 17 1
13208 6 2
401818 16 16
60492 2 25
196535 18 16
192013 6 28
21918 15 1
32217 1 22
22554 3 11
136127 40 3
512351 18 14
20007 8 4
386790 29 11
23937 17 1
10520 2 9
121236 24 6
71395 39 8
11257 4 5
601952 31 25
18688 1 9
3378 9 3
1548554 56 32
24863 27 3
22471 6 8
8781 7 6
61633 7 6
128647 6 18
13665 2 5
949 2 1
2335 5 1
22974 1 13
6885 6 1
10461 9 4
51717 5 19
28262 18 4
998475 30 16
13887 13 2
202884 14 11
8409 8 1
43744 8 4
30818 17 4
5774 8 2
16266 14 8
238527 18 12
3679 1 2
25745 9 2
7601 6 1
102132 3 17
7033 8 4
118152 32 3
14959 2 19
183830 7 24
17341 1 19
7036 3 4
7254 12 3
1151 1 6
5160 2 10
226957 11 23
406786 16 15
1559 2 3
15124 1 12
239753 15 10
1362 1 13
66313 9 11
14713 2 4
14570 1 7
4367 2 2
204195 16 8
12680 9 1
27855 22 1
52621 14 2
27575 2 7
126585 8 9
2039 1 7
11635 3 8
33929 4 6
70559 12 3
740381 47 14
159639 6 17
272193 20 13
286690 27 8
142406 5 14
15768 4 3
95277 26 3
3962 2 2
441228 47 21
6126 1 3
380321 25 9
135807 15 30
50448 3 18
107944 7 12
59281 24 2
14273 4 14
3890 1 3
17419 12 1
11838 3 9
85902 42 8
14589 4 3
13859 11 1
72161 8 5
20396 1 10
63846 14 5
739939 35 20
906 1 1
54412 5 15
8218 8 7
4179 1 3
255409 8 18
136215 38 2
82326 6 14
44153 5 24
54339 2 16
25712 6 3
15675 27 1
92475 13 5
43959 4 10
106937 28 3
250125 19 10
23522 2 15
207748 34 13
4898 1 4
1306 3 2
249960 15 10
58558 6 5
106643 39 2
225695 9 19
31041 1 17
5403 5 1
88799 5 14
120719 6 15
150525 8 17
24122 2 30
2257 2 7
60181 1 31
149020 6 16
820198 24 24
14602 4 3
248391 12 16
34130 9 12
47070 2 12
116674 27 3
9460 2 6
31972 15 2
107175 33 3
47146 3 13
443947 24 15
5219 4 8
784863 13 30
47946 44 3
118417 12 5
3386 2 4
218435 8 24
138201 11 11
5963 6 1
43120 4 23
17089 1 11
15307 12 2
47966 3 19
132341 10 12
2444 1 2
28815 10 2
4680 1 10
74944 4 9
97696 39 14
307361 21 14
272203 27 8
564273 43 9
74970 5 8
19508 4 21
14023 4 6
7242 4 9
31663 2 11
2778 1 5
14530 3 19
28107 1 21
69304 22 2
7592 4 1
412139 9 32
9652 1 5
27921 41 3
217563 40 9
268151 31 6
5910 1 5
5596 3 8
10461 1 9
419597 16 16
289634 43 11
51274 7 7
39812 12 2
25172 7 2
172944 10 9
1173717 27 29
54624 16 2
20484 14 1
1008 6 1
11930 3 11
53037 16 8
1317 2 6
26491 7 7
4022 11 3
17083 2 6
15877 1 9
29097 15 1
418635 11 27
7078 1 8
74836 38 8
928699 39 13
6459 1 8
47161 13 16
84226 14 3
151258 11 11
48494 4 15
14621 14 1
12144 7 1
23831 4 11
804221 33 21
11855 17 1
2125 2 5
157851 4 21
38265 10 2
528204 14 20
13545 1 8
582272 14 20
11513 11 4
50040 17 2
3612 4 1
6633 11 3
18600 19 2
752 2 1
93479 20 3
59269 24 2
646439 15 26
2844 1 11
340681 15 11
10192 1 6
775 4 1
505257 19 14
117530 6 12
627852 67 7
2181 2 6
158483 6 24
27668 2 10
1282 1 1
11011 4 7
7493 7 1
645728 53 19
175068 11 11
527629 19 18
8869 3 10
17417 4 4
1155549 64 12
2581 3 2
40614 23 3
317745 31 31
80644 4 10
1710 9 1
124977 5 16
7196 12 2
1374 2 3
99076 10 5
35295 8 15
30566 10 2
58780 22 2
1796 3 1
1990 1 1
8846 4 5
311297 9 21
72844 4 11
54444 20 5
37137 4 7
1091 6 1
3827 2 1
31038 35 3
24022 44 4
25524 6 3
4154 10 1
42495 6 4
12497 23 1
9984 8 3
1168 1 1
20903 3 12
27686 17 4
12567 1 12
83242 4 10
8343 1 7
463129 17 28
21064 3 4
35807 16 2
83383 13 17
28819 3 24
108744 15 12
19886 32 1
1844 1 1
54731 18 4
6243 3 1
75344 8 9
23532 15 1
175056 23 7
100353 76 1
91194 6 26
970 9 1
32658 1 16
8560 2 14
276303 24 10
81250 9 8
81105 21 8
80373 12 15
79207 13 5
165148 15 11
39408 5 4
7455 8 1
518847 19 14
24803 6 5
15882 19 1
39982 18 6
249299 20 11
41992 2 12
246 1 2
18884 18 5
8732 4 8
175903 41 4
29820 2 10
10242 2 4
112108 4 15
108660 12 6
110559 12 5
103658 3 23
6386 4 1
106548 21 5
299516 31 5
44600 21 3
7393 3 2
17591 38 3
31087 22 3
11503 5 2
84766 3 23
65906 42 4
53909 2 18
3139 1 8
259772 30 17
73198 12 17
14430 14 1
222969 49 7
38263 6 6
6413 3 7
2488 1 8
30813 1 25
31540 20 1
397808 14 14
60194 8 8
106357 7 10
1094 1 2
121450 18 6
108391 25 4
1991 2 1
104119 6 20
113468 30 2
58820 9 4
377368 28 11
135968 18 7
52967 3 14
240680 18 9
11800 2 3
50683 3 9
112580 3 22
214696 27 4
112143 17 5
17855 3 3
83165 4 11
21755 11 1
652077 25 23
3091 3 3
99366 6 14
174998 26 6
3194 1 2
51418 4 18
242286 22 6
36138 4 6
4951 4 4
19215 1 13
2265 6 1
24492 1 19
628 2 1
25685 12 9
2578 3 5
42850 38 1
66954 4 16
17092 3 9
25511 1 14
231457 10 13
850 1 1
14904 14 1
28448 2 11
257739 26 9
7310 2 5
79356 22 9
38463 19 7
350655 16 11
28244 4 4
266049 16 9
3381 2 1
12846 4 7
290532 36 4
12946 8 3
435192 20 13
44319 3 13
937459 20 26
339880 18 16
22670 18 10
21535 15 3
5792 2 2
305 2 1
2359 1 20
5448 1 9
1288886 71 16
119079 21 3
13482 12 1
7233 5 1
70653 4 13
14729 19 5
8389 11 1
40584 8 7
35462 9 3
3359 4 8
44095 27 2
269138 12 25
13879 1 12
47188 8 15
41141 22 1
10289 4 2
38542 17 15
505481 26 15
14270 4 2
4365 4 2
29851 16 1
74700 4 20
228803 20 10
1168 1 1
84944 11 6
9006 2 3
748 1 4
4872 1 3
396008 22 16
177979 18 7
4971 4 1
288990 28 7
15810 29 2
9841 3 2
49109 5 9
76836 17 16
32483 10 5
677113 13 28
59329 8 22
42300 1 21
306540 30 8
33960 2 15
28773 1 14
4866 1 21
175289 14 11
20015 5 21
1447 3 3
70681 19 2
673 1 2
111770 5 13
100382 5 10
1199033 19 33
14147 1 12
7954 8 6
444218 44 6
18241 8 2
149579 8 13
15813 4 10
2779 1 2
3222 2 12
98236 26 2
110730 5 15
302511 11 16
21799 26 1
446762 18 19
387948 63 9
5795 5 3
46070 4 9
17713 11 1
1415476 59 12
248864 23 7
49789 9 8
24337 8 2
23332 6 24
78301 16 6
56861 6 15
213814 11 16
250132 19 7
7461 2 8
407133 25 9
12978 1 14
24587 1 14
34880 3 9
33134 5 6
455550 20 20
37118 10 2
70531 19 2
5063 8 4
1318924 38 27
70979 5 28
28098 4 11
182232 16 6
11984 32 1
104906 7 13
2406 2 1
75677 4 12
97144 7 12
10850 1 9
18545 1 12
25932 16 1
10445 1 11
104299 3 18
166099 39 20
8141 2 3
6302 14 2
55243 2 16
208273 19 24
129452 7 15
93867 2 28
197805 15 8
50956 9 9
30695 1 31
875 1 1
59893 6 5
90106 4 14
181702 10 13
38313 9 4
15546 3 4
20824 3 5
13751 11 1
51834 28 1
149106 22 12
38126 24 1
366 1 1
1012361 62 15
225822 18 10
9248 4 2
216925 14 9
60068 2 22
6661 14 1
15558 25 1
237396 9 14
22298 7 4
53083 6 6
23992 23 1
14470 1 13
1094 1 9
376329 24 14
262778 12 18
298796 13 12
1594 2 1
50282 4 7
321197 9 24
1237901 56 25
13350 1 10
423364 34 10
1828248 50 27
173122 15 10
11061 5 2
13070 5 2
670574 13 28
1702 2 2
5588 3 6
26612 13 3
6388 4 1
203413 8 22
69708 6 8
84225 8 8
65198 35 1
4352 1 3
4197 1 6
528910 25 13
6046 22 1
113687 19 5
3434 2 1
3796 1 4
1544 1 11
54625 49 1
77262 28 4
101613 12 8
3323 7 1
75725 10 7
252835 14 14
21449 9 2
3258 3 1
14666 1 11
198473 34 4
5599 4 3
386718 42 7
13950 7 1
81090 9 7
242663 12 14
26668 14 2
92748 5 13
21239 4 4
10475 1 26
405938 14 16
3334 1 3
40073 16 2
24593 14 15
73609 4 14
6108 2 5
5335 1 4
83043 43 1
45130 5 19
114326 11 20
144935 25 8
60651 19 4
20669 1 22
16492 2 25
15905 5 2
176466 6 18
23919 12 6
72505 22 3
7263 3 6
80336 9 12
10364 5 11
337318 32 9
105587 4 20
6544 6 1
137440 7 24
81924 21 3
11283 12 3
122767 15 4
3211 2 1
47615 4 27
58138 22 14
72690 11 12
12733 1 11
1738 1 7
241470 52 4
24915 4 13
48458 8 3
14203 18 1
104643 3 19
72825 42 1
77143 12 22
6521 2 5
9260 3 4
39282 22 6
1656 2 6
123244 6 10
21926 7 2
130572 15 14
25834 3 7
16082 7 2
12104 10 1
348909 16 19
16050 10 4
1049030 31 19
261369 18 9
44820 3 8
44964 1 22
16497 1 10
11489 4 16
12931 17 2
90108 6 13
16778 10 7
2550 2 2
6764 2 11
27901 9 8
90387 26 2
745 1 2
258320 54 3
68233 7 5
3683 1 6
21785 5 4
21918 19 1
164017 4 21
528112 23 14
32311 6 15
130103 13 9
9617 12 6
151437 26 3
616056 64 9
2090 2 3
5221 1 12
9829 8 6
32839 31 3
15081 20 2
36528 18 1
7546 3 2
239540 6 29
5728 2 2
205735 10 12
6643 6 5
263604 15 14
4944 1 19
121717 19 4
62817 9 7
14973 19 1
24858 7 3
26162 5 14
11951 1 13
73366 20 4
175324 37 4
55810 4 13
29662 9 2
1845 1 11
4601 2 2
469461 20 25
127332 4 21
52119 2 19
20792 13 2
10291 1 12
12010 1 18
58962 47 1
15952 2 4
7601 3 3
100820 8 11
6352 12 1
29663 3 6
19768 2 7
21138 1 14
2526 1 3
12549 7 1
34881 45 1
95888 6 8
30128 8 17
77344 22 2
43571 7 11
2310 1 2
66824 38 5
396 2 1
91403 12 8
18732 7 13
55028 7 7
16604 1 8
165763 24 23
45348 5 15
34545 7 3
83528 6 13
1246239 48 15
1016620 47 14
4315 2 2
253387 19 7
14402 3 4
25002 4 4
5405 1 7
54477 3 10
111154 22 3
6536 2 2
42550 4 8
23320 14 8
9901 2 6
137603 22 3
13568 2 8
15769 9 8
29938 7 11
7535 2 3
321655 12 13
6942 2 3
8404 3 2
2677 7 1
931287 34 21
1926 1 4
150197 13 11
23580 7 2
48937 22 4
138795 5 15
4804 2 2
45993 6 15
65243 21 5
1161474 55 17
20239 4 3
166725 36 3
36470 7 23
10759 26 3
1938 1 1
88971 14 5
220896 42 13
59804 13 3
21748 8 2
11159 11 2
10108 3 14
46110 14 13
24063 17 3
37120 3 8
25674 2 21
92407 5 29
245564 30 5
7759 8 1
31942 4 19
105243 34 3
339 2 1
78207 25 5
218903 18 21
1478 1 6
44581 9 6
1234876 36 19
4623 1 6
175025 11 8
43176 1 26
23825 4 6
11917 28 3
883062 55 10
12934 3 5
63756 43 2
146322 4 22
267526 36 10
39955 29 1
53945 2 21
5401 1 9
11993 1 8
100974 15 8
478947 18 13
22639 12 10
93239 5 32
317941 7 24
224029 6 31
55769 3 11
3417 3 10
7104 4 3
1350841 41 20
5633 1 3
129057 15 8
14682 13 1
4297 3 1
525770 40 8
214213 14 9
48151 2 14
506721 27 12
8626 5 1
4529 1 9
80203 7 10
29589 5 4
22959 2 9
280863 10 24
192275 14 7
262058 30 6
205251 41 3
81297 15 3
9176 1 6
23983 9 3
90391 3 18
32547 20 1
49345 11 8
23606 2 8
118485 5 18
400745 17 21
63886 4 15
15784 2 4
431701 13 27
100860 10 8
21749 6 8
82737 13 20
553242 17 17
363107 17 15
18587 6 2
94738 7 12
6637 6 1
11270 2 5
17306 19 1
36441 15 2
24608 2 20
10576 1 7
9578 2 4
5570 2 3
9362 2 5
104719 29 3
799867 59 9
261814 22 19
97272 2 31
2720 8 2
2078 1 1
185492 17 8
23934 18 3
7147 4 7
1255010 42 15
107019 36 7
2510 2 1
3441 8 1
1376 12 1
136201 16 8
634 1 2
44703 4 9
98584 7 13
28703 5 5
174156 6 14
21109 12 2
13083 2 4
312 1 3
61864 6 8
5584 2 2
129500 5 13
65908 5 11
96776 63 1
734324 16 25
42979 5 8
6937 9 1
41648 3 12
823930 37 19
18251 17 2
606 1 2
1143918 61 14
164583 6 18
8089 7 1
1681300 68 19
421058 27 13
127954 15 6
65229 10 5
564515 23 22
24577 8 4
83321 11 6
24075 5 4
2066 1 1
9078 1 17
110615 15 7
47459 4 9
32640 7 4
2347 1 2
2763 4 3
22971 5 4
82587 7 11
39877 10 4
421343 24 14
25743 22 1
28168 38 1
120829 34 3
3303 2 1
54476 3 15
18421 2 6
104577 25 3
45671 3 10
433670 19 15
147579 20 7
164053 19 8
4475 13 2
220619 14 15
5174 2 2
112230 6 10
2164 1 3
351730 33 6
29929 3 5
298982 58 3
79172 2 20
539786 20 27
128685 41 21
92146 33 2
138915 22 4
1056 1 9
413273 9 23
234036 23 5
8652 2 3
192463 15 8
5605 40 1
35522 5 4
102196 13 5
5183 5 1
7985 2 2
2207165 70 18
2341 7 1
306644 49 4
330561 77 4
116197 6 13
26075 1 18
27327 4 4
25875 8 10
15234 1 9
6869 4 6
14047 1 10
15516 5 7
53090 2 16
1297 6 1
23574 2 10
13826 3 4
101710 5 12
192756 8 20
92414 25 14
20598 1 10
33026 2 14
2149 2 1
545738 18 15
15070 15 1
20054 12 1
18262 1 9
2146698 57 27
5887 3 6
546830 18 24
79384 12 4
26792 2 12
46305 29 1
32523 1 18
608308 29 20
120601 7 13
41540 8 11
11520 1 9
4573 4 3
466299 52 8
146443 10 13
25627 1 13
1661119 46 19
68709 56 1
9672 3 11
338104 22 14
5540 4 1
11843 9 1
23168 5 4
407812 21 16
194870 10 13
57322 26 5
87070 9 8
37642 13 14
42616 2 20
8385 2 15
850 1 2
15414 22 1
3534 2 5
7297 5 8
170129 6 23
13879 4 8
106255 7 11
72383 17 3
116550 35 2
121396 7 14
17940 1 12
48381 12 2
185095 9 13
23079 4 3
227580 22 6
12604 33 2
5925 3 1
312500 33 9
88542 3 22
242304 16 13
27705 1 14
49693 8 4
36954 7 6
158358 36 4
2961 9 1
107057 14 7
43526 3 15
47991 3 16
66574 5 8
316580 45 4
33760 4 6
127307 17 10
90524 49 12
78541 8 6
15365 9 2
49538 2 15
185213 43 3
56233 16 2
412478 71 5
11611 4 8
174476 27 4
62399 24 5
672993 44 25
11204 10 3
230994 10 22
1048 1 3
502 1 1
50580 8 6
18066 4 3
34672 34 7
57409 7 4
54695 9 5
152464 15 5
48556 10 11
10181 1 8
5953 1 4
476006 24 10
18946 1 10
7876 3 2
27079 1 21
82631 5 9
8817 3 10
6760 2 8
1531 1 6
25527 16 2
2408 1 6
65991 2 17
605506 15 20
85053 30 2
138844 13 6
9961 1 5
8340 1 5
4582 1 7
86639 2 23
180348 26 4
80073 12 5
66403 19 4
6583 11 1
1092886 38 14
27521 3 6
31699 3 24
28919 16 16
15641 2 6
251931 31 6
11131 5 2
105072 18 5
1778888 75 15
8283 8 1
119551 3 24
67477 30 12
29274 6 3
1938597 64 17
105422 5 26
226532 41 4
13579 7 4
11626 2 15
410840 11 19
490002 12 22
52101 27 10
2692 7 1
2942 1 11
182351 10 23
76126 11 10
16125 5 2
74647 8 5
22102 1 11
179182 19 6
17825 4 5
59060 7 6
31534 6 27
211561 9 20
112536 11 7
19708 3 6
10858 3 12
12287 2 12
3233 5 4
2638 3 1
80854 11 4
9650 1 9
10299 2 4
50495 64 4
790675 19 20
39067 6 5
146102 22 4
35184 15 6
1202038 47 24
33980 3 9
102211 16 4
3101 1 4
44396 10 6
27719 1 21
518087 40 11
17734 7 4
11920 1 7
49063 11 3
7453 1 6
60855 10 4
67478 8 6
6919 1 5
41541 3 7
45702 5 6
2668 1 2
81185 7 6
2078 2 1
103622 14 6
600 1 4
5793 5 1
607 1 4
147683 12 11
124597 12 15
114898 12 8
10738 7 12
96486 19 4
41046 8 6
342846 19 9
198111 17 11
6097 1 10
13347 1 11
21814 5 3
69883 13 3
5626 4 6
70345 12 25
60877 11 4
267358 8 19
41701 8 4
20734 10 1
1061 1 1
56400 26 2
217380 29 5
117956 10 14
21019 1 16
2720 1 20
636825 31 20
11926 19 3
426281 25 22
2419 4 1
8817 3 3
316546 7 27
17189 15 1
3719 1 3
588991 22 13
867 1 8
285754 10 16
39425 23 1
13526 1 10
576947 29 14
51242 6 5
382481 27 13
201429 15 7
12570 8 1
7600 1 4
3545 7 1
10154 6 2
85212 6 29
59717 7 6
228319 27 9
33959 15 2
33883 6 4
624425 11 28
12030 1 9
708481 27 17
59817 5 6
908095 35 17
87220 19 3
2375 2 1
101277 7 12
2089 1 2
17831 2 7
82388 7 8
346715 30 8
13735 8 1
25064 1 13
7803 3 17
155419 5 25
52975 7 5
8109 1 7
3305 6 1
39160 3 8
61392 5 12
294147 12 19
63967 61 4
276394 23 9
31513 2 12
66436 2 25
99383 9 6
198209 27 15
67566 2 24
213663 7 18
34997 3 11
980 4 1
19310 4 4
14204 2 5
50206 5 6
1580 5 1
9518 1 6
54121 7 4
3486 3 1
253855 19 9
12535 12 1
24600 1 23
5784 6 9
5442 4 8
202584 11 17
176159 15 20
51339 27 1
1702 6 2
9829 10 2
2551 1 23
10850 10 1
100929 5 15
2477 2 2
16714 2 15
21247 20 2
7464 3 2
9903 4 2
142656 42 2
5964 4 1
286128 7 23
6528 1 4
4220 4 1
215431 7 20
55345 5 11
17071 6 2
32414 6 16
185552 11 10
34302 1 27
2211 2 1
9372 8 9
9554 24 2
111324 14 8
99520 18 4
149886 20 9
2404 1 2
26153 18 1
3288 1 2
1052863 57 10
955747 26 29
15309 2 8
648302 13 24
31138 1 19
9376 3 2
374487 27 10
422679 14 28
113085 6 12
76220 2 22
16330 4 3
4954 7 2
50636 11 3
162447 6 16
15929 12 9
14424 4 11
32261 6 3
3292 2 1
39579 4 9
360445 36 5
19339 5 3
59723 11 7
70761 7 6
570651 12 26
90697 6 14
411068 12 19
17502 4 3
55115 9 4
36488 7 3
61434 7 15
123196 9 7
138320 7 17
27169 8 2
4761 1 8
625563 19 27
7174 3 4
176048 5 20
29092 7 3
3623 2 5
242987 23 7
22847 16 1
63993 19 3
2760128 44 31
10215 13 5
27507 4 4
88636 24 3
10082 5 2
640417 39 13
49694 5 13
174834 16 15
7374 1 8
20436 2 7
19635 3 5
924381 26 26
21136 5 3
249385 37 6
14472 7 1
9745 4 8
3473 31 1
84736 8 8
858 1 7
717 1 1
34357 25 11
8463 1 11
36466 16 14
5640 2 9
407658 28 7
198730 5 20
368988 13 15
263660 54 3
45590 4 9
1927 1 1
2827 1 3
13413 2 22
707275 28 23
7664 2 3
10537 1 9
1755 3 1
86961 15 18
16169 2 7
61407 15 2
192191 15 7
296551 6 26
103927 4 13
1105908 32 28
8612 8 2
286465 18 9
110467 22 14
410830 24 16
241917 13 19
285989 11 17
147343 42 2
459447 50 5
52354 11 4
5262 6 1
149347 3 27
68798 32 9
53111 4 8
1541 1 2
107702 16 5
15042 9 7
5947 3 1
3764 3 2
292988 13 23
4051 2 1
5233 1 6
8442 11 2
158144 10 10
6719 3 2
83338 54 1
46287 8 3
6808 14 2
86077 12 23
1968 1 1
19937 9 2
170263 12 12
632359 43 9
157421 17 8
1066441 24 29
77005 10 5
145814 23 4
3974 1 2
104380 23 3
60924 7 7
6845 1 11
102098 4 22
59508 6 9
12103 7 1
82512 4 13
170352 11 15
138059 7 13
9841 1 11
40108 33 1
271764 33 5
12145 2 5
1023 2 2
21338 71 2
28997 8 3
50145 25 4
7072 1 26
169265 28 5
219451 28 8
19880 2 7
28264 4 13
149112 17 24
544201 32 16
7650 1 11
50837 2 22
26214 8 2
884214 39 15
81042 6 12
244333 24 15
48420 8 5
127861 36 6
470 1 2
185303 19 7
96303 28 3
5577 1 3
11166 1 16
868515 28 20
41645 34 1
40953 29 4
25777 1 13
10482 1 6
7368 2 3
111446 25 9
28232 1 19
12806 5 2
64784 7 6
6752 9 2
7438 1 4
35278 26 1
50256 22 2
895 4 2
125853 6 19
139910 8 10
127847 18 4
30628 1 22
4470 12 2
92375 3 29
455225 22 16
9125 6 1
576987 45 8
33170 2 9
70491 15 12
12077 1 7
128852 3 21
18582 6 2
17182 1 11
7150 4 3
5179 4 6
29588 1 16
33722 7 3
13272 9 1
165193 11 19
24414 3 4
1108 3 1
159362 22 9
2861 1 2
126228 16 28
26706 4 11
4797 1 15
54045 8 4
141469 8 13
18659 13 1
25041 2 13
10084 15 2
404298 19 20
10943 13 6
98707 11 15
22646 3 4
506295 22 12
2217 1 5
122484 61 5
6396 3 10
158174 45 12
109420 13 24
319492 23 9
720432 32 15
34327 7 9
127235 35 16
176859 6 21
1217375 78 15
297450 13 14
198310 7 20
24070 3 9
1146 1 9
231119 17 7
1218 1 1
740113 37 15
20531 1 11
27784 2 20
110149 23 4
35709 26 2
125818 7 12
71339 2 18
48580 3 9
229856 23 8
98870 5 16
16076 15 2
14928 2 6
130465 8 10
276 1 1
14471 24 1
647286 53 9
3538 6 1
114323 9 14
2515 12 2
33754 4 9
3191 7 2
96645 24 7
553523 66 12
105485 8 8
501324 17 24
144379 6 12
221882 7 20
14854 11 1
94742 2 23
42659 1 24
10663 8 2
62316 8 16
746168 45 12
155958 11 12
5897 8 3
8368 4 7
261358 15 11
84854 3 15
128559 7 17
10696 5 10
45360 15 9
585092 23 21
9494 6 1
2807 3 2
49199 16 4
683699 16 32
44694 24 1
9275 1 30
57433 22 2
134960 4 24
557120 21 16
39825 30 1
286833 55 3
28472 13 2
228126 11 10
3332 2 1
1148 1 1
97583 7 15
409336 30 9
24512 30 1
41813 9 3
247548 8 18
92184 2 25
12558 5 2
64292 3 15
89947 9 8
154776 9 16
292992 8 19
480425 13 20
52249 2 25
750641 27 15
311425 24 12
83074 16 4
30538 1 15
165925 11 9
33252 11 4
4733 1 4
42089 2 22
114679 13 5
14664 3 8
74752 8 5
23732 9 2
71085 2 19
52063 11 11
73063 6 12
18516 13 4
2356 1 13
10361 7 1
50178 2 15
2471 1 2
18383 14 1
25834 2 18
169419 20 5
74206 6 14
1437 1 3
285375 38 7
15283 1 9
434051 9 24
103157 8 11
5248 1 23
175139 6 19
25212 2 10
526124 15 18
1558925 47 24
190464 14 10
111190 9 7
9574 2 3
26995 22 5
78056 42 2
37112 5 17
383240 25 14
12107 4 12
7653 3 4
15018 1 21
15068 3 3
94734 32 3
64428 5 7
43523 7 5
41074 6 5
343805 12 27
18189 43 4
196623 20 13
230612 17 7
27035 2 7
1639425 58 15
151157 7 27
45554 2 13
539213 12 33
64342 13 3
5824 3 1
209770 50 14
197632 7 17
18050 1 23
500185 15 19
61377 3 13
35079 6 5
15598 3 7
238973 8 28
17418 3 5
4591 3 1
2770 7 2
11125 1 10
206690 7 19
246763 13 14
9298 1 14
4267 2 14
92152 16 5
360857 16 14
122678 12 13
5619 1 3
65057 4 11
157939 4 24
2588 1 9
33688 9 6
22636 11 1
10571 2 13
268476 13 11
4328 2 2
102290 7 10
4035 3 3
4485 18 1
161819 22 5
36646 27 1
2552 4 2
666612 40 10
155712 46 11
4539 4 5
43957 9 17
2264 2 5
18548 2 8
303029 16 14
627371 41 14
56178 2 15
7353 12 1
775 3 1
1772933 78 14
2560 1 3
476994 18 26
28673 27 1
49194 8 8
15035 7 2
10864 10 1
343768 46 21
31099 28 1
27475 5 5
407033 27 13
46698 5 14
356519 15 16
20658 1 17
10022 6 1
30419 6 12
509395 14 19
557456 27 10
4395 6 5
56558 8 4
1681 1 1
117788 32 3
356630 15 22
7873 3 21
455134 21 12
51590 6 6
204347 14 14
356344 13 14
27160 2 12
43453 4 8
39032 2 10
3405 1 26
3044 2 1
133764 5 16
15896 8 4
459774 29 23
1219 1 1
303214 21 15
106414 3 20
396665 19 11
458662 13 21
496239 27 14
3533 1 6
81812 14 5
18083 48 2
10258 1 6
14917 6 3
7656 2 6
20429 1 18
162862 8 14
40319 10 7
14693 7 2
674558 23 25
27292 2 7
11215 5 2
20503 1 13
18379 4 3
1995 2 1
43246 1 23
89625 4 11
1800 1 1
44039 29 1
21287 4 17
6216 9 1
166553 10 12
42189 21 7
103586 6 9
6075 1 4
91967 13 4
4158 4 6
66797 10 6
255894 25 5
451993 16 19
17500 9 17
176818 33 9
12383 1 19
1783 1 1
34392 14 2
57118 13 4
17004 2 6
516503 69 4
7983 5 2
3025 2 8
10306 3 5
172311 31 6
11668 11 1
14766 14 2
13038 5 2
21170 3 5
11096 5 14
62389 7 8
107699 68 1
354519 19 15
31346 2 10
11458 17 2
32973 10 2
100100 19 9
313508 22 10
13799 5 2
26008 28 1
88227 3 16
1915 1 4
518456 44 6
351701 23 9
228048 14 13
5171 2 2
38801 3 23
228305 8 16
80539 30 7
56017 5 11
1557052 42 21
34790 27 1
146458 12 7
66574 3 16
102278 10 10
13355 5 21
20911 3 6
104981 6 11
1933 1 2
386833 37 7
12742 4 3
9770 1 24
38057 3 9
1663686 29 29
16103 15 3
17178 5 2
4579 18 2
63588 21 2
42152 19 2
21207 14 9
67858 3 21
147561 5 15
100495 13 9
9275 1 6
40381 2 24
301095 24 9
34780 1 22
227955 12 30
5674 3 6
171 1 1
21541 19 1
379279 36 9
273631 8 21
24336 12 1
18479 1 17
75155 7 9
382533 12 17
3159 2 8
19099 6 4
18880 8 10
39008 2 13
504690 17 26
7969 1 6
50803 8 6
37511 6 3
42195 1 21
18558 3 5
28089 2 24
490303 24 19
1483871 56 14
20577 8 9
207527 5 29
278822 33 9
104612 8 10
37748 3 7
651209 16 28
107803 16 4
680612 27 14
2247 1 5
269190 10 25
168577 10 14
200524 24 11
40127 5 5
8486 1 6
9056 5 4
5451 3 1
29227 9 22
300768 11 20
34762 25 10
766422 32 14
2046 1 2
13603 4 13
8980 4 4
16519 1 17
69685 26 7
11146 3 2
71291 37 1
38523 31 1
1890 18 1
579973 24 12
96154 33 4
46381 4 13
4115 1 3
29278 6 4
8313 1 4
760097 33 22
23859 1 17
1147 1 3
31740 3 30
94261 3 22
26460 6 3
66074 20 2
11292 3 2
164300 12 12
26194 20 1
249561 26 13
283899 17 12
11381 19 5
1097774 32 30
206418 56 2
47641 19 5
5376 2 6
372627 33 8
36743 2 29
69940 13 3
26630 4 5
32890 18 3
277874 11 22
105656 2 29
4133 5 3
511885 36 7
47999 3 10
11842 2 6
31483 2 9
121932 26 9
10894 2 4
216077 7 23
1058 1 2
4984 10 2
295751 16 9
147350 21 6
17408 14 1
5033 4 1
178858 32 7
86024 19 25
15763 11 1
545096 14 27
75679 3 22
43213 8 3
31647 8 2
1372 1 1
15882 8 15
13048 9 5
92310 32 3
2609 7 1
37654 3 9
323916 22 15
113892 9 12
13662 4 3
18760 4 8
1750915 35 29
4137 3 1
47302 12 16
28581 13 15
335820 10 23
4818 1 9
350191 19 9
493701 54 5
608029 21 18
93198 11 17
12816 1 12
4068 3 1
163261 12 13
3905 3 1
12162 3 3
20282 14 2
415 1 2
136506 6 18
4746 1 4
65513 10 4
2166 2 4
3265 11 2
104014 42 3
155047 21 5
22575 20 10
56958 7 7
309867 8 24
4057 2 6
27433 17 1
65960 12 27
65409 3 18
28004 30 1
9718 1 9
511153 34 11
96566 13 7
122407 16 4
35003 8 4
3146 3 1
66733 9 4
8832 3 16
511679 27 23
1281686 64 17
19858 31 2
41271 10 3
50151 4 9
77866 5 9
9282 1 6
737890 47 8
13019 11 2
129283 8 9
224170 12 30
10845 2 5
117597 9 9
85483 38 5
49876 41 7
89376 5 13
221807 63 11
1044550 43 16
28813 7 3
11881 1 10
177188 27 4
102233 12 10
24266 9 2
2567 16 1
2833 1 3
10984 1 7
7924 1 5
5052 10 4
483049 19 14
397143 18 17
3035 29 1
446883 17 18
134787 60 2
13818 2 23
449310 34 19
368930 22 10
226757 15 10
5895 1 8
22709 33 1
189916 13 11
661536 15 22
40716 19 13
22822 19 1
299367 23 13
474108 25 12
204649 17 6
2100 11 1
20048 7 2
27999 2 11
91925 5 9
4081 1 2
54648 15 2
73324 4 25
189114 49 2
12672 1 20
19996 2 9
15216 2 21
40295 2 18
4022 2 1
157641 11 11
2520 2 2
5304 3 4
12266 2 12
193302 30 6
173059 21 11
17424 1 9
9102 2 4
24606 1 19
10135 7 3
710571 36 12
6272 15 1
23134 4 5
45271 13 6
263 1 2
6838 2 6
53881 2 24
3889 5 7
7756 5 1
57930 41 4
66427 2 16
3290 2 5
205599 16 12
20557 8 4
125455 21 3
3347 1 15
45561 37 2
16674 3 6
285033 13 19
11380 19 2
118419 3 29
58885 6 9
13558 7 1
103521 14 7
110180 8 11
11613 37 3
17673 7 15
41361 6 6
96524 27 7
31509 20 4
60577 17 3
21626 2 6
383019 12 22
7587 3 2
90231 16 4
1679 1 1
993047 52 17
4761 3 1
1801 1 1
4129 1 17
91802 11 6
368515 31 16
160231 11 9
225418 54 4
100461 18 3
290 1 1
56939 2 26
326984 9 31
299383 16 13
4865 2 7
73371 5 9
37850 6 4
133661 15 7
139592 15 16
47685 26 1
34172 12 8
119283 11 12
131556 6 20
67920 12 7
98117 11 6
245938 38 5
11494 3 3
5234 8 6
2414 5 1
33802 4 17
11777 1 6
3888 1 3
5333 9 3
209527 20 26
236533 8 30
353540 10 26
3229 1 2
62294 27 2
158964 3 26
308363 11 17
46623 15 5
12472 2 3
149908 20 12
2378 1 2
124552 13 5
37900 3 10
551259 12 23
40237 4 26
78843 6 21
362270 53 9
59374 7 5
1413 1 1
315344 22 11
328785 17 10
184902 12 9
34650 15 18
76279 8 5
25649 1 18
15998 3 5
3735 1 22
20334 1 16
113542 18 4
7182 1 4
1240 1 1
25288 2 9
2156484 48 28
15026 3 3
725 2 3
644193 48 22
7267 1 4
723631 72 5
144000 9 8
16468 3 16
50484 3 10
54114 4 12
23977 10 10
4529 10 1
44741 3 11
398260 50 6
90508 17 5
67119 4 16
171083 9 14
44545 14 2
114148 15 6
45535 9 22
366 1 3
47135 7 5
10518 7 5
15274 3 4
10743 1 8
171153 64 2
8588 2 10
37804 2 27
5431 1 5
3214 1 3
5007 3 1
10556 1 6
89292 17 3
2421 2 1
379700 18 19
61269 7 18
337272 31 7
8350 6 1
101289 9 12
11237 5 2
1641 1 4
168292 15 10
47359 15 4
21317 8 4
23115 9 3
49760 9 5
990674 50 14
10869 10 1
32591 10 7
4738 2 4
1550 2 2
2764 8 3
200449 7 17
81943 10 5
6334 2 2
16467 1 10
35021 35 9
3799 3 1
124652 6 10
23195 8 2
134185 28 5
48987 2 12
153215 8 13
13802 4 6
15989 5 3
56261 14 2
39148 5 25
174280 8 15
2144 5 1
19454 1 12
17781 3 3
4683 9 3
9470 2 4
30549 14 5
239489 29 7
3078 10 2
7867 3 2
264989 30 5
3971 3 1
653515 30 11
4536 1 4
30990 4 4
238660 6 28
87305 17 8
21040 7 12
227337 11 21
30515 36 1
59044 61 1
190007 52 2
860030 37 17
49970 12 17
9783 5 2
6931 5 1
51543 4 8
80617 3 24
533774 36 23
34724 11 2
35564 2 13
4329 16 1
276727 41 5
36110 3 10
61292 10 12
674474 14 28
45564 5 5
221628 8 14
41387 3 9
394044 45 17
34631 8 3
176971 7 15
9394 3 3
44834 2 12
1639 1 1
91048 11 7
61845 33 17
261073 27 14
35458 4 6
27955 35 4
20671 2 8
30554 9 25
6737 22 2
25539 9 5
161856 16 5
322309 23 9
387734 39 6
229984 11 16
1830 4 2
163977 6 20
2051 1 1
8152 1 5
30919 16 1
2709 7 1
80567 4 24
72911 62 5
14235 3 5
22279 1 13
85668 7 6
40073 5 7
108225 26 7
75918 3 19
15245 1 13
1946 1 2
80494 4 12
288655 42 16
39973 1 22
285904 10 19
254186 14 17
282863 49 5
11098 2 3
155272 4 20
64346 9 5
333803 21 9
9469 4 5
6861 4 1
32548 6 5
6209 1 10
14613 2 4
94442 42 2
54481 15 11
38227 9 5
2248 14 1
36923 7 4
20748 6 3
36059 21 2
3568 1 3
481436 9 27
26949 7 3
104170 28 3
576 1 2
3167 10 2
409792 20 12
23388 2 20
24702 3 11
1649 1 1
100889 17 15
375718 25 8
38152 10 18
72041 20 2
10449 1 10
16584 6 2
1734 4 2
11250 5 3
549022 13 24
64092 7 11
136020 5 25
37171 66 1
84285 7 7
374 1 3
5018 1 5
26138 23 3
9761 5 7
52508 57 1
17908 5 2
209007 13 10
2854 2 4
27840 4 7
16108 2 4
33751 24 2
151312 9 12
13272 4 3
115153 5 19
30998 2 9
492707 20 13
289254 19 13
36605 8 3
8804 4 2
9407 3 7
44048 11 4
164222 37 13
84634 4 23
5914 1 5
22951 23 6
4185 7 1
10074 8 11
55934 7 9
523329 26 15
191245 11 13
42987 7 14
8160 5 10
14753 11 1
344441 33 10
57377 15 2
488228 41 9
20654 5 3
3835 1 3
552129 32 17
65358 13 11
55519 5 20
1015 2 1
19218 19 5
181252 5 21
113719 13 6
254273 8 25
768646 33 19
31965 3 7
27737 7 6
12809 3 6
413023 74 4
29029 7 2
22298 3 15
322301 13 12
48466 14 3
672120 40 12
74932 10 6
6996 1 5
148423 12 9
6027 1 3
48623 27 12
166390 19 6
10975 1 6
55742 9 7
164076 11 10
37327 5 6
5147 1 3
34651 18 3
16946 1 14
13123 35 1
14982 3 3
8750 19 2
25463 4 12
36693 9 3
67461 6 8
3596 9 3
2336 2 1
379075 14 22
800514 38 14
5616 5 1
104382 23 4
24608 6 3
175801 15 10
62563 4 17
2351 1 2
193128 19 7
23365 2 10
4167 5 7
31870 20 6
2633 4 1
3878 1 3
166653 12 12
3027 1 8
45319 31 9
128977 4 19
294757 19 9
45098 10 16
6624 2 3
42495 14 3
77832 23 12
16975 17 3
16054 10 1
31815 5 4
6954 1 14
62625 2 16
399848 14 18
455875 69 4
167201 23 9
14745 3 3
1964 7 1
17059 6 7
3290 1 2
35501 18 1
7229 1 13
47409 5 8
797433 39 12
58803 10 4
11782 12 1
26367 12 10
3579 3 1
151793 22 7
96512 3 22
2297 2 8
13915 4 13
50465 2 16
807039 53 8
711006 38 23
27120 42 2
568713 65 7
25651 1 13
30958 26 7
6248 1 12
115980 41 4
44329 3 8
85015 12 7
94288 7 18
533154 24 12
6415 12 1
61809 3 29
30271 7 6
156924 21 4
130768 26 4
10099 44 1
58983 27 6
11972 13 1
49302 3 9
102179 20 4
81281 3 16
20130 8 2
126808 6 23
10283 1 7
29827 12 22
28081 18 4
9262 7 1
52247 3 21
147167 6 21
21171 12 1
1549 1 1
93391 31 2
8013 12 1
16770 8 4
102373 22 3
2578 1 14
89770 5 20
21705 7 11
26159 9 4
10156 1 7
290311 54 3
17236 1 11
84191 33 2
71513 2 20
75362 4 14
112529 14 7
2102 4 1
196931 22 8
28869 8 10
59567 19 3
231015 35 6
108541 7 12
98728 35 2
84803 2 30
166337 5 21
53788 11 7
1434543 52 21
26097 5 4
94364 5 16
29292 16 7
44241 4 7
435962 13 29
7486 1 4
1037 1 1
41882 16 4
119688 33 3
307948 80 2
214301 5 25
251735 11 18
36372 14 3
32752 13 8
21241 28 3
4142 3 10
2184 1 3
244864 35 6
327320 43 22
130235 10 9
7473 2 2
943137 24 25
41348 4 13
6560 6 1
2749 1 8
8879 7 1
22245 4 15
14116 4 15
20995 12 1
96512 24 3
81224 10 5
177862 18 8
287808 18 8
19950 4 9
19198 4 3
6596 2 14
339216 63 5
4763 3 1
46995 16 2
23985 1 14
1950 1 3
260136 5 26
123063 14 11
6474 25 2
68419 38 8
470476 12 22
2946 1 4
6738 4 1
84792 31 2
8395 5 3
21214 19 1
53972 11 20
33472 1 20
45019 16 5
217315 11 12
25719 6 10
41909 10 4
320726 17 14
4388 2 2
37324 2 16
9056 1 8
10179 6 1
60254 24 9
2770 2 1
148292 8 12
317566 8 32
352521 67 4
38383 32 6
31920 1 16
43028 6 4
1229002 41 23
4903 4 1
565427 18 22
4427 1 4
130519 18 9
43141 12 2
472306 50 14
1374 6 1
169940 5 18
323424 15 17
19607 1 13
4551 3 1
328672 31 10
1089149 24 29
113809 9 13
3466 1 2
52287 14 6
12434 1 6
37494 1 18
208120 14 9
21087 2 19
395583 66 4
200099 18 7
855081 35 15
14774 7 3
916778 27 21
467866 16 17
74937 8 6
47371 4 15
22159 1 15
138715 35 3
86832 3 15
83284 2 24
221214 12 12
1789 10 1
19424 2 8
61484 4 9
40031 22 13
50434 6 18
44041 34 1
4098 4 4
60873 31 1
117104 76 3
111549 21 7
106868 5 15
1789 1 1
569988 35 9
274299 20 21
14860 12 1
564883 23 21
25738 3 6
170544 25 5
1831 2 1
310560 18 9
936959 43 13
35019 6 21
865 1 2
74899 9 13
231 1 1
287783 12 17
15822 2 4
160611 15 20
250286 20 7
8537 2 27
77423 3 22
14589 1 7
12540 4 16
217787 6 21
34760 3 8
20533 8 2
51986 5 11
64849 6 6
114421 4 26
10659 2 4
57861 6 6
16020 61 1
10290 11 1
110469 6 10
11703 1 6
47393 12 11
330985 46 11
59390 43 5
967896 42 22
4259 5 1
17560 3 3
167823 20 9
8116 3 2
12212 2 7
60038 5 12
139275 41 3
8609 1 9
60506 18 2
106850 11 9
6193 9 3
248020 6 24
199331 16 7
17265 1 9
18709 8 5
10164 1 10
962382 33 15
6133 3 3
17983 12 1
413549 14 16
3410 1 4
194842 9 13
2559 1 2
260470 27 8
196001 30 6
49224 8 13
1901 4 4
155981 27 3
59981 15 9
67074 4 26
11047 1 7
825 1 1
2175 2 1
1572961 32 28
32804 2 10
28441 1 15
35809 1 23
18024 39 2
10909 7 2
14496 4 3
20196 1 16
1983 6 1
5159717 84 30
62914 4 14
70606 2 22
46943 1 27
166038 43 2
211105 11 17
68092 2 27
139058 8 9
44859 4 6
1485561 82 14
702021 73 19
233417 13 17
6807 21 1
9863 20 1
582736 37 10
2205 1 14
132054 21 15
9538 40 1
27015 1 23
9055 1 15
1099 1 1
136928 3 25
80998 9 5
39543 6 6
13467 2 5
59816 23 10
82611 6 20
20186 7 3
105494 20 4
1005 6 1
646934 71 10
13115 11 1
143738 5 16
25198 2 21
43706 54 1
6191 1 3
20714 17 3
12388 3 2
21970 4 4
65299 13 4
5329 5 5
3182 2 3
28028 10 9
58098 10 7
1308498 36 25
4687 4 1
6990 10 3
9932 3 2
27591 1 18
198661 5 21
285056 29 6
131156 7 13
421 1 1
14380 6 2
74161 23 3
10939 14 2
47993 22 2
348969 15 12
113614 31 2
16291 8 3
1986 19 1
1133 2 4
2979245 63 26
161146 12 11
21176 10 2
317715 14 21
121746 7 10
926601 48 17
41573 10 15
17294 27 5
18837 18 2
32642 7 9
83045 10 15
714 1 2
271173 38 11
2951 2 1
8812 21 4
775234 51 8
160985 7 13
9078 4 4
1980 1 12
179462 9 12
8227 18 1
8067 5 3
14863 13 4
19833 2 5
503257 13 23
18807 34 5
119166 5 13
17930 10 1
18716 9 1
281879 18 10
627477 32 10
48527 6 6
16055 21 1
34734 19 1
119189 24 3
991 1 3
7406 7 1
58913 2 17
114656 43 18
229551 28 4
15183 2 13
111179 18 8
18464 6 10
18533 1 12
8211 16 2
4093 3 1
41684 5 5
69422 48 1
23293 9 17
660473 21 17
182771 9 26
36700 1 23
52569 12 10
24129 20 1
667627 40 17
112542 10 10
9571 5 1
450579 59 4
17145 4 6
202409 29 8
334268 27 10
16721 2 7
563739 40 17
18828 9 3
4754 14 1
227829 15 9
386910 45 5
13288 1 8
266198 37 8
60563 3 12
8526 9 3
25224 2 8
5253 1 3
27196 12 2
46499 9 3
20323 31 4
282726 43 4
6132 2 2
2463 3 1
607014 23 23
69454 8 7
309439 17 11
198354 7 15
56318 4 24
181367 11 15
1383 1 1
15827 3 5
53748 4 12
517490 48 7
125230 29 3
48243 26 1
282249 9 19
2050 1 6
78344 29 2
45197 3 13
171902 17 11
28034 3 5
154044 7 14
859266 33 15
605 2 1
2265 2 1
49949 44 5
1213 4 2
420510 10 23
48893 5 7
226690 11 19
570793 47 15
66957 4 17
611 1 4
2550 2 1
4718 11 2
180825 21 6
107952 13 7
24577 17 1
210226 23 8
39086 9 4
138579 16 8
8316 1 5
3644 1 3
342185 25 9
6407 6 1
15340 5 3
139651 10 11
29058 4 5
2873 1 3
987579 32 18
48304 2 21
491832 18 24
132655 15 6
73968 2 29
140654 5 16
76137 5 10
383486 45 17
321593 18 13
1575023 45 29
32678 3 27
92795 22 4
31590 3 7
58646 46 1
369354 32 11
194654 13 13
26310 7 9
3445 11 1
237784 31 5
5270 4 1
356895 12 25
94125 8 7
92412 3 26
52982 21 2
5447 1 21
44093 5 5
368160 29 8
260928 27 15
248663 34 5
491502 14 23
17966 1 9
3860 1 3
25749 8 3
136098 14 15
11811 6 2
1836 9 1
384820 12 24
18601 3 6
7227 2 16
140478 11 7
80058 3 31
178702 9 12
23912 6 4
38826 2 10
488084 22 30
11910 3 11
95496 8 9
82991 11 7
33465 25 1
6080 6 7
78649 38 5
884 3 2
199603 20 6
407538 35 6
10667 2 6
419199 23 10
49777 23 8
18506 13 11
771 4 1
872709 34 14
740843 36 10
19844 3 5
23206 3 5
111471 14 5
8595 1 8
18840 2 8
1122768 36 22
9567 4 2
6023 29 1
68719 59 1
31487 3 15
60673 3 11
31216 1 19
1126516 54 14
7366 13 3
73171 15 20
119920 23 3
1928 1 3
2644436 50 26
1363 2 1
7195 5 1
354599 37 9
24879 8 2
420173 26 8
85726 8 7
73417 20 3
72679 20 22
6580 7 1
1155 1 4
342504 13 18
126561 6 16
138757 11 22
5585 4 1
12686 1 7
79620 5 12
85321 44 3
646505 20 21
2016 2 4
32275 2 8
201835 23 7
17669 2 5
194368 15 8
354624 31 12
198129 22 7
3379 1 3
1799 7 2
331643 45 4
263858 60 15
143071 7 12
168908 35 10
56164 2 25
14993 2 8
115546 8 12
4501 1 3
97324 13 6
287638 20 9
104996 5 21
95423 8 6
3372 1 17
6977 4 3
2637 2 8
7380 16 3
1177935 29 30
461277 37 9
331580 15 14
20625 1 14
2730 1 8
20083 21 2
123495 44 9
129320 7 11
52912 31 5
12353 10 2
19512 1 14
196419 23 6
5821 6 4
16604 8 1
17349 9 4
23337 4 17
9207 3 3
1598 6 1
35598 9 8
72971 15 12
229874 37 14
3427 3 4
8418 1 8
24144 6 2
21234 9 2
5674 1 5
75751 4 17
1159480 78 24
823489 34 12
14278 1 9
184790 13 10
367496 17 12
50827 19 3
5078 8 2
177654 24 7
2427 6 1
20937 3 4
2824 1 2
53412 6 8
6973 1 6
410647 36 7
143534 55 2
11547 1 11
57475 2 16
786981 55 8
111526 18 3
401975 20 14
71210 4 10
94056 3 19
15269 1 12
8341 2 3
147298 4 20
2817 6 1
25010 34 1
1422639 55 18
193276 17 8
203514 10 13
560702 18 28
366741 27 7
24746 2 10
47969 2 19
226561 11 14
492975 29 10
112412 17 4
1789841 57 18
862793 16 27
57067 14 3
2653 4 1
28794 5 3
75592 13 18
58390 3 18
483 4 1
61713 3 14
3533 1 2
105505 23 3
11120 12 2
2004 14 1
20943 6 2
33754 3 9
28908 3 8
49624 10 14
99710 20 3
15766 4 2
586179 29 11
354148 28 7
9910 26 2
312553 21 11
1241883 23 26
20871 11 10
1279 1 8
17274 8 15
34306 16 13
6759 5 1
14916 1 8
161808 8 10
597724 27 16
34417 4 7
9994 15 1
13448 2 10
127811 13 5
21282 1 11
1640386 53 26
33552 15 15
3494 5 1
38512 10 2
815623 21 24
235577 13 9
21444 6 2
2563121 60 27
459331 73 23
2186 5 1
19339 19 1
46508 28 6
202362 9 15
63033 5 10
18836 19 1
23796 1 16
221875 28 6
3316 1 20
76122 13 4
169266 56 2
493889 15 18
130239 31 13
39198 2 17
14603 1 14
642376 40 15
34168 1 17
33588 10 4
42039 7 24
14560 1 26
216779 28 5
23797 4 5
2141 1 3
108041 6 19
12328 5 2
24363 15 1
134962 25 8
48704 2 16
15679 19 1
61642 5 11
47159 5 8
42507 14 2
36277 4 6
33650 3 8
39558 36 1
65057 4 8
33280 3 6
17581 1 12
1767313 29 31
52254 13 3
12469 6 1
62611 42 1
247969 12 13
79628 15 19
555726 46 6
45442 34 1
1885909 66 17
57054 9 6
48691 27 5
250768 8 16
131893 17 7
82306 7 11
254750 10 13
10476 1 9
630 3 1
46073 20 3
165495 9 13
9949 17 1
93760 26 2
1934 2 8
86683 13 8
5842 1 6
243005 19 8
46798 11 5
6536 1 8
47132 38 1
26750 8 10
13834 14 1
52537 7 6
327309 14 18
366 1 2
5058 1 3
229112 16 7
64326 6 14
6028 3 2
57252 8 5
454256 20 26
443498 32 9
86297 6 7
91854 12 7
22508 19 5
50510 10 3
73996 12 3
675454 35 15
1148 2 3
23259 2 14
166799 11 13
265482 11 12
104157 4 28
1740 1 4
156927 3 29
191062 25 10
9616 3 2
105959 22 13
38423 16 4
99915 3 26
30649 13 8
58380 9 4
4299 11 1
6827 1 10
18287 4 7
147978 11 8
2617 1 9
57092 11 12
149240 6 13
29528 9 2
1594160 53 26
12435 15 4
5512 8 1
15858 7 2
12452 3 9
23350 2 11
464596 49 6
591142 36 9
24145 10 5
4582 1 3
3534 3 1
8578 6 9
5014 1 4
57786 11 4
68349 4 15
120968 52 2
267508 7 21
79487 45 14
9795 1 7
5645 28 1
1346 8 1
16279 5 5
784307 12 32
149595 9 14
13364 13 5
9196 5 2
114076 10 16
1886 6 3
395583 20 19
542946 13 21
69607 5 7
10711 3 2
263766 25 6
15361 4 2
79673 43 1
15152 3 23
187531 30 3
17471 1 10
5908 1 3
110405 9 12
22647 3 7
3577 2 1
114862 4 16
19905 4 3
1244284 45 25
16997 9 1
138493 22 6
806 1 1
12893 8 9
6754 4 1
9058 7 12
7805 1 4
9532 6 1
7762 15 1
80952 10 30
20786 10 3
324616 15 19
8707 6 1
381 3 1
817019 34 22
24144 1 16
105372 9 25
119711 3 23
7178 1 25
56264 21 3
85257 59 6
10413 1 9
21067 1 17
3832 1 4
289310 10 20
49570 5 16
303531 27 9
27877 3 5
1399 1 1
10951 1 19
103422 4 23
10773 1 6
8861 15 5
68958 10 4
1116 3 1
1044 1 2
24236 6 20
3316 1 4
6245 4 3
12722 12 1
13622 1 19
345671 24 7
74692 8 6
228935 7 18
385203 40 6
24097 1 13
3837 1 2
246164 7 17
64193 4 9
12434 1 19
9360 4 10
573 1 3
13174 2 6
2750 1 2
53900 8 5
134331 13 5
31661 4 6
322151 43 4
200406 42 6
8657 4 8
490231 29 10
670010 38 16
19090 68 1
1071 1 1
23296 26 5
1278133 33 19
228130 10 13
355246 10 32
101419 6 13
823 4 1
53735 3 9
27687 1 14
3736 1 2
9670 1 5
35385 13 4
4869 8 5
3520 1 25
80045 5 9
166828 32 3
2845 1 2
470322 28 10
12204 12 6
990030 35 21
2656095 55 25
88195 28 27
1935 8 1
20794 4 6
15006 1 8
156902 68 2
450348 15 32
120979 27 10
47016 4 8
112838 5 11
870840 28 20
629331 44 10
48444 18 16
328679 24 12
851 1 1
17104 1 28
19343 5 2
4316 1 3
5627 3 1
1828 1 8
12303 1 9
25100 7 13
114244 16 16
5223 5 1
28213 32 1
10414 3 3
24595 1 21
29668 10 5
90563 5 14
119388 45 2
47498 11 11
78415 58 1
61299 4 12
121940 4 19
41437 6 7
11278 23 2
4055 1 2
94039 7 8
812076 51 9
601722 19 24
732817 44 12
174319 28 4
7493 2 8
1367426 27 25
10257 1 7
27859 1 17
14159 9 2
4364 1 13
65815 12 10
12924 1 14
10436 9 1
22382 15 6
24094 1 28
705903 37 12
70308 3 16
32969 30 4
122194 6 12
68676 2 19
42613 11 6
926664 46 10
43800 4 9
2987 1 5
20552 12 2
7709 7 2
40117 29 1
160493 46 4
16295 4 22
103933 32 2
45920 9 10
23485 4 4
6776 3 2
190269 22 8
27771 19 5
80395 19 18
45916 13 3
52629 5 6
5588 1 11
42243 7 3
8688 2 3
48649 7 6
37176 4 7
172028 32 7
31716 1 16
69163 7 7
3852 2 1
248793 63 2
33120 4 18
405471 15 14
33877 17 8
12127 2 4
3448 4 5
168854 20 8
53600 32 1
311720 24 7
173308 54 2
46350 10 14
83428 16 6
218633 10 21
20265 2 7
16575 24 4
3002 2 1
14899 4 3
448077 33 13
80613 4 15
5627 2 2
2060 1 5
3881 1 2
63174 12 3
433 1 2
54183 19 9
50432 30 6
26509 5 7
23146 11 4
3907 2 1
102425 17 3
40353 2 15
102939 5 20
14088 21 2
1919 1 3
4122 10 1
200825 26 7
69964 5 11
259964 30 5
55823 21 3
2549 1 9
50654 9 5
47279 6 8
564 3 1
6290 1 6
7192 5 1
2255 1 2
267423 12 16
2506 1 2
547325 29 20
61332 7 6
4525 1 10
590569 49 6
106317 3 23
7691 5 1
2928 1 2
12927 3 8
27618 3 7
100409 27 4
4091 1 2
36487 3 8
3109 2 1
76787 7 6
469634 38 6
27468 24 1
120131 7 17
6945 13 5
49292 5 13
141226 6 19
293851 22 9
7294 2 2
87362 4 20
32925 3 19
194546 9 13
2583 2 1
53883 29 4
21128 13 7
98383 6 11
12594 4 3
13314 1 7
15666 3 3
133130 22 3
113249 63 1
15689 12 1
15140 6 2
283037 15 11
146014 21 5
2604 2 1
12248 7 1
13296 7 11
14510 8 4
66959 25 8
30963 12 3
19822 3 6
10532 1 8
8452 11 3
225111 43 3
271445 12 13
48868 8 4
36862 2 13
76176 6 9
47173 5 6
58063 1 28
11201 7 2
18963 6 6
4695 1 3
40852 2 14
106923 5 14
147859 9 14
2381 3 1
10682 8 1
51480 34 2
11654 1 7
149483 4 29
250766 20 15
47253 29 15
2409 2 1
141477 6 13
27678 16 4
5561 10 1
72522 11 4
298 1 2
5774 4 2
263315 9 24
734593 32 16
26487 18 1
287021 43 21
821 1 1
5277 18 1
1030973 37 24
132169 11 6
12166 7 2
12679 1 9
7660 2 11
195182 25 6
45567 1 24
168736 6 20
78818 17 4
452375 23 17
2191 1 2
26011 6 6
4543 5 5
27305 12 2
127990 10 9
46991 9 5
10185 23 1
4337 2 7
32630 6 6
95017 13 32
192029 27 12
7093 9 1
47652 6 10
107539 22 3
3543 3 8
146473 21 4
3846 4 2
143407 15 7
1672 1 1
16444 1 10
96691 7 8
30984 18 1
502745 25 14
172171 36 3
53799 5 7
208807 16 7
5758 3 1
4016 7 2
8628 11 3
351403 25 11
58177 3 11
62628 34 1
221872 7 17
183455 14 7
216135 32 6
1162873 60 17
441209 13 21
1619 2 5
58029 15 10
9122 5 12
4244 9 2
9983 2 7
84189 3 30
19056 2 5
55233 2 18
21166 17 1
231119 23 8
94650 29 18
24284 4 5
103470 16 19
36028 29 3
2330 1 11
690628 31 25
130081 32 8
34094 2 12
152228 10 9
497898 12 20
8051 5 2
10653 1 10
278 1 1
41801 2 14
158633 5 16
372255 20 12
5950 7 3
16591 7 2
1188 1 1
488138 28 23
5398 1 4
80173 5 11
17312 11 1
1533629 40 20
107773 39 5
32256 4 22
337471 53 13
62022 11 7
22087 36 1
171134 9 10
31304 10 10
6631 12 2
450675 49 10
1014 1 1
5921 14 1
44635 22 1
155035 14 7
5497 3 15
14032 25 2
48327 3 12
12341 2 13
24548 1 20
12445 3 3
674526 36 10
1196214 36 20
56721 52 6
476219 15 25
20511 5 8
692 2 1
8333 2 2
12658 7 6
21253 16 1
1698180 62 22
1105 1 2
41829 18 3
9028 3 15
24166 10 6
196018 9 23
54375 3 13
210160 15 7
4284 1 3
88851 45 10
54632 10 4
13695 21 4
19261 3 13
320907 27 9
1357980 29 23
55787 6 19
10185 3 7
7950 4 6
76714 3 13
3515 1 2
216105 14 10
593487 26 18
26252 11 2
90290 11 8
864099 25 18
83090 20 14
41724 24 1
70654 34 7
14292 4 2
3633 6 1
12003 5 2
92068 6 9
397297 27 13
5573 1 6
19107 1 16
56517 5 6
25139 1 19
22525 29 1
179382 22 4
1189 1 1
10532 2 9
5048 1 3
185732 5 22
147911 22 21
7935 3 3
92898 9 6
38714 2 18
78013 8 7
59836 36 1
3872 12 3
320596 11 16
9847 2 6
338158 40 7
12630 21 2
4259 11 2
870 3 1
42373 7 16
241078 25 6
29140 7 2
201879 25 5
3413 1 6
10881 1 9
1159 1 1
159007 7 11
11744 7 1
43517 3 8
5154 18 2
116092 11 6
728312 29 23
3250 1 19
67012 3 17
25156 3 17
1523 2 7
186135 16 23
29615 36 1
5031 3 1
61976 7 22
15258 6 9
1489799 59 14
572167 11 30
5289 2 6
341267 17 12
73160 6 7
240501 29 4
194 1 1
8411 2 3
6670 1 11
109245 10 6
100748 23 3
2378 2 1
761 1 4
168344 40 3
32387 2 14
100766 3 23
135151 14 6
2856 2 8
95434 5 16
35783 1 18
10274 3 30
30620 9 3
11918 1 10
81693 25 3
205491 27 6
136282 15 6
8364 21 1
535292 21 15
36718 4 7
3892 4 3
10868 17 1
18374 10 2
973721 51 20
265235 20 12
3691 4 4
9116 13 6
486382 40 6
11328 3 2
55309 18 2
938009 70 8
29675 21 1
33026 8 10
11736 1 8
199 1 1
4749 2 15
79740 45 1
127543 15 23
20919 7 7
13810 6 3
722159 63 8
366135 34 10
256891 5 26
32242 3 10
82055 27 4
54994 44 3
244311 23 9
698672 40 9
87516 8 17
6402 6 1
108390 5 13
16166 5 3
119963 9 31
1519255 31 33
26153 10 24
1390 1 3
8008 3 2
57017 9 10
1357 1 4
4860 3 1
4609 6 2
49282 1 27
9378 9 8
1768 6 2
5658 1 10
10966 8 13
52069 66 2
22247 2 8
176864 10 15
17892 5 23
24853 4 15
100898 64 7
19177 5 2
42760 8 16
16189 2 4
12205 5 2
92313 9 6
4713 9 2
74857 8 5
4487 4 6
130938 6 14
39481 32 1
173 1 1
116460 36 2
47901 8 5
34898 2 14
18551 1 12
190593 6 25
1693 1 7
9980 6 1
58750 6 5
95381 4 15
30869 9 4
19804 1 17
30142 13 4
13118 7 7
128617 36 6
44321 2 16
29855 14 2
50041 6 7
1315 2 1
554483 28 27
12247 3 2
55517 23 12
398431 31 8
1292155 78 15
1432 1 1
4701 1 7
17538 8 2
67775 6 9
44740 17 5
557352 14 30
18849 12 4
5633 1 10
1148 1 2
21653 1 14
10765 3 14
333719 38 20
18718 2 6
282451 10 21
14059 14 9
341754 25 12
132686 13 6
221652 5 26
28383 53 3
178979 33 4
252123 12 12
204047 5 20
230430 17 15
623795 30 13
5119 3 8
42267 5 7
51879 2 21
4912 3 1
122377 24 16
104568 5 11
20353 5 3
140626 4 17
6599 11 3
56671 17 3
181248 8 20
84488 3 18
15851 13 1
341435 13 13
2187 1 7
101565 10 5
243310 18 17
29142 20 5
5707 2 3
91225 4 11
6630 4 1
3698 1 8
7741 2 2
108792 12 18
15811 6 2
55052 3 11
456364 17 14
16125 1 8
105760 6 13
8448 1 10
37384 4 11
17348 1 26
3201 1 3
103829 7 8
24017 12 1
64385 1 32
30615 4 6
184935 8 14
6878 2 3
149088 5 22
48578 8 14
1379 6 2
21201 1 25
19832 1 15
9866 1 11
14015 5 4
17135 21 6
64218 20 3
89689 6 14
141803 15 8
372263 30 9
16717 1 9
62794 4 16
66007 6 14
436361 13 28
19178 4 3
45936 12 2
7928 3 2
35555 30 1
17467 1 14
144343 12 9
19363 6 2
4218 1 23
231596 19 7
41997 39 2
725486 59 20
14680 3 6
21562 2 25
1828 1 2
122325 5 15
12888 12 1
612941 42 9
27247 2 7
219027 20 8
70906 42 1
23104 15 14
112691 5 11
3285 3 1
4094 1 2
237923 21 10
2619408 60 22
253987 12 13
69226 19 2
4777 6 2
2992 2 1
38008 15 5
248832 31 7
12714 21 3
22291 2 9
36555 2 9
14358 12 1
30854 1 27
34855 1 23
7992 1 4
163532 15 19
94886 20 4
31585 16 1
52384 49 1
38110 2 27
38264 14 5
37632 2 12
9347 12 7
121639 14 7
84519 59 2
45981 1 25
41222 3 9
38820 24 2
4921 1 22
337487 33 9
11981 10 1
144464 10 7
295209 10 15
51767 21 3
197572 18 6
218930 16 16
6456 3 5
21294 1 25
350330 57 4
688314 43 20
24143 8 2
59156 9 4
7529 1 16
76277 6 8
5374 14 1
51834 2 15
18231 3 26
105967 6 14
177705 68 2
53592 13 10
10612 7 2
50489 4 7
48101 8 10
6451 3 8
2893 2 1
2034 11 1
18540 6 2
101405 30 7
25409 1 19
64838 3 14
10297 1 5
11250 3 3
2123100 67 23
114202 16 4
79354 46 1
370888 17 12
110381 6 10
1128953 42 18
929263 29 18
106971 30 3
116953 14 6
111457 23 7
44424 23 1
74012 2 32
7692 8 2
131254 38 3
9774 5 1
260296 69 10
15870 1 11
473566 29 14
65822 27 2
54400 13 4
539 1 3
6625 6 1
151233 9 12
32578 4 17
12306 1 10
258118 30 7
267755 19 13
42929 1 26
21508 1 14
522468 85 6
107127 6 15
7071 8 7
19382 2 6
329823 24 15
60057 12 4
190023 14 10
12062 3 2
2278 1 4
252827 36 4
30712 17 1
12398 1 9
872847 32 22
40284 18 3
365975 18 15
92254 5 15
130546 10 11
1053898 62 13
36111 30 1
159785 66 13
179227 35 12
36996 2 15
1696 5 1
53641 2 20
435 1 1
3484 2 12
47713 15 4
90088 4 20
38228 50 1
46856 3 8
84581 6 10
48957 8 7
198541 16 9
35145 12 2
12502 5 2
136817 9 10
6632 11 2
3555 1 2
32617 3 7
114514 36 17
704649 30 12
23020 2 10
17125 3 14
65679 49 1
10022 1 7
228625 9 25
2906 2 10
174276 13 12
109190 33 22
4087 1 14
2363 6 2
30783 8 13
99950 5 18
8081 6 5
135492 32 4
26496 5 3
526558 16 29
24976 10 2
53012 14 4
130488 63 10
178130 24 6
26711 8 2
43542 53 1
17003 14 1
163916 8 18
55582 29 9
16512 3 5
54404 5 12
122611 5 17
170493 8 15
188380 27 11
2194 3 3
3138 3 1
51150 6 6
1591419 44 20
17917 13 5
5716 3 1
8338 2 4
39793 9 19
191738 11 13
5615 7 2
240369 9 17
45366 2 17
5849 3 1
1131 1 1
15605 1 8
64374 4 10
5520 1 16
165116 14 11
55797 16 5
5876 1 5
35287 38 8
172893 20 8
24303 1 28
919601 43 26
1384 1 2
219756 10 21
90627 57 1
9782 16 3
27865 26 1
2191961 67 21
64321 29 12
2577 1 9
635 5 1
1589 1 8
197914 7 23
57545 22 6
19448 1 11
302530 12 22
111874 4 16
62525 6 9
135653 7 15
27500 29 6
4865 1 4
483795 16 19
33263 1 23
60895 3 19
5197 3 4
83114 11 4
1037107 53 12
513 2 2
3261 2 1
37319 7 3
60882 26 2
42839 39 1
54775 13 4
2584 1 2
597889 27 13
71078 18 3
17987 4 3
57432 31 1
25173 6 13
7183 15 4
42419 15 3
75240 16 14
23124 1 13
64468 5 8
113113 69 1
2429 3 4
9078 1 6
9312 1 29
13633 1 8
1202 1 1
2692 3 1
10579 2 16
329977 12 17
280502 67 6
368174 30 11
35674 2 12
1684 1 1
27712 7 2
485534 14 20
141816 39 5
235008 7 26
87063 25 2
235397 6 22
13447 1 27
3274 1 3
30501 14 16
106641 6 17
6914 1 6
2797 14 1
32528 22 2
718612 24 31
3329 2 1
31258 30 1
328665 22 9
159635 42 3
21179 8 2
81929 4 13
56711 6 5
263533 9 21
21784 10 4
34511 8 4
129742 7 15
35226 2 13
46993 2 20
1894 1 1
58480 19 2
22959 3 5
40698 15 2
30508 3 8
15846 20 6
48451 11 13
805143 51 14
37774 5 5
22713 5 3
90299 8 10
106113 7 8
8625 1 23
317918 13 19
241448 23 7
64676 11 7
5359 5 1
18403 2 5
39905 8 3
105748 9 6
17597 1 12
9892 5 1
19257 7 2
149153 5 15
166041 6 21
1484 2 2
66418 4 11
31802 2 15
329236 35 12
101493 5 13
174224 11 12
14760 2 21
2523 4 2
7509 4 1
2136 4 3
223638 8 18
122823 10 6
2360369 53 32
364398 39 7
2647 1 3
107518 19 13
387422 15 21
4455 1 24
43263 4 7
29383 8 2
38494 9 8
682463 29 14
375741 9 27
9650 1 19
18171 1 10
184443 13 9
54759 15 2
171937 7 15
31502 2 14
260808 13 19
19029 7 10
1968 1 1
821113 29 24
662 1 2
313187 11 26
95194 5 14
162880 30 13
18741 3 3
212782 5 24
20166 1 10
915 1 4
28510 1 26
268722 38 7
37034 13 2
48625 4 10
8208 1 5
1797 4 1
24063 16 7
150601 12 10
9472 1 8
145804 12 6
606041 22 20
59792 3 17
1437 2 2
27043 5 10
11156 4 2
51301 31 8
61289 2 26
82059 6 13
9461 5 1
19590 11 1
66873 6 7
46600 3 8
178449 18 11
86857 14 7
8443 18 1
5039 1 4
29978 4 5
238502 11 11
76874 19 3
51020 7 14
221362 9 28
50598 2 18
198808 17 6
95061 20 4
15044 1 9
14116 1 7
113421 22 16
962847 58 13
99022 6 11
47250 7 4
9793 1 7
216607 16 12
221564 6 20
2709 8 3
472551 12 22
544190 9 32
55621 19 2
15522 1 14
28082 4 25
1784 4 1
4984 15 2
4668 11 3
82949 6 16
17349 2 10
34055 2 14
4986 2 14
866459 59 9
109192 4 17
25439 37 4
133450 16 5
264818 20 13
85105 25 2
841 1 2
90605 6 16
309915 29 9
12113 16 5
12544 1 12
96065 12 5
474539 29 11
19857 2 7
494673 31 10
363882 22 8
13906 4 3
11489 8 1
12234 6 2
79691 7 7
40244 9 11
189874 11 9
332167 15 15
53840 10 3
317284 25 33
11775 7 13
2771 1 5
54429 3 14
9273 9 7
517935 12 23
132811 4 17
38032 11 2
38040 6 21
1459 1 12
1778 14 1
842 1 1
290289 18 9
10135 1 5
9786 6 1
238118 64 10
6493 4 1
6798 4 1
9498 2 3
19552 6 21
10397 2 3
24909 26 3
15149 11 7
217516 23 26
79555 4 17
374108 24 11
150575 5 17
6136 1 9
43735 7 4
25570 9 2
3916 2 1
23731 2 16
82132 29 7
113588 3 27
129103 15 16
5105 9 5
13927 3 3
10869 3 2
116202 27 3
44498 2 18
9452 3 3
4372 1 18
346681 26 7
44245 2 11
157572 48 10
145356 5 23
145080 19 4
13820 11 3
168368 9 14
8938 4 2
6888 1 17
132620 31 7
69484 44 10
59953 8 5
14620 2 7
32051 22 1
36893 21 2
19988 5 3
493 1 1
9770 24 2
107974 4 19
11438 9 5
27639 2 16
6412 2 13
22020 1 12
166160 21 17
169381 14 10
25048 1 15
4484 3 1
3645 1 5
23089 1 13
19746 18 1
10211 4 9
43820 20 3
230304 20 9
16298 33 2
13987 11 1
5194 1 20
61850 5 10
238215 21 11
77528 20 3
58420 13 4
112092 6 9
33033 23 1
9005 1 8
10876 1 7
3620 3 9
66684 9 6
98378 13 7
148012 25 3
602125 58 6
7500 1 4
47657 4 15
1991 4 1
12457 11 1
74242 32 18
27194 3 8
1325 1 1
40978 7 6
254638 13 16
468 1 2
13295 1 9
21780 2 28
11844 3 2
234171 20 7
79023 9 8
2831 3 4
150825 36 10
20558 1 21
8665 2 18
203535 19 7
129773 26 4
7397 1 15
35183 6 5
8103 2 14
18081 2 9
10796 2 4
325593 21 12
4093 2 14
26110 4 10
572796 23 13
61992 5 14
121171 35 31
159787 24 6
24569 2 20
175602 38 3
3858 6 4
2377 1 11
621484 48 8
7179 2 3
487168 17 27
232890 19 13
50300 3 16
4699 1 12
615 1 1
88922 31 4
4315 1 11
9580 12 7
5279 8 5
5700 4 1
4651 9 1
138026 17 19
110919 7 8
11662 1 8
224892 38 3
17794 1 13
89501 7 8
9992 3 5
73277 44 5
256064 7 22
357 1 3
8643 1 6
75096 41 3
193470 36 4
111753 5 13
341002 11 19
261437 38 5
414727 26 10
12854 14 6
2843 1 3
45782 4 7
2736 1 6
11222 1 6
125 1 1
55789 3 15
201957 9 20
10320 9 5
24169 6 5
147201 15 8
124184 10 11
23968 31 2
6031 8 2
413273 26 12
12772 1 24
7733 7 3
166865 3 29
67557 10 6
9254 2 8
215986 25 7
146470 36 2
189339 10 11
30569 2 13
1796 3 4
15982 1 11
23448 2 22
90225 6 10
12163 2 3
7281 3 2
1490911 59 24
1417 2 4
1558 1 1
87244 9 5
33757 30 1
148034 9 15
1657 2 5
33568 5 4
14351 18 3
299 1 1
2628 1 13
5526 1 5
185439 58 2
42505 10 4
342702 23 11
54985 2 17
46227 33 1
11875 10 1
545371 15 21
313737 13 22
156354 22 21
54838 3 11
117606 14 8
11707 2 10
113990 9 7
2188735 66 18
59498 31 5
80534 27 3
38103 19 1
239661 15 17
10231 1 9
13036 14 1
610159 26 14
16861 10 4
29905 5 4
40853 3 9
18797 16 1
218042 13 16
23922 20 3
291776 22 14
11897 1 8
897915 30 22
2265 1 12
35052 13 6
7330 6 1
69351 4 10
53426 7 4
32829 6 4
5749 3 1
540362 20 22
2872 1 2
214844 53 23
17648 1 17
31719 3 6
1712455 55 22
36594 4 6
3791 6 6
7303 7 1
24458 4 3
5589 2 2
26768 2 12
15646 2 6
696 1 1
57932 3 12
24710 7 18
2407 3 4
79101 38 1
6789 2 3
30424 18 3
37677 12 3
8421 5 1
64178 11 27
356196 27 8
34895 46 2
8342 12 1
15441 4 2
101566 25 17
202855 20 9
10691 1 8
2863 2 1
1750 6 1
67595 5 10
27723 4 6
17951 4 6
674049 34 10
359881 40 6
13814 1 8
44371 26 8
41124 18 3
616970 34 17
4592 1 3
6104 3 1
58022 11 13
274344 7 19
227729 6 20
3154 1 2
5699 1 3
6860 2 2
108891 24 7
9917 1 6
713594 21 19
18619 1 18
20364 2 7
1594111 28 29
1082989 46 14
81520 6 8
1879 1 1
34240 10 3
160595 6 14
20491 10 1
8831 4 5
211139 6 17
3118 4 1
6497 3 2
29631 5 9
271638 37 4
7184 5 2
1078 5 2
2499 1 2
56917 2 16
4961 5 6
27902 7 2
19777 1 17
95630 25 3
3354 8 3
85745 14 5
13983 1 12
15589 1 11
101722 4 23
945990 52 10
10698 1 8
89670 8 22
99377 2 25
59730 1 30
52746 18 7
5653 5 4
41141 2 11
838 1 1
272222 47 9
52540 2 17
37440 5 33
684 4 1
8740 3 2
10463 3 2
166881 4 23
44282 3 8
14378 1 7
30845 1 23
35917 12 2
243579 17 10
172351 10 9
20303 15 1
69040 6 7
878381 45 18
193432 5 24
221652 11 25
4545 2 16
12011 6 11
319799 20 18
19126 10 13
317193 33 6
767249 34 19
3357 1 5
9522 9 1
2235 2 1
111816 40 6
7324 11 5
258505 14 15
79546 12 4
328057 10 16
13477 24 1
126279 14 5
118624 22 4
16571 1 8
13250 5 2
481390 30 8
12923 2 5
3964 2 1
40132 1 26
257110 21 10
18461 19 3
24431 16 2
67374 6 25
49926 39 5
13420 6 4
14723 2 4
17967 8 3
509 1 2
86772 51 3
19520 4 10
234359 5 28
887 3 2
12932 7 7
55577 4 12
12081 10 3
24523 8 15
10145 5 1
13191 1 17
79666 17 3
6252 5 1
85554 21 3
3296 8 1
9600 1 5
169287 10 13
22138 20 7
139432 8 11
8315 6 5
4493 10 1
13759 10 1
1400412 42 16
9725 1 5
7666 4 1
190211 18 8
77990 48 1
131019 16 5
114096 10 20
248693 23 10
197754 15 7
1096 1 1
89045 5 13
1845 2 1
3511 2 2
97695 12 13
46165 26 1
175348 8 13
36824 7 3
224415 24 8
82895 11 12
63293 10 5
10621 2 5
26216 3 6
25909 4 5
833063 68 9
5491 5 1
2696 2 2
814844 50 12
713367 22 31
1792 1 1
13371 3 4
7190 3 3
11827 8 12
283165 7 22
13137 1 9
89499 13 5
220230 23 26
57719 36 1
97994 22 7
60253 2 18
67239 9 7
20342 7 4
30999 21 1
2242 5 2
67286 2 18
14742 13 1
22037 7 2
47233 10 27
801464 27 16
223875 32 4
45450 5 7
79876 20 2
19876 2 13
5449 3 1
47536 5 5
31157 13 2
409170 18 15
11666 5 2
25382 39 1
1060 8 1
62049 14 3
27336 1 20
192158 19 5
4862 7 1
64039 3 16
7086 1 6
14350 2 5
4703 2 5
1321 5 1
298330 22 10
151446 40 21
273504 8 23
28629 1 21
98323 10 18
234121 15 8
187512 10 16
837530 30 16
190729 18 19
20495 5 3
92704 4 13
36421 32 1
339703 21 9
168588 44 3
455451 62 7
148126 9 15
44274 25 1
90560 26 2
146978 15 6
5433 5 2
38426 6 7
220706 44 4
4510 11 3
12124 10 1
8170 1 9
15559 4 3
166893 9 16
37716 7 7
112175 11 8
226535 20 9
58975 5 11
641908 22 24
11719 2 5
10349 5 1
135733 8 12
4343 3 3
647646 24 15
9169 1 6
23358 15 1
44181 9 24
33748 5 5
3187 3 9
56461 2 18
157669 32 3
7319 2 6
8367 1 13
10541 1 7
35130 30 1
72626 9 25
2653 1 2
141417 32 6
3290 1 2
13455 1 11
6108 1 14
171056 16 7
193191 6 16
56836 80 1
164464 7 20
25523 1 18
302986 7 21
33560 1 29
27438 3 16
462 4 1
67194 6 6
94560 13 10
2825 2 2
115169 25 7
60146 2 19
60839 9 17
16847 6 4
231408 20 11
88776 25 2
32339 1 19
18844 13 1
78933 5 11
6015 1 8
840 1 1
6616 5 4
217945 7 16
25294 6 6
8613 18 3
5937 1 22
97332 3 19
6895 3 12
309812 22 14
61175 2 18
1862 2 8
97773 15 6
7423 2 2
78064 12 4
216004 22 7
12776 1 16
46480 6 7
5197 3 1
1193 1 1
11552 1 8
109205 16 11
115802 23 4
96777 26 17
367558 11 20
31121 7 3
76518 15 4
50784 3 12
69130 43 3
129073 10 7
13776 4 2
69270 10 5
2064 7 1
5008 4 1
1246 1 11
6169 1 4
114203 5 13
121491 70 3
102063 7 12
26370 4 4
385189 12 18
1486 1 1
21053 8 2
23655 5 12
15852 4 10
36432 4 5
988753 22 24
16006 1 18
7113 15 3
83722 2 24
2901 1 12
5093 2 2
3823 2 1
20580 2 15
14531 8 1
490932 11 27
8780 1 7
384368 21 9
21706 1 14
73000 37 5
64558 3 22
208385 9 21
3777 1 3
17047 1 9
43749 15 6
635454 37 14
62496 3 10
37148 21 1
73567 11 10
7110 7 7
6702 3 3
6391 1 4
174800 11 12
85515 3 16
55877 8 7
61946 3 12
39038 7 5
39166 19 9
138989 15 5
29281 3 5
4886 3 1
216140 57 8
3427 2 4
1692 3 3
31775 5 5
2346 1 2
13749 10 7
2056715 59 23
217034 11 15
159743 25 4
12461 1 7
29583 14 2
475048 40 17
89652 3 26
131076 42 7
127090 8 8
4695 29 1
182853 5 29
1098 1 1
44767 2 11
