41 6420 2466
59 27 59 46 72 65 44 29 94 40 9 27 89 68 56 92 17 86 83 14 11 65 6 37 93 36 58 79 6 13 12 54 63 58 44 25 83 74 38 18 41
83339 1 85
36883 3 31
162666 2 57
34382 6 5
303388 17 23
4074 2 1
508895 4 67
14436 2 58
7798 3 3
25055 1 15
27194 3 5
366 1 1
4453 2 3
77937 1 56
1285 1 1
116054 2 37
202817 5 19
555397 22 21
85688 6 40
58465 1 24
48241 17 20
20962 13 1
15605 1 10
21314 1 11
7247 3 1
1677886 20 56
103798 3 57
166235 7 12
113245 12 6
285796 3 68
18868 1 14
8683 1 44
280828 4 34
45423 1 23
157612 4 72
25888 10 15
28880 13 1
65676 2 25
84903 5 9
67415 18 2
5910 2 9
205600 18 8
11806 1 10
161314 10 20
75091 6 10
8336 16 2
4366 1 2
477622 15 33
605516 10 27
34099 4 30
5421 2 2
42939 3 7
58828 1 26
54454 7 19
305760 25 9
81008 2 23
1657 2 1
67139 1 63
93497 7 6
10757 5 2
46065 2 19
62882 9 15
643088 11 59
43341 1 25
28584 2 6
167409 18 7
114497 7 25
23397 1 10
1352648 24 43
125781 3 29
55619 2 52
160693 18 4
8062 2 6
460298 4 90
580815 13 26
223580 2 61
6996 3 1
487969 6 37
128688 2 91
308450 9 16
9411 4 1
87722 10 29
10810 4 2
362739 11 36
105738 6 12
48763 3 13
21810 2 5
280104 5 35
34753 1 35
53623 1 42
5637 1 4
57506 2 22
1667586 9 84
228251 6 24
4699 2 1
5532 2 4
297356 8 26
10382 4 2
255938 7 27
217686 3 51
2680860 17 68
1341875 24 29
5704 2 2
1553997 13 54
457334 6 47
38385 2 10
376076 4 46
32990 1 17
86170 1 42
33090 5 4
11104 4 2
63016 2 16
2035081 18 78
35136 1 23
194263 3 27
29076 4 5
85009 1 37
38842 1 26
195536 3 33
87884 8 7
3771 2 1
67612 2 20
3081194 25 79
20495 1 19
95900 2 27
61563 2 19
37809 1 30
26509 10 2
74578 15 9
30288 3 22
4861 1 2
107247 3 34
586346 7 34
31476 2 8
356051 19 10
754716 12 40
297387 8 23
7003 1 20
226317 14 8
3878 2 15
7107 5 9
159639 3 23
33637 4 5
100634 7 11
48380 2 11
626393 8 41
58114 20 7
254468 3 36
1833789 15 52
38397 10 2
5507 5 1
115174 5 13
142637 4 20
677141 10 44
68132 16 15
5492 1 27
31145 6 4
57018 7 8
42610 1 32
2490 3 1
61061 7 18
392518 4 48
64328 1 30
1393600 14 43
14730 1 22
33561 10 2
60036 14 24
480603 7 31
264402 8 30
7423 12 4
5809 1 38
2819 2 2
82494 6 15
38266 9 3
165074 4 17
30296 2 8
70914 1 38
98951 3 21
1935022 14 63
85428 3 36
86724 2 19
28855 5 3
10431 7 10
70437 14 7
37244 1 36
39805 1 29
348578 9 16
59876 3 11
353145 3 64
8896 3 4
263455 4 31
7052 1 3
3293 1 2
170874 2 51
1140 1 1
4652 2 16
175487 5 48
57651 1 24
4430 1 11
1249345 14 69
1940 1 1
36318 5 4
15892 1 10
38005 5 4
519891 5 47
116187 7 11
61547 11 7
339487 4 42
31485 6 17
18878 14 7
191882 11 9
188843 12 12
410394 21 14
36628 4 7
14900 5 5
291390 5 36
140503 8 9
320050 11 22
79931 11 3
24700 8 6
26724 10 2
9582 2 3
203716 3 29
378501 4 39
9092 3 11
2444 2 2
71371 3 18
209824 13 16
59241 2 21
145439 13 5
17057 1 35
10345 9 2
77716 3 14
11826 9 1
64774 2 25
218329 7 18
640849 7 56
174458 8 15
2618 2 7
16200 3 4
619556 17 46
192227 4 20
33269 2 11
213877 3 29
11005 8 1
74509 1 50
793845 21 17
196351 4 21
5082 1 6
82770 4 15
940681 6 71
924039 11 43
17151 4 19
1809 1 6
25020 3 14
156624 1 69
645720 8 66
51014 6 17
232309 4 66
252961 5 41
120359 1 85
27241 1 48
38397 4 5
726776 8 56
63409 2 82
168998 2 45
298548 4 37
188434 2 43
38201 1 30
154999 2 37
1379 2 4
157312 5 17
111451 18 13
90514 4 24
22844 3 5
154335 3 30
29203 3 5
22668 1 11
8157 1 6
23000 2 36
220504 6 26
9177 1 21
786216 13 29
289323 5 37
499283 4 79
109542 4 12
42758 1 50
25564 1 12
300 1 1
3807 3 1
590754 15 75
123320 34 5
6972 1 5
466646 8 28
167235 5 41
387500 12 21
15941 2 5
702148 16 22
236728 6 51
1252881 9 66
699138 8 42
131891 8 14
603231 14 23
733930 9 42
196554 14 20
5644 1 28
9180 1 22
26624 15 1
58165 8 5
91696 3 23
32085 1 17
95559 1 61
932419 17 34
59311 5 23
17114 2 50
56533 1 32
4273 1 4
1066480 19 29
41849 7 5
154396 14 57
33133 7 12
164403 1 73
920664 10 49
913537 18 40
60657 2 13
4197 5 2
5232 1 4
990 4 1
54355 3 27
105865 11 6
57900 4 6
35190 1 30
81911 5 45
22188 1 49
562120 15 19
198136 5 20
80408 7 9
12257 2 14
62373 3 15
80706 4 36
374702 10 25
9486 1 13
935206 9 53
147098 10 8
255872 11 37
116199 5 16
339529 8 19
196111 1 82
126566 18 3
421259 3 68
81078 3 81
99683 7 40
17542 2 32
1784 1 1
119142 3 47
538234 13 28
120274 5 23
9128 3 2
875413 14 29
24380 1 15
18434 1 58
19388 23 4
90827 4 22
203798 4 43
171569 3 24
16646 2 11
32801 2 13
95971 6 8
285087 11 17
49931 3 8
41904 1 35
9985 5 12
106717 6 11
759233 14 42
154968 8 11
807400 12 30
103501 17 4
9833 2 6
2035 11 1
11697 2 3
17530 1 9
1168575 14 54
103006 2 24
82759 1 51
55086 1 64
31497 1 54
173274 8 16
54992 2 20
133054 3 20
30078 2 15
54848 1 35
1887 4 3
120392 9 10
6350 1 5
163096 13 20
119609 1 76
137563 2 70
13174 2 8
37770 3 14
7636 1 4
3078 2 1
20446 1 16
68002 2 14
89198 1 66
46192 1 22
27503 2 13
292302 13 10
74961 9 19
165903 5 15
273311 7 27
1750516 24 61
152912 8 9
266287 2 63
3465 1 10
5060 1 17
313131 5 49
158720 2 39
8234 2 2
148948 2 51
110288 5 10
76398 4 46
10952 1 7
182800 12 7
422157 21 58
60857 7 15
737734 20 15
222793 5 25
535343 20 13
45094 2 29
140804 25 8
30412 3 16
29626 2 9
84367 1 51
846659 15 42
461231 4 73
400127 5 33
4587 1 9
1200166 21 46
1125331 10 53
200762 2 49
201506 2 46
557546 5 73
116305 14 9
177687 5 37
36786 1 65
15895 2 6
34899 2 26
62076 2 21
18030 3 4
104709 2 23
230146 2 58
26422 21 2
68414 1 32
289800 4 55
28426 7 17
525558 9 28
54716 2 21
9682 6 1
2521 1 4
108325 4 18
10959 1 36
110533 4 20
28815 9 6
192125 8 27
270638 9 22
24040 8 2
18003 2 5
2105211 19 51
295162 11 18
273325 2 85
53949 1 25
236677 10 12
69103 10 23
621709 7 45
49319 1 25
22963 7 2
37528 3 28
4742 1 6
2256671 29 50
1361 1 8
66192 9 13
227396 4 34
25188 1 16
167896 3 75
13581 6 1
36325 1 18
2678 2 2
128823 2 62
24197 12 1
99886 13 6
5152 1 4
32363 2 11
110803 5 14
41078 2 13
273864 7 83
508417 16 19
187806 3 27
1156698 14 44
3912 1 9
6105 1 4
71536 4 16
403839 5 46
23543 7 8
5542 1 15
40988 1 48
46588 2 42
259504 10 19
1912 1 3
238628 13 9
331888 9 23
39389 3 6
1188320 24 30
14469 2 4
3130 5 4
85385 6 62
183796 11 14
211621 8 16
612277 11 30
226345 3 50
8853 1 11
79939 10 41
29729 15 1
28430 1 12
52044 6 22
257419 9 17
97322 4 14
66346 4 10
200120 18 6
276884 7 24
2260 1 3
128990 3 59
71724 5 6
31549 11 12
32953 5 5
285428 8 44
33873 7 3
1985 5 1
21484 1 76
5811 3 1
316054 18 10
927061 16 37
124021 3 65
26531 2 26
113563 11 48
43366 9 3
280948 6 24
16179 13 2
1700321 11 65
501021 10 36
59970 2 13
85397 5 8
7004 4 3
39758 3 10
109160 3 29
1641200 19 42
68726 5 36
42757 4 6
7469 1 25
3114 1 5
256592 11 18
32778 3 8
146320 2 41
777727 5 76
57470 2 15
99697 11 5
52007 3 11
115107 1 47
71302 2 19
30443 1 14
18500 1 8
331648 23 9
46952 5 17
13960 5 10
71143 3 21
11476 1 6
25845 1 15
5395 3 8
13821 14 6
2274 9 1
460901 5 79
303280 9 35
54324 20 13
197583 2 66
12665 1 26
139411 2 48
75562 1 50
5342 1 3
42258 1 35
697689 12 46
4785 1 3
55322 3 20
966452 10 67
61520 6 8
239644 13 13
32601 5 3
322929 6 39
111418 12 4
963447 21 37
138357 5 17
63364 3 28
457095 7 41
109515 1 73
2240 1 1
192477 5 31
80353 5 13
252382 16 7
15232 3 3
13023 1 8
66623 3 10
25563 1 14
291541 4 47
5048 1 26
1693337 15 62
115665 4 22
137042 7 35
11436 1 37
1537191 17 42
30873 6 20
209310 2 45
54570 15 22
707 4 1
9454 1 6
341834 6 55
643229 27 24
30974 3 8
245011 9 16
433689 5 42
209357 3 51
1658 1 7
4968 1 3
51179 5 46
25859 1 24
156314 5 18
212410 4 29
133543 4 17
9315 2 3
16369 5 3
167896 5 18
1187638 13 52
28202 2 10
68449 3 36
24690 9 12
106151 6 32
199575 5 36
89051 8 12
55401 1 32
5384 3 1
53856 8 10
8784 2 2
30883 10 3
1293013 8 89
13729 2 22
322285 29 7
80140 1 38
204213 11 21
102459 8 32
1669222 16 56
58255 3 38
18722 1 82
102183 1 48
72513 1 77
30960 8 2
28773 2 7
26289 4 6
11068 16 4
24857 2 6
64735 1 34
125303 2 45
7371 4 1
59596 2 21
2116 1 5
13928 1 10
40220 1 21
84837 23 20
861931 15 29
49935 9 3
138896 5 14
85739 1 36
2823 3 2
1067035 27 34
314294 5 40
140576 4 15
294338 9 22
962404 14 43
643669 9 54
367 1 2
315547 6 30
27045 3 13
894133 6 75
121715 2 45
19204 11 1
92737 1 44
78269 1 55
20741 3 15
561105 13 27
31423 1 22
30640 1 40
779639 10 60
46187 1 38
1309083 21 33
64024 9 7
40730 1 41
9138 1 6
12261 2 3
332060 12 35
16513 11 1
484377 12 59
110395 2 29
74067 8 4
2878 1 2
1135 2 1
126490 2 29
231364 11 9
9576 1 7
51600 2 14
253346 3 41
219769 9 13
6301 1 3
9816 2 14
1212339 6 88
752490 10 50
584630 7 36
3150 3 2
5796 1 4
71641 6 60
59266 20 16
11689 3 2
1976601 12 69
11764 5 1
30185 4 13
76110 5 16
268969 15 37
242960 9 26
6941 6 4
398226 10 29
9339 3 2
12847 4 16
168056 7 46
411625 16 16
347658 8 22
1737372 17 66
73683 5 9
350889 12 34
3018 4 1
71303 2 73
10877 3 2
1521325 27 23
19150 2 6
649380 3 89
170013 2 44
236488 10 20
505611 16 16
40922 1 17
29375 3 17
70551 1 51
12734 1 9
36613 1 17
28086 2 29
2124411 14 67
17311 2 6
72355 7 6
881998 22 30
17397 2 16
15570 2 18
160106 14 8
1134 1 3
416232 11 20
462982 10 19
74744 2 52
364 1 1
33588 7 32
35462 6 4
4285 2 10
7592 1 18
620789 8 41
8615 1 24
778235 6 56
96611 5 44
1164155 12 44
93110 2 28
13022 2 4
67579 5 19
1832048 32 25
5751 2 7
95950 9 8
36737 5 4
30216 1 15
83579 3 13
11304 2 8
472 1 2
35521 11 25
92612 28 7
23186 17 1
200254 3 42
38091 1 41
28955 8 20
135454 8 54
1205411 8 63
39984 5 7
88347 1 50
401985 6 59
206741 3 32
13248 1 29
3698 2 1
25404 2 30
83028 3 16
5301 1 22
180889 13 9
26922 1 55
173528 18 11
56086 14 4
76515 1 50
32154 1 20
18893 5 11
33918 1 33
12418 1 21
11097 10 2
259161 23 20
30930 7 3
225793 14 30
459771 4 50
5253 1 10
1052658 22 61
1387200 14 57
55167 3 32
51862 2 18
134058 5 12
45095 20 1
422035 14 56
22592 5 8
43583 1 23
120915 1 73
29098 6 2
851 2 2
365 2 1
16861 4 2
199235 12 46
478822 22 14
15853 1 11
19404 15 1
181650 6 15
3043 8 2
51645 10 22
8124 4 1
27898 9 21
13169 1 18
30757 1 19
75761 5 11
29772 1 34
383155 4 47
1370575 16 62
1673095 26 31
38717 1 32
24518 2 22
2073709 13 67
91416 17 4
587795 23 17
382655 5 49
96765 9 14
60855 14 28
102178 4 17
49861 4 7
8058 1 64
105149 4 23
3180 2 6
1698 2 3
51258 3 12
240502 5 26
3277 1 24
39901 2 14
71226 3 21
27004 3 16
226288 12 11
52641 5 13
8772 5 1
27184 1 16
36469 3 21
15818 4 5
1133 1 5
824667 11 67
888041 7 88
46399 1 29
2668374 22 50
96326 1 51
140585 3 27
14197 1 14
5696 4 3
10885 9 1
200474 6 17
185477 9 13
340534 5 35
188758 6 24
87098 1 47
28306 1 25
485623 7 29
1464 1 1
238153 7 17
541879 14 26
34574 2 33
281258 3 43
465394 15 50
539364 12 30
9088 7 1
175174 18 19
28941 3 6
187539 22 13
33514 4 6
34093 2 11
35921 3 8
3474 1 3
29371 2 9
123393 2 35
658362 9 55
133839 3 24
19524 1 12
54272 2 52
136397 3 24
469384 6 63
1439 2 1
415235 26 13
84796 1 38
559122 6 57
8335 6 3
652642 6 88
2176 1 1
44777 4 7
21244 2 7
121913 3 23
21215 1 13
3953 1 6
88320 6 34
381368 11 30
58203 5 8
222411 4 41
368023 6 28
140166 20 5
48823 5 4
42381 2 42
18796 4 3
59016 1 45
73658 16 6
16546 8 3
26300 18 1
39123 3 48
47043 4 9
60614 1 42
302645 7 35
72233 21 3
13624 9 1
58091 10 5
470385 12 24
17327 7 2
298051 7 28
27026 1 16
30431 2 10
1801 3 2
168090 3 32
183706 10 22
91665 2 24
1107738 19 32
233360 10 14
3341 1 3
41078 2 26
491266 25 15
125293 6 9
120335 11 54
170920 3 30
19211 1 11
329410 10 25
19529 4 12
21432 2 11
61340 5 26
6730 1 14
1235 1 1
64497 3 58
3348 6 2
630789 11 38
427174 9 26
10893 16 5
145333 2 37
17068 1 8
151600 13 9
748 1 1
218675 18 5
84312 2 59
15044 1 11
79042 7 9
24468 1 18
19293 1 15
18433 6 2
39312 1 24
191540 5 23
10201 1 5
167421 8 79
22097 3 18
93013 7 17
6457 1 25
7705 2 3
111794 1 60
27229 5 23
41032 3 19
542544 9 31
3634 1 2
222430 24 25
191401 8 20
23946 3 6
28584 1 33
41486 28 1
79865 3 15
68967 1 53
849299 15 29
186225 27 3
262815 7 52
32775 6 3
1209224 26 35
327151 8 19
223314 9 11
393961 17 34
48388 2 14
949933 6 68
98042 10 5
44737 2 18
308811 6 40
11710 10 5
19668 2 4
440071 18 23
50779 2 14
16664 2 4
63372 1 43
23003 11 2
27612 4 10
2253 1 10
150808 5 24
149627 15 5
310379 5 33
481273 8 44
39135 4 5
27519 1 12
46753 4 5
92851 1 46
472170 15 21
14593 1 19
12090 1 9
110294 6 9
7933 1 32
16135 1 9
3251 5 3
75550 1 37
162038 11 21
343278 11 47
32647 6 4
16773 15 5
422632 5 68
652547 6 55
120822 1 67
28394 2 7
1221591 15 46
452828 6 61
566144 32 25
898439 12 48
32454 1 28
150291 11 6
20438 9 2
723914 11 49
30539 4 4
84208 3 13
26142 10 2
119634 2 37
9081 7 1
879 1 1
54622 2 15
10641 10 6
10811 1 21
3398 23 1
32236 1 28
8392 3 13
101118 4 14
16991 7 4
137699 9 23
95612 11 7
996 1 1
31939 3 27
4509 3 1
102407 6 12
441119 5 41
98322 31 7
36639 1 28
4180 1 23
25436 6 17
31931 1 16
287807 6 23
295736 10 18
202888 2 46
63764 9 3
425323 20 48
160603 9 24
16969 1 12
7285 2 11
111764 2 32
12435 4 24
20957 3 4
5911 1 4
169290 17 66
111467 10 5
3614 1 13
238239 11 13
39420 5 5
15892 10 2
26147 1 47
29618 1 18
21149 6 16
628892 10 45
6905 1 18
127462 7 28
140782 1 67
28702 2 21
22993 4 14
323770 15 18
120805 3 35
43723 1 44
15189 3 3
39260 3 51
712183 13 59
3141 4 2
188927 4 30
34375 15 1
105205 2 35
513620 7 36
76363 1 46
559994 21 12
1674 1 1
136715 5 12
32142 14 1
582062 6 57
59203 7 5
46537 1 37
54460 3 8
241556 19 7
45854 2 11
405465 3 77
681695 30 15
148024 3 30
97655 7 14
3680 1 2
51667 1 33
167937 2 67
31783 1 22
10838 9 7
84121 2 19
124528 3 26
31905 2 25
33169 1 22
192800 3 27
32987 5 31
632572 5 78
22319 13 2
64383 5 45
31159 2 20
120657 7 16
123865 1 73
216835 2 59
18895 14 10
90365 2 36
5750 3 3
20117 4 10
74183 10 4
1424981 13 54
41895 1 32
11968 2 4
683876 13 32
21348 5 4
70552 3 12
63410 9 14
24820 2 53
16749 2 4
239813 6 17
185574 6 23
108471 1 58
385502 4 58
976122 17 24
142668 4 21
17039 1 87
4885 3 1
4968 2 12
106972 1 48
14492 2 22
25201 2 7
221340 7 69
80514 11 4
957 1 1
29618 2 24
112235 8 8
6020 1 6
17221 6 2
172407 21 16
872799 18 23
149691 10 10
35966 4 4
154250 7 9
19383 8 1
153410 8 11
27392 3 4
66788 3 15
8731 1 49
222594 10 33
275793 5 23
83455 1 44
264989 4 41
2498 2 6
641063 8 42
2389 2 4
28102 4 30
222480 2 58
390665 18 26
303619 8 16
8606 3 14
6194 1 18
12905 1 17
704765 26 21
1578 1 1
69332 4 64
108428 10 6
43851 3 76
174699 10 30
29381 1 17
42900 2 9
9864 5 1
626264 10 30
31992 13 9
10284 1 5
55803 12 2
8765 6 6
82022 9 5
57696 3 14
8154 5 13
12054 4 2
2735 2 1
9970 2 26
14137 4 4
476538 6 56
4615 1 15
44716 2 12
178504 2 40
273306 11 19
800894 7 61
84722 17 20
489747 8 36
9795 1 5
40758 3 44
31795 1 22
53339 1 28
363628 27 10
221441 3 47
65417 6 5
492528 8 38
465850 9 49
260554 3 46
41305 1 28
144449 1 75
42527 1 42
372181 7 26
15043 2 29
408892 6 55
60758 1 51
143190 15 6
341638 21 8
3480 2 1
3218 2 6
41218 3 6
13230 16 2
476419 17 24
473097 19 17
922297 29 15
361667 22 10
111116 16 8
11890 1 8
94165 5 13
42080 1 34
30990 2 13
109450 13 51
48921 4 8
196498 3 44
17247 5 6
181971 4 20
54530 3 14
143470 5 18
44580 16 16
145686 5 20
78853 1 46
209636 5 27
4474 2 1
4744 1 2
46879 2 16
233509 11 9
834427 7 53
152668 4 16
239238 13 46
51934 2 19
79775 10 10
203411 5 46
22615 1 34
123003 2 48
25835 1 66
55653 14 2
25527 4 3
17553 6 5
38936 22 3
1218203 20 45
774976 9 51
25358 1 13
405060 7 40
166397 5 24
10100 1 14
18984 2 8
3027 1 3
34250 2 11
620166 7 36
21489 2 31
540367 8 31
464959 18 15
70049 3 26
5073 1 5
16496 13 4
367408 6 32
44998 3 19
457837 9 59
145165 3 29
142306 3 36
78568 11 3
91119 4 18
18558 1 10
79141 6 9
306155 16 8
57619 1 35
132361 1 59
155558 4 48
345186 8 43
26845 10 3
118043 3 18
11880 5 2
9741 5 1
6976 1 3
29556 2 50
394634 11 23
31051 1 16
883984 13 55
55956 7 7
41394 3 8
95120 6 15
1383277 12 57
554318 12 35
12637 2 8
190859 28 4
713529 9 44
119769 28 3
1803566 17 70
7512 1 26
99954 2 49
38526 1 31
230201 9 18
1631718 17 43
81915 1 55
77733 2 27
916444 8 61
1382867 14 52
15700 4 11
72426 2 26
51224 11 4
56601 3 10
883260 5 73
239654 5 24
11902 7 6
110664 8 10
97146 2 34
112654 3 18
1013 2 2
41438 2 16
31165 12 10
16039 10 1
19334 2 29
243108 5 35
44473 2 11
13444 2 3
8354 1 9
128674 4 27
128546 7 11
25317 1 30
10110 1 14
2034915 17 81
37372 3 6
70938 1 30
210722 5 39
47914 1 20
489213 17 13
59519 1 35
925364 10 67
72818 5 25
19704 2 8
24205 2 33
49437 4 7
86810 2 32
47164 6 6
411406 6 44
53722 5 8
7719 1 6
11877 1 5
9710 1 31
480789 16 43
123710 5 31
216770 9 29
779382 12 29
24546 1 15
5088 12 1
257252 5 41
112191 13 5
53151 2 18
62396 2 16
470 3 1
90702 2 24
44578 1 30
3534 1 9
17931 2 7
20913 1 9
3735 1 5
91552 1 56
35498 2 20
184886 18 5
325315 6 41
805470 14 47
5266 1 23
143005 3 22
15237 5 2
9026 5 5
2347306 30 44
108420 5 13
326083 5 36
26602 3 19
1523 1 2
143579 1 60
13356 1 20
45877 1 34
114295 4 36
56889 10 17
780085 16 37
188080 4 31
525354 4 55
76682 3 16
11137 1 7
3809 1 2
77324 5 10
840806 11 36
6172 5 9
152485 4 17
44287 3 21
9317 2 3
8498 1 5
276788 6 51
1167408 20 43
204651 3 38
4652 1 5
53952 3 27
6034 2 2
67530 2 32
5259 1 3
29029 2 7
26493 2 16
1193 2 2
204180 9 13
972124 14 50
1080894 14 45
322238 4 51
31715 1 18
681091 6 56
22890 2 5
5126 5 4
14730 3 9
7046 1 5
4959 3 8
29036 7 3
33470 13 8
303752 4 34
49561 14 2
670650 24 14
27846 8 5
508311 26 31
150834 7 10
426045 4 58
41276 5 5
112002 1 81
14451 1 13
324172 20 12
52096 2 19
375991 18 46
176455 2 43
40609 5 26
71398 2 29
20575 1 13
3318538 20 89
37595 4 7
224688 2 49
162025 16 6
341031 9 56
50327 1 32
261957 8 29
168539 8 19
10126 3 11
14667 1 14
85558 5 11
73858 3 14
23841 1 17
48684 22 1
614396 12 31
40694 13 3
52269 3 8
80021 2 23
362384 18 54
687104 7 79
57805 1 29
4387 1 15
43238 21 1
224909 8 40
96158 2 27
162248 8 28
4532 2 14
1275 1 2
42272 1 35
268402 9 17
49894 1 48
1251397 17 42
109800 10 7
224464 4 39
31835 1 27
249182 14 10
534126 6 60
17539 3 5
3154 1 17
3104 1 2
71956 2 64
2893 2 1
10400 1 9
74246 1 38
458450 7 47
197178 2 46
26823 1 16
17842 21 1
10957 2 4
26314 1 12
2132 1 8
82093 3 21
115294 1 53
45776 11 3
97849 2 57
33078 2 10
91324 4 17
173773 2 38
27209 2 10
34388 2 56
14471 3 3
414511 4 62
420706 15 14
2589 1 2
27807 1 33
42598 1 35
185848 7 12
151119 7 35
8197 1 20
286836 2 77
338093 5 31
178780 9 66
8274 2 2
24630 8 7
274213 4 28
12195 1 5
10409 6 2
5689 3 5
50185 12 21
86991 8 35
16995 1 11
141916 6 17
17370 1 29
79913 1 83
93116 9 18
30912 2 58
30529 3 57
13935 3 20
718806 7 43
77108 7 33
52861 1 30
230511 19 31
324 1 2
81664 1 59
14724 2 25
1515 1 1
363247 9 83
76485 20 12
6233 2 13
174317 1 71
119870 6 11
493751 11 35
13338 5 4
2573 2 1
946579 11 42
70797 9 4
205895 3 33
12368 1 35
51457 2 17
99468 5 14
147639 9 10
11854 1 8
5429 4 1
16427 2 4
387380 6 36
18811 9 1
6224 1 20
8920 14 1
73776 13 31
17456 2 5
9247 1 5
9445 6 6
62151 2 40
12663 2 3
2676 7 3
243012 4 55
328328 8 28
29966 2 29
44538 2 28
3863 1 2
571669 8 32
79956 12 4
826 3 1
247901 2 80
930 1 6
1007103 11 39
38166 1 61
16505 1 12
28501 1 27
146155 2 46
1097182 14 80
304572 4 49
66007 5 26
20955 1 40
55169 3 14
311596 36 5
18262 5 2
42580 1 45
1376812 14 41
32149 1 15
75775 5 10
131822 10 10
2071 1 1
99854 4 29
82062 4 29
279931 9 23
94303 8 17
253339 2 56
69325 4 26
150345 4 21
950872 9 64
142976 2 50
56676 4 11
22494 8 4
9084 1 16
12501 1 7
20370 2 6
123224 6 29
664243 9 44
91989 1 60
1645 5 2
1788 1 2
195880 5 18
46896 12 21
207239 34 3
61953 2 19
204247 5 37
119373 2 40
14150 2 13
90293 1 65
227812 2 54
28847 11 2
1772 1 7
4022 4 1
1971 1 2
53558 2 28
7282 2 2
329475 7 51
30517 2 7
50657 9 3
83568 3 35
188733 21 6
139002 3 55
70534 1 72
156425 4 19
75745 1 36
318614 24 8
34601 2 13
1717 1 2
642447 9 67
116793 10 72
12342 1 21
20555 3 29
35179 4 5
182164 3 29
208489 15 11
97286 9 29
2551 1 19
640804 11 49
3901 1 2
24814 29 2
12468 4 7
20247 1 13
7198 4 14
27604 2 71
44556 1 20
95743 3 18
12298 1 13
6944 7 2
152411 4 35
33871 5 4
35792 1 16
271804 12 10
30901 2 11
1031361 12 58
25115 4 5
54228 1 40
364772 3 65
49433 1 32
142314 8 9
108260 7 17
73768 3 18
686747 18 25
32498 2 8
133089 6 51
66242 1 29
2577 1 2
4092 1 12
197537 2 44
24438 5 2
2219 1 13
6072 1 4
13654 1 9
308531 8 19
259482 3 58
155149 4 21
40535 3 14
87435 9 10
623474 22 13
3639 1 17
542750 18 30
22116 4 4
466239 15 18
157327 9 53
116474 2 71
198740 2 47
258654 12 13
353034 12 14
48507 10 2
66131 4 14
3652 2 1
61095 1 30
824020 14 37
163890 5 22
241992 7 68
202571 14 11
110231 2 32
661360 11 40
23722 1 14
148898 1 79
131388 2 49
79422 2 49
178969 5 26
18881 3 8
139483 2 36
49167 3 24
29066 6 19
40547 8 4
13349 2 42
101810 16 3
18064 9 9
4285 4 1
17942 8 15
29575 5 23
173385 2 70
53227 4 38
2610 2 6
75432 7 7
85626 3 23
122319 5 14
148011 1 73
305161 4 38
2691 2 1
1812763 21 38
15544 4 11
47816 2 31
28382 7 2
3599 1 4
30760 2 28
128653 10 65
52038 2 18
138266 8 37
187614 6 34
28134 8 20
612531 9 36
41606 3 8
4932 3 8
26102 5 13
4391 1 4
645415 22 12
15285 9 1
38812 3 12
352308 5 33
76905 2 23
138449 6 64
17745 1 9
2212324 21 67
1680 2 5
541366 6 56
20031 14 1
18839 3 15
22163 3 5
53040 4 29
165635 10 11
84773 2 39
9573 1 14
352834 8 21
1719 6 2
18909 3 19
90871 1 48
110416 1 69
203444 11 24
26248 3 23
12121 4 17
56914 8 4
64410 1 39
22560 1 11
221422 8 22
66936 2 23
4410 8 1
90589 5 42
9070 4 1
26284 1 13
42927 2 27
101235 3 26
72849 2 19
27478 5 5
70098 1 30
25047 1 54
566914 9 39
53235 6 11
30254 4 6
17795 7 3
112939 3 20
701909 15 36
45619 6 19
559903 4 79
46182 3 21
270859 5 22
34996 3 23
705266 17 18
6446 1 11
45897 9 8
217008 12 8
455094 5 41
806966 13 39
97777 1 54
18930 6 16
480851 9 22
5029 1 9
20895 1 12
120709 1 49
75401 2 38
1315 1 1
32297 7 13
101856 1 50
95995 1 40
74845 11 12
948357 12 43
4106 1 2
188756 6 14
51039 3 12
24537 3 26
108007 8 7
60724 3 10
63326 15 2
29936 2 9
179477 6 20
410777 9 28
176822 10 10
4251090 33 74
152374 2 51
20140 3 14
402602 3 84
15748 4 2
2784 4 3
239132 2 51
49639 2 11
302400 8 29
77547 1 62
93370 10 26
417 2 1
232527 9 14
150270 8 33
23417 24 5
550163 13 72
29390 1 17
13174 1 10
53308 2 38
177674 11 8
169140 28 4
556049 11 34
80672 1 49
21843 14 1
23711 1 51
24731 30 1
45642 1 54
160118 2 52
210375 3 37
204563 3 53
24979 4 27
123052 15 5
155143 1 76
25335 9 2
77871 10 11
83176 4 66
455429 3 85
108141 8 20
196327 18 11
42182 1 30
594320 15 28
79966 7 78
80313 14 8
71662 2 25
8548 4 1
9800 14 1
1200699 16 33
2733 1 10
6959 2 2
501 1 2
23478 4 18
8683 2 2
62573 2 52
297695 8 25
88908 6 9
399858 15 12
49808 1 22
609210 5 55
5136 1 12
285114 6 25
154414 3 38
239840 7 15
26526 1 16
326487 2 69
51584 15 9
222083 13 12
355814 5 31
162783 9 13
279386 2 63
143125 9 50
1014391 16 31
1574 2 1
147898 2 44
102222 1 44
244492 7 28
10108 3 3
42890 1 20
249519 3 63
86300 4 13
2250775 19 66
661772 15 25
20464 5 14
1448 1 1
503767 29 23
176333 6 17
132532 5 19
141697 3 36
6937 3 10
15486 1 13
310921 9 40
8914 1 4
13005 2 13
109000 1 77
665923 6 54
1287085 18 34
607885 11 39
18744 1 8
47549 1 21
55434 2 18
37643 2 12
164100 3 28
4358 1 2
29483 1 18
262880 20 8
236529 7 14
542784 14 18
19316 4 2
49563 2 14
2023 1 1
17906 1 10
35728 2 42
1892261 24 40
2301 1 1
59091 5 37
79400 12 10
23265 9 5
5843 9 2
153262 3 22
25962 1 15
388041 5 62
133658 8 8
27300 1 15
24541 2 36
1470 1 1
13009 1 6
26491 1 37
37500 1 20
32872 1 21
1304092 15 44
21615 2 5
125590 2 44
345797 17 9
364586 3 64
59083 2 29
291109 5 42
137496 3 24
25997 8 2
638416 16 52
60496 4 7
95747 2 31
22261 1 23
86725 4 11
16055 1 12
56335 12 5
9838 1 26
115228 2 37
42554 3 10
482903 13 58
5776 4 4
309692 13 10
33804 6 13
34158 1 22
75022 9 5
137498 5 12
67578 2 27
56728 1 29
117365 9 18
2328951 19 55
17035 2 40
63456 1 41
149479 25 18
23994 18 3
41046 21 11
53791 1 49
94318 9 5
36761 1 77
17711 1 8
332772 2 69
24620 2 8
281839 14 16
34744 2 35
737703 10 35
37985 1 28
69918 18 2
2495 1 7
14908 1 8
78219 2 51
166580 17 11
135056 8 10
177757 9 15
99335 3 25
18219 1 20
14667 2 5
24477 15 1
60121 22 6
121680 4 49
36009 2 48
987864 12 44
130245 1 70
30330 1 14
11905 8 9
22950 1 18
8872 1 25
67960 5 6
4856 1 3
122586 15 7
74077 1 53
278491 6 23
9224 1 11
500321 3 68
156313 2 55
17608 6 5
130934 3 39
20224 2 30
14385 5 15
24927 4 6
4951 1 3
140776 2 44
6545 3 9
355013 7 24
33211 3 11
12307 2 11
246495 4 31
44624 3 16
1426504 23 59
428 2 1
15281 3 5
58750 11 5
189675 9 24
112946 9 8
24633 7 19
163401 16 29
54155 2 24
2770908 37 55
1391 1 1
222660 11 11
2170 4 2
9709 6 11
263887 4 42
10095 1 8
48534 1 26
60869 4 19
11228 1 27
28586 5 4
54356 1 25
739620 10 53
158254 1 73
397877 10 19
44843 6 4
67816 4 53
54569 4 7
50191 22 1
151273 18 55
2187 1 1
10512 7 5
34444 1 14
12828 5 3
11234 1 71
162393 1 85
13077 6 3
45859 6 27
228458 2 73
7384 8 1
5610 2 5
273556 23 17
38863 5 8
59911 11 8
19984 11 5
264554 7 27
6671 1 22
3103 2 1
16760 4 2
258383 2 66
61135 6 11
21708 2 6
21849 1 9
68092 6 10
511931 5 70
373020 9 43
6312 2 5
192309 5 27
35250 6 9
125701 8 11
61275 5 18
41965 4 5
185365 16 9
24096 1 15
102258 3 17
343563 4 36
79038 1 40
15897 2 5
6209 1 4
32565 3 7
53167 1 33
17105 1 7
95807 1 59
59315 1 45
55944 5 18
90173 3 23
759318 7 55
211541 11 16
23297 10 1
2832 1 2
33887 3 24
21311 4 5
126657 4 19
381208 10 20
106727 9 7
453468 15 18
3029 1 5
6576 1 4
135253 3 72
34424 5 7
38644 2 43
17396 3 4
351719 4 52
15815 1 10
376172 15 39
19285 3 5
10588 3 5
153583 1 75
293915 4 51
64209 14 2
66388 1 31
823079 11 44
61278 3 13
573505 12 22
535639 5 45
467421 16 46
490917 6 45
112178 4 12
321507 12 17
61887 2 17
9172 1 7
4524 1 2
5298 2 3
470465 8 48
31999 1 73
62086 1 48
1810 1 1
322911 4 67
255190 18 21
55467 14 13
586267 5 53
332085 2 68
237491 4 30
20613 4 25
358409 3 56
28792 3 14
655557 12 40
98016 3 25
12421 5 16
47623 1 56
770744 10 48
2771 2 1
109702 1 77
340440 4 35
119965 2 36
47838 5 10
589752 4 61
77899 2 29
16503 1 10
55925 10 40
18612 1 10
366395 16 13
2882 4 2
429969 6 63
33594 19 1
7460 2 11
38310 1 20
1490 3 3
444 1 1
29248 2 11
10573 1 53
115067 9 25
41876 1 24
128891 2 32
28586 1 18
12222 2 3
77916 2 28
26030 4 6
1571191 29 31
1005100 13 42
4904 1 6
459999 22 22
388639 9 57
5820 1 4
132968 4 20
436860 25 10
50008 3 9
10516 10 2
44008 1 30
3353 2 2
182780 2 39
27258 2 10
36442 1 29
229138 5 35
31006 1 16
10776 3 16
217075 7 20
19883 2 10
34303 1 19
58087 1 39
140940 2 46
469710 11 34
719377 11 43
13260 1 8
173711 5 66
22984 5 4
86489 9 6
136626 1 59
436178 5 62
62687 4 27
24293 6 12
69541 3 76
175254 3 46
15732 3 8
115404 2 30
308565 29 5
202838 12 37
157380 7 22
253584 4 40
96616 8 9
41704 6 20
17161 1 9
10595 2 3
6007 1 7
70035 1 53
156757 6 52
3872 5 1
9003 1 14
2617 1 15
5834 1 4
303118 9 17
2146 1 1
4145 2 1
699421 13 26
86694 1 41
5549 4 4
32833 1 49
40361 1 53
18613 5 2
5947 3 5
76378 1 39
21978 1 22
19485 1 11
9326 1 5
48307 23 1
7233 2 2
193908 5 23
485146 7 34
1993 1 4
138045 3 33
29175 4 41
69218 2 22
396837 15 12
2283 1 8
436050 12 35
193567 23 4
292447 6 57
325961 17 25
3338 1 20
111591 6 9
84689 1 49
58953 3 17
360576 8 27
1444715 13 52
360492 22 7
6041 3 1
3784 10 3
215348 6 16
361316 11 15
1275246 14 56
39827 17 1
93767 13 8
11195 1 15
95568 1 73
436421 10 28
13122 2 4
6359 1 4
246689 6 23
304750 13 10
108283 3 27
54743 9 25
363401 7 41
163736 2 49
1685267 15 76
98095 1 72
50868 4 6
851632 12 37
12301 3 15
34639 1 28
53890 2 51
9346 1 8
28822 2 6
34295 2 11
18452 2 48
30921 8 17
115596 1 63
91667 21 7
3093154 29 69
26699 4 5
949143 17 67
73395 4 8
24955 1 17
354862 11 20
69081 2 21
19061 10 1
4897 1 3
5195 1 5
9614 5 9
46112 1 22
62050 12 20
4233 2 1
34255 3 8
17446 2 5
3300 1 23
397740 9 69
502250 5 64
1354581 13 81
27320 1 12
226793 4 54
102615 15 5
8801 1 7
35666 1 35
11893 1 6
113812 14 11
15317 3 3
166820 20 33
326332 5 46
573817 11 22
783849 12 46
613921 12 27
4554 1 4
42541 1 64
316110 2 86
13810 1 20
41664 1 29
286882 8 60
3817 2 5
151934 9 11
60331 1 57
272357 4 44
11904 4 4
16294 1 12
79671 14 34
20699 3 4
48429 2 15
153770 2 46
334054 8 34
110246 2 33
320903 10 22
727913 8 39
1063769 15 70
136900 13 15
12729 6 16
22914 1 15
287636 10 14
83692 2 40
312089 19 7
76360 2 20
215135 6 39
38251 2 43
20535 13 5
14353 1 76
6674 9 4
5240 1 39
12884 2 4
669502 11 32
90595 4 13
51770 35 9
655845 15 21
640653 9 72
53588 17 9
88108 2 32
1384557 11 65
268178 5 39
72780 7 25
255206 5 29
283588 6 37
13300 2 8
86431 2 54
49728 4 29
2767 2 5
23933 2 8
13184 1 18
47667 7 9
3777 1 10
1272 3 3
161064 3 34
85894 1 43
1212272 15 49
86760 9 19
8560 1 10
311299 6 73
326620 14 23
34219 5 5
1553245 22 48
96884 9 5
332478 4 45
562233 8 44
32027 1 18
1463148 28 41
203190 12 10
10105 5 2
79866 9 6
35607 3 9
1743 1 1
207791 15 61
345523 5 39
8413 1 44
2430 1 5
35945 5 3
25606 1 35
298177 5 43
40216 6 4
61289 3 13
65345 2 21
77024 5 12
158858 1 66
270856 3 70
5756 1 3
18151 11 2
24760 2 9
61956 7 4
5616 1 4
8798 1 15
1189279 11 65
40038 1 21
473372 6 52
62584 1 30
6620 1 3
90107 3 22
42920 1 47
10672 1 48
632527 11 28
22123 1 64
272210 6 21
504216 14 16
115694 3 16
28276 2 9
308295 6 32
10726 1 8
79552 6 14
22590 3 29
14781 3 33
43903 1 24
9129 1 5
46717 2 17
388586 7 44
72086 4 14
19351 4 26
152660 8 8
166198 4 40
6736 1 3
47530 3 15
860185 15 37
59311 1 25
2799 1 2
34693 2 79
3563 1 22
16312 9 10
30691 1 14
15041 1 30
444232 7 78
46144 2 32
12456 3 4
597151 10 41
125945 6 12
49741 2 16
4558 2 1
43543 2 33
26095 1 11
1698315 14 58
72762 1 34
66663 6 5
148104 2 39
87075 16 20
95815 12 31
40807 1 24
52843 1 24
10365 6 8
516417 19 67
258675 21 28
706665 19 29
17096 1 45
6336 12 2
4691 3 1
543404 3 84
30692 2 12
566208 5 88
146195 8 75
12840 16 3
82999 13 15
6007 1 40
99388 14 6
21596 2 15
35208 2 18
762547 5 67
3042 7 2
17451 4 2
2970 1 12
2417 1 3
1969842 11 90
11683 2 10
393297 25 50
180949 5 24
47026 4 5
111577 3 29
242780 9 11
59946 6 20
322945 7 34
30584 5 13
56188 20 2
16131 1 12
14835 1 26
15918 5 22
126391 1 63
2319 1 7
520681 9 27
17495 20 6
347250 18 12
4316 7 1
9442 1 4
38537 2 10
11689 4 19
971664 14 49
107112 7 16
39019 1 18
2041647 20 48
27386 1 76
846157 8 43
25180 2 58
23245 13 1
149303 13 14
18031 1 43
147277 1 64
78849 13 24
274582 14 29
998755 11 53
64961 3 33
92007 2 56
119948 2 42
39159 1 51
10506 2 18
995265 12 50
120934 1 58
14526 13 3
43764 3 26
9343 10 4
276782 5 31
2667666 19 62
286 1 1
351459 4 43
4413 1 13
90487 1 48
33973 5 13
7561 2 14
1284485 24 41
19878 3 16
1795 1 1
316464 4 41
75861 4 10
3531 7 1
41327 2 22
38146 6 5
85732 3 18
69988 1 35
1972 1 14
60460 1 28
222549 20 33
29166 3 13
2693770 30 63
51790 3 25
57100 1 35
132150 4 19
95429 2 32
160984 2 43
31730 3 77
29267 1 19
215293 5 22
1651 1 1
56990 4 45
33823 4 30
52409 3 11
20226 4 3
45035 8 15
2626 18 1
7394 1 28
99730 21 23
57861 1 26
201495 8 34
7415 1 59
371819 12 14
70728 1 36
142638 4 15
69525 6 39
15706 1 78
674221 10 84
117426 5 13
10189 1 7
2482 1 2
1150857 16 45
925 6 1
275311 5 27
222612 10 34
36398 1 19
31499 1 15
82621 2 18
48323 1 66
15344 1 12
201416 2 72
53949 7 25
69760 7 6
7709 4 6
323464 4 37
185722 8 12
83470 1 59
83853 2 31
136116 20 3
14583 1 36
6096 1 3
985488 7 64
408452 13 16
316111 14 13
222919 7 24
1986 1 5
26969 1 30
1189 1 1
8923 1 5
15105 1 9
43254 5 8
142502 1 58
65632 3 25
9995 2 3
52644 1 39
31837 7 9
114835 11 5
70748 1 36
65035 2 15
151029 5 24
48175 4 5
3807 6 2
19755 1 14
12411 3 3
2611 8 1
39373 3 16
8777 1 5
28925 2 39
15894 3 4
60151 1 38
1680916 24 56
331128 15 16
12137 1 9
98713 8 9
384239 3 55
171472 4 28
39655 3 28
11724 1 7
81035 1 63
49852 2 14
51106 2 14
82611 3 15
11899 2 7
1823153 21 41
24812 8 2
936272 13 34
1659266 14 68
11682 1 44
7925 4 1
342828 4 35
19011 8 13
4622 1 2
2996 2 8
55297 1 23
87899 3 53
12364 1 22
8024 1 15
4140 1 13
314416 13 34
31014 1 50
8099 4 1
15432 2 20
160878 6 21
816850 5 75
1040 2 3
25905 3 49
131709 3 32
3789 1 3
28568 1 14
27601 2 8
50809 3 16
1865 3 1
80118 3 14
75222 8 19
42956 3 33
109386 1 54
54095 7 5
73392 1 40
15748 1 9
94095 2 37
18652 2 14
6168 2 9
204537 11 14
81860 4 32
734457 5 64
148708 10 11
332401 4 47
169211 6 48
10678 1 8
162313 3 38
154171 6 15
61898 9 25
9279 1 70
1157 1 3
160711 23 3
40854 8 15
41141 4 6
21227 13 5
6424 4 8
55823 5 25
213827 8 35
37426 2 10
11795 2 28
49437 19 11
122819 4 28
49257 1 61
507467 16 23
2153 1 7
26652 3 5
896 1 1
30999 2 31
126440 3 37
8895 1 11
704 2 2
45956 1 43
34608 1 22
5782 4 2
12507 1 13
26356 3 22
21673 1 10
7822 3 5
46717 2 19
1509 1 12
135154 15 6
760117 17 29
5385 5 2
16552 2 8
1290 1 2
32920 4 35
23552 9 11
117135 3 16
113795 2 25
1909 1 5
8134 1 8
2227 1 1
54385 2 48
900 1 1
815664 11 43
741064 11 35
29603 3 13
152752 4 19
168593 1 72
144039 5 22
327764 16 52
34120 2 7
4807 1 3
3048 1 21
579305 5 63
52833 1 37
27769 4 13
20219 1 15
13038 8 2
123810 12 46
159933 7 53
113313 2 35
229633 2 48
27346 1 19
11183 7 1
63284 1 41
120004 2 48
27867 2 11
24194 7 2
6759 1 4
18893 8 2
322425 11 44
117095 2 26
333924 9 21
64534 2 25
86304 1 43
28251 2 6
404528 3 67
5110 1 24
1678 1 1
94858 1 47
72613 2 24
1165584 27 36
17801 4 14
202596 4 26
6564 1 32
1262667 20 28
113916 3 16
41333 2 36
92686 5 11
11454 13 1
14066 10 1
3331 1 8
833100 13 28
5907 4 2
24710 1 12
20283 1 16
167694 9 35
227256 9 35
68699 7 6
32767 1 25
22387 7 2
72284 3 16
57637 1 41
416495 5 59
370299 7 32
47848 1 41
68128 15 2
62289 5 8
350 2 1
438526 29 12
82966 1 38
63380 1 51
21515 1 18
175713 7 58
110888 8 9
321876 24 6
73574 1 40
673553 18 16
2368 5 1
35177 18 11
8592 2 4
33162 9 2
92480 1 38
28187 13 2
70647 15 13
60037 6 11
228146 7 43
52459 4 8
1580 1 4
51984 24 2
67482 10 3
433013 17 15
611 1 4
37852 4 15
37179 1 16
148939 2 33
11781 7 6
24714 12 1
52329 1 26
60220 2 31
68510 2 38
402373 9 22
5225 1 8
10146 2 3
69797 4 13
15757 4 2
60311 18 2
976 1 2
71653 6 8
147218 7 11
6102 3 1
2723 1 2
88682 2 20
765851 12 45
6016 1 20
764857 6 52
6663 3 1
36385 2 12
456662 5 56
28092 5 17
56498 1 26
4669 1 3
234337 6 19
122045 1 77
587029 8 38
842 1 6
1424904 12 64
193561 5 20
636660 7 43
66242 14 29
15587 1 9
120312 1 93
14460 15 1
7610 4 1
80130 1 40
22485 1 52
37696 4 32
3429 1 3
332577 7 48
537405 12 24
21590 1 26
512359 4 79
20910 1 11
11079 1 6
486702 4 56
78407 3 13
201938 4 42
7317 23 2
63331 5 61
25039 1 35
278997 17 19
24563 1 15
410541 14 25
448175 3 63
990100 9 53
356615 9 24
327696 4 40
11922 2 5
422123 5 36
4585 1 34
13226 1 7
24650 1 14
9277 1 4
49473 1 36
1132 3 1
6362 3 2
715468 9 46
113685 2 34
276612 16 35
103232 11 7
88574 2 18
58130 1 37
16227 1 7
11899 4 2
46850 1 38
1029281 5 90
604966 7 39
159894 2 53
5422 1 15
84501 12 5
86571 5 66
134415 3 36
141494 2 53
4367 3 1
42288 10 2
7202 1 57
27373 4 5
9346 3 2
33186 12 7
16622 1 8
128750 4 14
281219 6 36
231626 5 28
325733 10 14
7222 4 7
31708 1 62
75208 1 35
31080 3 25
57460 7 30
21796 12 1
30388 2 11
287807 24 7
464835 7 48
60397 3 53
165826 6 20
242939 3 47
245262 6 42
1044536 9 62
34914 1 24
57679 1 34
29767 2 58
6850 4 1
1170700 11 63
156370 9 12
12378 2 5
14313 9 3
7119 1 5
431215 8 26
40847 3 31
230090 3 65
223273 9 16
128039 5 16
17968 16 3
55228 6 7
202357 2 47
921712 7 81
74143 14 4
359019 6 25
286579 13 11
89936 5 9
45333 1 64
251789 5 31
4340 1 25
18622 1 9
9598 1 66
665884 8 80
4971 1 15
3771 1 6
35275 1 27
7471 2 20
15343 3 37
7743 1 23
78586 1 59
95641 1 44
125195 4 21
31018 2 19
2081 2 7
49561 4 14
20629 1 14
42654 1 31
998745 20 40
86344 1 43
4609 1 6
13053 5 2
626618 26 12
525521 7 37
2254 2 4
837 1 6
1434 2 3
82747 5 40
24776 10 5
210651 5 26
52606 2 23
40751 3 11
79849 8 7
41892 1 31
1070716 16 33
699952 11 30
74858 1 49
4234 1 2
687103 15 33
17834 3 3
11588 7 1
99394 3 28
23564 1 16
34885 5 13
485303 11 35
975065 8 58
112108 2 43
120653 3 23
134973 1 82
275 2 1
117679 4 16
36981 6 19
9689 1 4
26064 1 25
6479 19 2
121687 1 77
29964 9 5
115676 2 30
16431 4 3
408583 5 35
12728 1 61
197284 4 22
25648 14 3
10342 4 3
134973 31 4
60852 4 12
30926 8 2
553 2 1
14131 8 1
166933 4 49
213805 9 15
64805 2 16
175153 3 45
31838 4 5
63289 3 32
92735 2 20
316846 12 67
178045 4 52
36636 1 20
408820 3 74
25438 1 15
68161 5 24
88246 3 12
20850 1 16
45825 2 15
70784 2 15
3658 1 11
437341 5 59
310193 4 75
27990 9 10
32937 4 5
24031 1 61
129594 3 29
135920 3 36
46851 3 44
69207 17 2
359209 33 16
98052 4 29
144832 6 23
323291 20 13
268413 3 66
220121 6 48
158727 2 43
62953 9 8
177412 1 86
92441 2 27
84393 4 79
14975 1 8
601952 19 18
116257 8 29
37753 3 67
7243 1 5
91474 2 25
1117407 15 34
5844 2 2
95481 2 25
76534 4 11
42787 27 1
148233 2 36
45171 6 31
594130 14 59
512487 16 19
24721 1 78
933810 11 53
600747 5 64
380174 5 44
3714 4 1
86422 1 38
9412 2 3
5361 1 19
3057350 29 48
14358 1 9
5138 6 3
18020 2 5
362383 4 72
57159 1 38
295767 7 22
277468 3 43
1941 4 2
36522 1 22
426362 4 72
3073 3 4
239557 17 8
6922 9 2
823717 12 31
27212 3 5
19435 10 1
704989 7 61
919797 20 21
173960 2 52
56303 19 19
35115 7 9
45228 8 4
17483 2 6
2470 1 2
1162580 16 30
13572 3 2
226034 8 19
82418 1 47
2239 4 1
3885 1 15
154867 28 11
218471 6 15
6533 1 32
670 1 4
1654806 9 75
799651 18 68
14302 18 2
374148 31 9
19807 1 14
391211 12 16
84504 2 33
3117 2 7
361317 26 15
648439 4 71
1139932 22 34
1340 1 1
566 4 1
12860 6 3
119273 3 21
78857 4 21
2375 1 7
22593 1 10
7592 5 1
157039 5 54
122410 2 35
31383 2 12
725558 6 73
12816 2 3
26020 1 25
145253 10 10
277551 5 37
206910 2 57
8895 2 17
174266 3 47
11187 1 8
32013 1 15
17905 1 50
89137 17 8
55242 5 7
238790 8 17
11123 5 1
22670 2 9
3011 1 5
33926 2 10
292566 6 31
879842 6 63
61351 2 15
9342 1 9
58723 2 13
50720 1 29
199424 3 32
122290 5 14
38855 9 17
92597 5 12
112185 7 11
659479 5 68
130850 4 20
271507 4 38
11339 17 3
123578 2 47
22612 6 2
47535 1 24
3248 1 2
20472 8 8
355217 6 27
77028 1 34
57859 1 31
119980 2 27
123289 3 32
381733 30 27
482118 5 71
5148 8 1
758911 24 19
432396 27 14
472570 8 30
16546 3 4
369101 11 19
8461 2 3
56990 1 50
26239 7 10
2214 1 1
20347 2 18
26568 1 84
10014 1 13
21967 1 39
36915 1 66
84233 4 21
54754 1 24
2683 7 1
116389 16 3
124005 2 57
75980 25 6
930370 15 45
48615 19 4
1714 1 1
21992 2 8
12897 2 3
71020 5 10
20398 1 9
28226 2 6
474736 6 36
389449 14 74
80192 2 38
643509 4 70
21910 3 9
112637 3 52
126927 1 67
3713 1 10
827241 10 88
29897 14 1
63511 2 18
162089 4 28
1836 1 1
71427 2 15
348037 7 29
815876 7 64
18276 1 9
28961 1 32
221975 6 49
199541 2 67
120797 6 13
52777 3 14
12556 3 29
24106 1 10
80547 4 9
668942 4 74
8118 1 36
204010 5 18
13265 19 3
21416 2 28
297713 10 17
298653 9 19
492285 7 34
426422 4 64
66205 1 66
64217 2 52
771289 13 33
20408 1 12
157078 2 51
316611 5 43
15810 1 14
140888 4 41
10102 1 6
504059 6 61
142894 7 15
14885 8 2
402 1 3
49526 1 40
518834 12 28
41910 8 6
2130 1 6
15348 1 11
89750 7 77
263311 10 13
41323 1 20
1091 1 4
185404 5 33
85375 12 3
98777 1 61
1100371 11 49
207080 12 13
18041 1 11
15397 3 6
33749 2 23
88264 12 11
257398 4 49
33697 1 21
191623 6 15
76853 1 39
57695 1 38
11776 5 11
141574 2 31
51093 16 6
402239 12 26
51419 1 22
164716 2 66
4123 2 3
15033 1 49
124366 6 12
160084 3 68
27620 1 12
149149 5 17
2304 1 1
55542 5 38
1553 3 2
237355 5 28
989191 21 39
301729 19 29
23651 10 4
21239 1 9
4191 4 1
8257 3 12
65335 2 55
57595 2 77
60700 18 10
2408 1 1
30036 3 10
733279 4 82
4995 1 35
57992 1 26
280938 8 34
48969 5 64
44182 17 7
541025 25 21
32217 7 34
37069 2 9
324502 13 17
746821 11 52
65560 1 47
22810 19 8
30164 3 15
124241 4 18
41045 1 24
17901 8 13
1514420 14 57
52714 4 8
270558 3 57
1933079 12 69
36182 1 42
22198 3 5
47791 24 1
13876 1 58
198181 4 36
9738 1 7
192160 4 56
223763 2 84
1227277 23 24
46085 1 23
21833 1 63
148872 19 4
177012 1 81
16429 1 7
1275807 6 90
2030 1 1
1842648 34 51
50649 3 40
38103 2 13
4688 1 6
9601 1 7
5087 4 1
96423 17 26
34085 7 3
64350 1 34
1633 1 1
20813 1 39
39702 1 17
44889 12 14
675988 9 47
205919 6 29
60770 11 10
18005 1 11
48649 1 34
24898 2 42
267580 9 50
64206 6 10
36647 3 8
58277 4 10
1801 2 5
22270 1 10
25315 2 76
899 1 6
11274 4 2
187937 7 17
33181 1 30
3328 7 3
60113 5 7
648828 18 53
541439 4 91
139748 14 45
191813 14 16
451642 10 29
82685 1 40
108457 4 19
95838 7 26
410774 4 43
277907 4 39
28707 2 6
9595 2 4
61806 4 13
105842 6 11
10606 1 30
34651 1 73
14785 4 7
6624 3 1
129208 1 70
64235 11 15
33059 2 8
9302 10 5
92194 3 20
329404 8 26
66592 1 44
859916 17 21
15127 1 12
112059 2 30
91301 3 18
128269 6 90
141073 2 48
175337 2 46
18401 1 27
93037 5 26
12199 1 11
992211 10 43
9536 2 2
100130 7 15
2428212 19 91
98475 5 11
185362 3 36
72644 4 8
86050 1 81
208487 3 51
4473 1 3
325578 15 26
19749 1 12
162035 3 68
882817 12 54
4679 3 8
4518 3 12
47584 14 2
426900 34 25
27044 3 7
230549 18 9
266115 11 15
103302 8 7
19461 1 10
53892 5 5
1205753 19 39
62034 1 43
165843 9 38
352145 12 14
141609 15 10
52719 4 9
17096 1 46
383099 8 24
71022 3 13
824757 4 89
14602 1 8
26317 8 7
381458 5 48
54776 2 69
2527 2 7
31910 6 32
6665 1 20
1429 3 3
474079 5 83
14060 1 8
36790 3 7
63251 2 25
8554 1 12
33172 1 22
87613 2 28
71576 7 8
106431 3 19
288777 15 14
40050 3 10
11588 1 5
188415 3 30
44462 4 10
384791 27 34
296698 9 28
3663 1 2
219964 5 30
1055925 32 21
481941 10 73
137866 7 15
1785854 17 53
29195 4 57
1005134 17 32
2794 2 1
238885 5 39
41856 2 59
476768 5 57
475308 8 28
3921 6 1
2129999 24 69
3811 1 6
238880 12 13
1947157 16 82
36719 9 2
10970 2 7
64990 5 20
114580 5 10
3469131 35 73
29531 2 6
78489 7 41
25144 7 6
10233 4 5
12448 2 5
47147 1 31
16564 13 1
164489 8 35
324313 7 26
115084 4 28
341341 8 44
400041 7 40
138410 19 3
53826 5 23
2337 2 1
44753 3 10
21389 16 4
61210 1 52
142485 2 31
104298 5 9
4977 4 1
2545849 31 57
105700 6 14
24835 2 9
416342 19 26
7233 2 12
12086 5 14
3898 4 6
5444 3 1
36481 2 8
50104 15 16
14903 2 4
15106 4 10
59579 1 37
1375654 13 78
26847 4 25
1631 2 3
57091 2 18
75280 1 36
359497 7 24
140308 21 28
42645 1 29
858427 11 38
28568 1 22
205298 6 22
81728 4 9
100641 1 53
275311 3 44
71653 3 11
1235662 8 73
7048 1 4
76104 1 36
15834 5 2
60244 3 9
1060058 14 42
756 1 4
79344 1 35
79045 7 12
145655 8 16
97567 11 17
145988 3 27
84992 7 9
1104580 10 57
35687 1 61
15696 10 1
17159 1 12
23849 1 41
4849 10 2
7612 12 2
15027 3 24
22448 3 5
55063 2 17
129926 1 65
619549 6 65
350736 5 53
69509 3 13
129717 2 33
29539 12 2
47140 1 69
4030 2 1
598482 14 21
1159 8 1
1635370 11 87
485470 6 53
5198 1 22
18039 1 18
4299 1 2
141858 6 35
33230 15 2
103638 2 38
42378 8 6
47991 1 28
315215 10 21
12179 2 47
565185 12 65
222582 8 35
43300 1 26
32414 1 21
19955 5 3
15745 2 6
51925 2 11
252923 11 16
764401 18 27
131950 10 53
146170 5 21
129256 24 5
94735 2 31
28471 2 8
8037 2 2
127412 9 10
282779 8 29
123731 2 50
193532 12 15
33366 1 20
48400 7 40
48985 9 8
853076 6 88
19218 15 2
229322 32 4
34948 4 4
808153 15 26
46192 1 21
18319 2 13
25144 3 4
5438 1 4
30659 1 14
7240 1 3
488228 5 50
915415 24 22
192808 2 65
17082 7 1
311076 12 40
242188 6 20
31323 1 19
55706 1 45
8133 4 4
101126 2 28
52102 3 53
32133 1 14
82255 1 39
5806 3 1
580329 17 44
59743 4 12
399328 4 64
17898 5 5
20152 7 4
908943 19 24
83629 7 7
247627 7 70
31333 7 2
117814 7 23
25227 2 16
195412 4 32
28838 1 59
629735 18 15
2033 1 1
40161 5 5
60229 16 13
172835 8 30
14021 10 8
12797 1 18
137452 3 19
21645 2 52
42024 2 19
28011 1 37
176540 15 10
282692 4 47
35467 23 1
82722 3 25
112251 5 35
140719 5 34
31644 4 30
7570 6 1
252030 5 31
24140 1 46
210139 11 11
964 1 1
7596 1 5
5441 2 2
170722 3 36
9052 1 7
72712 1 30
14401 15 1
7277 7 8
186572 6 17
332302 4 47
90570 3 34
859377 6 82
293438 22 8
5549 1 4
51458 3 7
85438 6 10
17798 4 2
80276 1 37
2110 2 4
154363 2 33
27706 2 12
30411 1 46
449099 8 25
1511376 23 36
3341 1 6
66297 6 6
24486 2 9
45409 6 18
146599 2 30
262064 16 13
33007 1 25
8290 1 4
143239 2 39
6585 4 1
116508 1 48
723266 19 28
201985 8 38
3570 1 3
96666 4 34
41455 1 26
26966 1 15
33182 5 3
99082 4 19
208112 3 38
2067612 17 58
11465 2 35
6514 8 1
65920 8 25
9676 4 1
647691 20 20
9145 1 4
13653 2 10
18684 1 14
108301 8 7
541207 7 46
9401 2 6
47922 1 25
5437 1 3
15068 5 2
6385 1 3
66660 6 8
137743 2 51
426187 6 45
10262 1 9
917537 11 47
273658 20 11
183823 9 52
9172 1 21
957958 13 51
128544 7 11
370769 12 16
287147 8 15
25976 7 3
91553 8 8
448460 6 36
162991 6 19
25198 1 15
150465 2 38
108206 5 37
3499 8 2
2003625 21 79
182509 8 13
72062 8 4
1892 1 8
25160 1 21
19140 1 53
4214 1 3
413205 6 32
883696 13 41
1493150 10 86
21214 1 12
36349 1 26
28326 4 5
9670 1 5
287107 9 68
88110 4 15
27671 3 13
45838 3 23
7213 3 1
52673 5 5
7152 1 8
824433 6 57
319677 5 82
322007 16 9
53636 1 27
13127 1 8
674887 7 48
35688 5 14
3835 3 1
29269 6 17
113858 1 56
62671 10 5
14740 2 4
26003 1 20
44778 2 15
137603 4 19
68292 3 10
39847 6 35
87201 5 8
374976 7 40
2413 1 2
257236 8 23
24324 1 64
413698 6 36
304332 13 67
897952 8 72
182079 4 77
531415 7 63
173013 5 59
1948 6 1
2875 1 22
140333 2 51
5658 2 11
250643 4 38
10081 2 3
517449 27 15
66315 1 59
4836 9 4
1841828 17 60
8923 2 3
5636 1 10
454996 11 40
303947 8 26
45665 12 13
1232380 13 56
694583 10 37
127760 17 34
23878 8 6
53376 11 13
78941 4 13
258261 5 51
114694 6 15
79871 2 51
21450 1 13
5260 1 23
9484 2 2
40289 1 23
84354 2 29
10691 1 5
81972 1 46
5493 2 2
100601 2 35
262881 5 33
122686 2 72
1710 1 1
1050660 30 25
80864 2 17
55577 4 7
113468 2 29
45531 1 19
536230 9 34
19973 2 18
53070 3 65
120939 3 26
27152 1 18
7154 1 7
21672 7 12
78003 26 2
189031 22 34
1187051 10 77
258663 2 60
12119 3 2
19486 6 2
421837 14 44
14961 5 5
48777 2 13
12412 1 14
120811 9 24
489389 6 40
859660 8 66
10151 7 1
1235 1 1
1779 1 1
11110 6 2
14754 1 10
42895 2 12
698147 8 45
3280 1 2
13829 2 34
52414 1 38
27446 7 12
836 1 4
28304 1 19
284579 9 21
46421 1 29
256534 10 16
261521 11 10
541897 19 14
16443 1 7
10396 2 6
20892 1 37
482474 5 43
11563 1 38
693323 9 55
88847 3 39
18623 2 4
1332 1 1
78336 3 19
7043 2 6
61441 6 8
29888 6 28
387424 4 46
125540 14 5
14396 1 9
11870 1 31
53112 1 33
229721 3 51
9596 1 7
20054 1 63
1840 2 1
31272 5 10
55492 8 19
22517 5 3
6092 2 3
121073 10 38
54260 2 20
399125 4 56
123824 2 34
126716 3 23
167722 4 24
307104 8 18
58808 1 37
68760 1 33
82357 11 33
25482 1 26
1429 2 5
5232 1 3
110815 4 29
489913 8 36
46583 11 3
46126 1 27
10080 17 1
112268 18 14
32449 1 45
87789 9 8
567817 8 51
67408 8 12
249728 7 18
93343 2 19
215403 3 54
1215452 13 49
204092 8 46
165548 8 29
18529 8 1
77643 2 40
27341 2 9
842819 21 23
48258 4 8
25138 4 43
11416 1 42
4396 3 2
59211 1 27
8338 1 23
6126 4 4
765 1 4
39374 1 27
3581 1 2
146934 6 15
116283 1 52
2224 1 1
30345 1 21
24470 1 13
26567 1 20
14531 6 1
17677 5 22
568095 5 51
3716 1 2
12956 1 6
20068 1 13
146204 10 6
306583 9 17
220108 9 52
444991 8 38
22186 1 14
29818 7 12
244035 2 57
632791 6 64
6441 1 3
68416 8 10
1069031 26 28
870063 11 50
81103 3 16
9402 5 12
35489 3 10
20143 1 23
19555 1 9
5151 1 3
132975 7 82
278590 4 55
599174 8 42
26867 2 10
2256 1 3
436988 21 46
37914 1 16
414084 12 16
22957 4 27
165770 8 16
1859 1 5
64355 1 45
762398 8 54
141307 10 8
19918 2 7
45516 13 16
311578 4 40
99810 2 26
30086 4 4
18074 2 6
1047 1 3
33528 3 6
7223 3 1
25269 1 17
66049 4 21
5712 1 3
260969 5 29
52223 1 36
140056 2 39
191408 2 73
15637 1 58
2704 1 6
46475 3 48
27087 2 76
199111 28 3
113408 1 47
28159 1 29
453713 22 14
1152 1 2
16418 1 26
85497 1 84
60665 5 5
33661 2 8
164338 23 5
153798 3 48
2619 1 2
728 1 2
3566 1 8
29219 6 4
10152 10 3
253725 19 36
22243 6 25
909963 7 54
103753 2 38
10126 1 8
130865 3 21
32683 9 2
936636 7 64
44745 13 2
10687 5 1
21928 13 1
16400 2 24
16720 4 6
13227 3 3
750600 7 51
1688 1 1
31296 2 18
122012 15 6
818 1 1
38945 1 31
17125 2 5
35672 6 5
124232 10 14
1328169 24 23
464731 27 7
681483 16 21
247966 6 31
92660 4 35
11771 7 1
1709 5 1
27104 1 14
14891 1 12
915764 11 60
5795 4 1
2436630 25 64
851078 21 36
5447 1 17
52420 11 4
121418 2 64
678 1 4
34574 3 14
153442 2 36
9848 1 7
237906 4 46
29980 9 11
5027 2 2
43689 3 11
41957 1 24
658443 5 83
2611 2 1
1336279 14 49
361871 5 57
64876 2 17
67035 1 44
938 1 3
7906 1 29
244351 8 29
52028 1 37
682296 22 14
282773 12 12
4007 1 3
1741733 10 89
30441 2 14
166704 5 21
160941 5 37
50172 3 12
108266 3 20
214837 11 11
14653 1 12
171853 4 27
4019 1 31
27114 1 14
8529 1 6
45150 9 33
279038 3 41
46727 1 31
165957 22 5
178053 4 26
31022 2 12
228968 12 11
28515 3 11
21326 8 6
161490 3 37
455343 5 52
37380 1 28
1020006 18 29
1140024 23 27
712785 9 48
44241 6 5
1388913 20 53
30594 1 20
133582 2 39
2465 1 16
19996 1 11
195802 3 37
94379 5 20
2441 18 1
23159 3 6
17108 1 15
42044 1 63
46397 10 17
149779 7 11
6650 1 11
323056 10 48
3198580 25 54
2277 1 9
74596 1 31
833690 11 38
123349 16 4
39444 1 16
221471 9 24
107344 1 60
5845 1 29
110670 1 79
5111 1 3
36087 1 31
30469 4 5
43552 1 39
4401 1 2
97571 4 15
20954 3 8
289923 3 49
3779 2 6
3026 1 4
420329 7 34
26316 2 11
183997 15 45
724333 7 64
121596 11 14
914529 5 79
27334 9 22
139746 1 65
352826 6 26
14037 2 7
1098499 21 23
150556 5 32
3581 1 6
5865 9 1
71784 3 64
30179 2 14
178015 5 17
367851 4 57
11876 4 2
6090 1 4
154108 3 32
69300 10 4
8695 1 7
280212 7 22
151712 3 22
19223 1 14
27045 3 7
4261 1 20
6824 1 19
12475 15 1
38144 7 10
15510 4 2
57391 8 4
224448 9 17
733764 5 74
21435 4 5
203031 8 16
100654 4 27
428453 8 25
113189 4 16
121432 10 8
10548 1 7
14521 2 20
1432 1 1
11266 2 6
41701 1 42
205582 9 30
13995 12 2
22877 2 5
20868 1 18
175013 9 11
1193374 27 26
15876 2 30
10381 1 16
9355 1 5
545553 5 90
7222 4 1
22971 2 54
11980 4 9
432952 6 47
9257 4 6
18706 2 7
12473 5 3
125557 8 18
119308 4 24
26560 1 12
81267 2 28
14279 1 20
18374 3 4
80398 5 13
71411 5 14
806428 16 37
328566 8 20
196660 5 41
3701 2 1
88809 2 40
1017802 21 39
48104 9 11
157426 7 12
5971 1 15
63538 7 15
17707 11 1
216471 8 18
561693 18 17
6017 2 2
219443 3 57
66684 2 21
134370 4 25
64429 1 32
125778 2 26
18880 4 6
75184 4 91
204225 2 71
14715 3 2
83646 3 17
222350 10 87
113014 3 23
29753 2 21
91527 7 21
101989 8 10
6877 12 2
90900 5 11
97706 5 12
54324 1 34
24853 1 29
34151 1 23
26216 18 2
62504 6 17
6615 1 3
759840 10 64
44184 1 25
6222 6 7
71198 10 3
442847 6 50
418931 3 71
51243 3 8
56556 30 1
136374 11 84
18073 2 7
41962 1 31
1196 1 1
243417 2 65
1517947 20 57
500140 6 46
14171 3 28
726999 9 36
2679221 16 75
26475 1 16
246955 7 27
1483324 17 73
14591 2 22
15295 2 5
246087 2 72
772091 4 82
528940 11 29
19955 1 14
146942 3 25
33759 1 15
377922 6 45
71238 1 44
22548 1 13
69336 3 13
339207 9 19
95580 8 17
32151 5 7
977 1 2
20389 2 9
36353 1 22
129798 2 35
391494 4 40
21367 5 6
6841 2 2
81536 4 10
55801 1 25
84169 1 38
753707 27 15
99432 25 6
111152 1 49
125340 11 7
243107 2 53
144231 5 20
3515 1 6
167479 7 24
151738 3 31
4426 10 1
119786 2 29
450778 15 52
216675 8 20
3531 1 2
44377 2 16
10128 1 5
257901 3 39
163083 2 49
167708 1 84
102435 4 12
164005 12 51
4925 2 2
24719 1 26
1420416 18 34
14931 1 20
249444 12 10
1478 1 1
38190 6 27
132490 6 33
429904 11 21
65116 2 27
12520 1 23
212181 2 83
2921 2 1
3271 1 5
14309 1 14
30325 2 8
40326 1 25
79473 1 58
16260 1 33
719044 19 20
103345 3 40
29816 1 23
688728 24 12
4973 4 7
7537 2 2
14897 1 73
7098 1 40
112745 3 29
67741 1 31
348835 3 71
298185 3 68
137868 18 4
15876 1 50
4301 7 1
16558 1 8
1221 2 3
70394 2 16
30287 5 26
287284 3 45
177949 10 19
338743 3 67
123438 2 27
232544 8 19
212361 5 31
18438 1 27
113126 2 26
16003 1 28
1092608 13 39
42152 1 24
570904 13 26
560749 7 33
201085 5 41
1175409 27 46
76426 3 20
334428 12 19
21230 2 6
3148597 36 58
367126 9 25
5546 5 6
728474 14 31
160756 17 4
96531 7 8
32880 6 4
345332 5 55
9561 1 41
14554 3 27
43503 1 19
364561 12 23
234887 17 6
447171 3 79
592021 7 53
4094 6 1
642112 13 35
89016 1 53
148080 27 5
12778 1 8
9678 1 29
1039833 11 39
6407 1 47
6011 2 2
1418 1 3
80558 2 18
82656 7 9
159647 1 77
4064 12 1
15410 1 16
8331 2 4
151361 6 13
84670 3 19
59876 1 42
77003 2 30
29234 19 1
32921 1 29
239899 6 43
45719 12 2
626112 11 25
575538 10 30
742600 15 29
48204 12 5
60879 1 26
90801 2 52
167539 1 82
4141 1 2
120218 4 47
163115 1 71
284450 10 12
75282 1 35
283760 11 16
79529 3 45
1944 1 3
258280 3 51
77903 5 11
986427 16 44
184133 3 27
126973 3 37
41132 8 3
32811 2 9
239050 6 30
22788 1 51
22818 1 13
22890 1 17
173855 5 16
1877536 28 37
65942 3 13
12861 1 76
249861 6 27
60950 14 16
91638 3 22
30561 2 8
153016 8 29
313497 2 68
27016 4 33
549 1 1
82758 1 44
566501 24 18
155876 5 56
78619 15 16
30731 13 6
26775 2 32
112882 1 59
41592 3 6
149486 2 61
27651 1 16
14179 1 24
9504 1 7
94517 11 54
5478 7 1
48509 2 10
21450 12 10
20096 11 4
27043 1 43
80834 1 42
37598 1 26
294452 5 24
101888 8 40
153999 4 35
40480 15 18
112478 1 48
8171 1 5
7242 20 1
27108 16 1
28229 2 7
135182 12 6
81961 9 10
1524 1 1
10464 6 7
44618 22 7
1318153 26 36
1416 1 1
1117820 14 59
631427 9 33
70405 1 29
36657 2 32
31923 2 8
2417 3 2
158905 15 7
1638008 12 69
145205 4 25
23260 1 15
84508 35 17
487332 17 13
3155 1 10
1000444 20 33
239683 4 35
7323 1 5
3572 1 2
6081 3 1
2670322 19 66
115065 9 10
77408 1 33
30037 5 5
315401 17 26
3568 1 7
407173 18 10
1458448 9 75
1522235 23 45
106616 2 54
87266 3 17
3752 1 2
118437 5 25
59678 10 3
390367 11 23
55001 4 21
8584 3 16
134606 10 64
148914 1 67
14594 1 28
19437 11 1
14241 1 17
11117 10 4
941 3 2
42838 7 4
25836 1 14
6887 1 3
21943 2 14
11150 4 5
13412 9 1
350385 3 55
121040 3 32
20461 1 18
597170 21 21
132509 4 22
67712 3 12
959004 15 42
201334 1 92
947378 16 32
5442 3 11
32239 1 25
6580 2 2
115604 27 2
85788 4 21
107652 2 29
72016 5 37
68060 34 1
10069 8 1
17022 2 5
59573 2 14
171852 2 66
988262 28 15
1562853 13 71
1354323 19 30
46943 1 35
18395 2 32
281934 10 24
80973 2 25
481 3 1
2378079 19 65
4824 1 3
2007 1 1
35960 1 26
293113 11 54
493067 8 40
39933 6 16
26919 12 1
2781 1 5
20815 1 16
486810 3 73
2080 1 3
936689 12 47
102852 3 36
69106 11 4
157977 4 44
110260 6 12
182326 4 64
1117618 22 25
83955 1 42
190144 2 52
303515 7 20
795316 11 39
108841 4 54
7547 2 3
8034 2 19
180658 28 8
33012 3 78
43248 13 2
23012 2 29
119797 2 39
140315 11 42
36325 5 5
159851 2 57
20822 10 10
66232 1 41
76567 17 4
40022 1 24
15525 3 3
40681 20 1
22569 2 10
221047 27 30
567607 8 29
95987 3 17
25211 1 20
2411 4 2
852 2 1
104221 2 34
96741 1 59
281189 5 40
37964 2 24
618100 17 49
406545 3 75
1543 7 1
55579 1 29
16786 5 3
329002 23 7
37225 2 29
272704 6 36
36231 2 10
22139 5 10
4887 2 4
43137 3 12
133045 24 6
10239 1 7
18634 1 27
2407 2 4
110885 5 44
971091 13 35
5967 1 3
43679 1 20
170250 2 54
3693047 31 82
83409 2 48
1346092 10 72
24622 1 13
55514 6 64
2614 2 1
8771 4 9
105727 12 4
203596 7 21
6639 3 1
120980 4 23
108163 3 22
60102 7 4
166736 4 24
39654 4 10
115352 10 27
263359 31 27
54735 1 30
158001 16 11
33228 4 37
30740 12 3
21560 2 84
177728 18 29
2618 1 2
18930 11 5
140194 23 4
48785 10 2
4420 3 1
20842 2 22
12916 2 4
36721 1 44
178300 5 20
27724 2 7
588202 20 13
179718 2 67
60907 6 5
14034 1 85
111207 2 24
3586 2 3
141563 3 44
430742 10 38
34522 1 21
2140 1 13
17288 1 27
67890 1 42
94927 4 10
2298 1 1
54528 6 6
115782 2 32
25042 1 25
23865 2 9
1644 1 1
53997 12 2
168512 10 26
6824 1 10
728376 23 19
72360 7 10
26763 2 30
507734 18 21
18332 3 3
43050 1 23
73649 4 10
94097 2 23
5279 1 20
197926 26 6
460233 3 73
38782 3 34
162636 4 32
30928 4 21
7938 6 1
407142 13 19
61607 10 23
214777 4 22
4342 1 3
97811 6 13
20371 10 1
14359 1 25
39213 1 18
270495 15 11
304235 4 61
28202 2 21
656792 15 24
27690 2 34
14119 3 11
280982 4 39
645724 17 22
1823071 13 77
605336 20 13
1822 1 1
98338 1 40
305877 3 43
67047 1 36
19450 3 4
259763 4 39
292684 3 48
200207 4 35
45185 1 31
41646 1 22
93054 7 12
58022 1 36
116645 14 12
15707 1 19
78362 1 37
61227 4 28
1039647 15 45
618608 6 61
10310 5 3
2378 13 1
40057 9 2
16832 1 8
441 3 1
444893 5 39
59342 2 17
17456 3 27
779147 7 67
80634 14 3
853 1 1
7627 5 3
489689 17 20
426474 12 21
226385 8 20
42089 1 33
25133 1 17
46484 3 16
355840 9 50
8397 5 5
3533963 25 92
174194 14 6
5970 7 3
20771 4 3
82988 4 32
84681 1 36
114523 1 73
30431 1 19
303559 3 70
5131 1 14
1368 3 2
43086 1 18
351176 19 20
24275 3 32
11830 3 2
344820 3 59
10129 5 2
37119 3 19
7779 1 5
39940 7 5
91099 21 8
9328 2 9
220148 3 32
59921 9 4
28755 1 40
100848 5 24
178174 3 32
1375071 20 31
32059 18 4
31019 4 5
32003 2 17
38139 1 42
101995 5 20
50152 8 3
69994 12 33
144301 7 16
736660 19 63
262223 16 31
859986 7 59
922 3 2
145315 20 3
44168 6 16
97836 5 12
117296 5 20
13701 11 7
33932 1 15
84838 12 19
63715 1 37
3467 1 3
200669 5 79
58068 3 11
117872 7 15
138054 8 11
100001 5 20
295817 4 87
110216 8 11
40762 4 5
18409 2 23
24346 6 2
999237 15 51
205972 8 14
16801 8 1
16801 4 3
47223 1 37
216261 1 94
71673 12 4
215683 4 23
86069 4 26
19507 1 31
3328 1 2
162358 4 23
23562 2 5
3726 1 3
730720 10 58
44106 10 30
199839 10 34
23655 14 1
9928 4 4
31225 1 23
546209 5 53
4444 8 2
449544 9 32
13218 1 8
22842 6 2
13101 18 2
110716 1 47
80459 8 5
258637 3 57
2735 2 1
11862 1 36
565726 7 51
74900 3 27
72810 2 20
4526185 27 80
56261 2 21
17018 8 3
63842 9 12
41128 1 23
287111 19 21
67942 3 10
66138 7 4
23951 8 2
26693 1 13
4258 5 3
22210 2 34
102956 5 16
41614 1 22
83276 8 6
140272 7 32
1277996 18 29
41615 2 52
3497 2 4
45346 1 35
10470 5 9
157282 1 64
10611 5 14
2038 8 1
207067 5 19
188520 17 22
11379 1 7
21451 1 14
41963 1 42
44571 2 14
90159 1 38
29719 3 20
75364 1 35
4460 1 2
28229 24 2
15894 8 4
108331 9 6
159435 1 72
99433 7 7
619788 10 32
17535 4 32
5134 11 2
22185 1 14
36130 13 6
500774 4 64
714569 5 58
70739 1 54
24047 4 19
947587 12 33
44889 6 6
92886 3 17
80124 2 26
16828 8 2
203894 8 11
113479 5 17
123475 1 62
299157 3 42
270348 6 22
451253 4 53
6280 1 43
159540 2 79
307183 6 26
52324 7 20
42380 3 11
73228 10 13
7573 4 1
562579 6 44
415369 6 29
462011 37 9
13471 1 6
239864 17 26
118259 29 11
51315 35 7
32024 1 21
330301 17 9
19650 1 10
30115 1 23
84467 4 15
224868 3 41
345336 3 79
59708 7 17
138044 6 27
275485 3 46
1885 2 5
221727 4 29
161799 4 28
46723 3 19
4447 3 1
12625 1 9
53236 4 16
15835 4 21
31758 13 1
50756 1 28
246436 3 53
288078 14 11
46235 25 2
80956 1 33
58567 1 30
103658 5 11
23058 3 37
3041 1 7
8682 5 5
67646 4 8
326158 5 40
179808 2 41
265880 11 12
7503 2 5
46598 3 15
50174 11 3
49686 23 11
324699 3 54
279375 6 26
94705 1 42
495689 19 16
92825 1 45
171308 4 24
68407 3 11
109764 3 24
47979 3 26
57307 3 14
42064 1 19
37697 1 61
12847 5 5
13076 9 1
33832 6 4
312132 3 82
56687 6 4
61848 3 42
5832 1 3
87836 8 51
9695 4 1
38448 2 27
64026 1 44
83981 6 12
3692 1 3
13841 8 1
843176 7 59
13260 4 2
270662 15 20
206950 5 18
169155 3 24
59267 4 14
18648 1 11
96433 1 49
32546 2 7
47839 1 32
120281 11 56
33023 2 8
11265 1 6
35786 2 26
94457 1 65
8747 7 1
27143 1 21
313179 19 31
16912 1 26
34529 8 17
140365 5 16
49202 7 3
257362 29 14
64029 1 30
6937 1 4
50218 1 29
411869 17 19
30577 1 16
113346 9 9
12978 5 2
145337 7 40
79311 2 38
383436 10 24
22883 1 12
207028 6 40
146360 4 49
41052 11 7
31597 11 4
316548 4 35
62894 2 18
4252 1 7
84220 1 60
18178 2 32
356 1 2
2268129 23 65
50239 2 43
76491 1 33
391566 4 70
410071 4 76
58073 2 14
6713 1 29
22664 4 3
9865 1 5
10169 1 59
431946 21 14
474569 8 38
1405057 10 75
15295 3 32
30266 3 26
19077 1 24
147688 6 40
65643 3 37
74717 2 16
21124 1 9
60727 7 44
85968 1 64
114733 18 4
12146 3 2
30308 9 2
188002 16 6
28431 6 4
46388 5 5
16851 1 13
19934 3 10
118236 6 21
632910 30 12
112716 2 24
68165 2 25
110793 2 42
50422 1 81
90854 6 18
42782 2 16
71081 4 12
9223 5 9
33750 2 7
10973 2 4
23309 9 2
26396 1 15
245101 14 29
94262 2 24
2259 1 1
28787 2 7
400073 8 40
11164 1 7
46367 3 28
12936 22 1
130969 1 61
158105 8 47
2453744 15 72
1945404 18 51
80657 2 46
1565 1 3
47134 2 18
452374 11 21
4599 2 6
66726 1 50
388758 12 38
106084 1 77
391325 9 28
48442 1 33
36228 1 75
6949 6 8
477650 7 46
5317 6 3
85944 1 72
18115 7 2
111259 5 22
5662 3 1
2701 3 1
11879 6 11
219741 5 27
436716 8 58
340270 9 43
123858 7 40
5833 3 6
2113 1 8
312748 8 25
63700 2 31
19131 1 37
43846 2 44
593 1 2
10268 9 7
83977 3 21
77615 1 62
112454 1 66
2109 1 14
62987 3 10
109694 2 26
128046 10 14
11479 4 23
122437 6 24
112913 3 34
408 1 2
863 3 1
357123 16 18
547180 11 51
53547 4 18
108440 9 5
116696 1 70
303115 5 35
77921 21 22
80821 7 21
752483 11 50
357787 11 20
34455 1 23
212841 16 21
20377 3 4
42086 3 6
49989 7 10
31924 3 6
151675 12 21
34103 2 9
180976 11 10
1635 1 1
1720 1 3
7097 1 5
181011 2 41
96268 6 12
4439 1 2
36795 1 45
21333 2 66
38661 2 43
705 4 1
151593 3 34
25860 6 3
417928 8 52
30654 21 2
36048 10 12
163838 10 9
75631 13 8
3278 1 4
34179 2 28
13786 1 7
407040 6 55
152011 6 20
653042 10 29
215687 6 73
171079 8 10
7279 4 11
268 1 2
583430 13 30
329199 8 28
234006 13 26
17650 1 18
192212 5 17
233406 12 24
33927 4 4
43787 4 22
34235 19 2
2027 1 6
47032 3 41
161248 2 41
64786 2 15
543219 6 41
57413 5 10
68667 1 42
6561 1 5
202523 7 17
14925 3 15
54269 6 5
1185 5 1
134223 6 24
56809 1 36
127556 13 18
26067 3 9
2463 4 1
47026 1 88
40057 1 56
457 1 1
25849 4 3
167964 2 36
194085 18 14
38523 1 21
1528634 12 60
79257 2 23
1087627 15 36
8077 8 1
88039 2 36
158875 2 35
20411 1 46
207828 21 18
6838 8 2
302644 15 27
269491 2 82
69487 4 20
342029 4 48
41260 1 60
392530 13 32
402331 4 48
146535 4 28
148736 3 36
176739 22 34
196403 3 40
9534 1 17
53229 1 31
47390 1 25
1790212 9 83
14133 2 16
105056 2 24
28373 2 9
95066 1 61
30236 1 18
8325 1 8
67723 3 12
9274 3 24
22222 6 3
51459 4 36
48914 4 18
247961 8 20
529188 13 40
15813 2 6
13253 2 20
2935 2 1
9065 11 1
28584 3 29
1800 4 3
144809 1 75
1259677 6 87
373243 12 26
600747 29 29
447363 4 52
1263367 32 22
277542 9 15
11375 1 9
33398 9 3
63360 1 29
151001 9 9
110765 6 22
254455 12 34
250982 7 43
196290 3 48
508380 17 19
54561 5 5
649371 10 27
166063 3 24
28147 9 16
26933 1 13
81127 1 43
15630 3 3
110085 3 24
10562 2 7
210262 3 35
104347 8 9
492541 24 10
139834 8 12
634 2 1
9112 1 12
2267530 17 63
172811 1 79
940 1 5
9038 1 6
31580 4 4
48199 3 8
8132 1 11
7241 1 23
8521 1 8
3146 1 3
90269 4 19
90220 2 23
51729 14 5
26820 3 58
2384 1 1
576 4 1
512925 5 62
108063 1 62
56900 3 28
106420 6 17
388802 10 86
35823 13 15
115755 16 15
78228 1 57
14358 7 2
294412 18 21
10913 5 14
14521 2 45
36211 1 39
174679 7 20
314140 7 26
133614 4 21
28112 2 15
7866 1 12
61752 1 47
128276 1 59
65415 1 41
12588 2 5
538817 17 42
139362 10 6
58553 1 45
4599 1 3
3449 2 1
826912 6 57
1763673 16 58
1207883 10 87
127665 2 34
37558 2 19
199103 3 41
11521 3 5
1429 1 1
117485 5 28
19492 4 28
27649 3 8
46653 6 19
1160446 15 54
190329 7 14
282162 7 80
14204 3 3
542682 3 83
12695 1 37
13107 1 7
4281 3 6
272334 27 11
206280 2 52
203244 6 26
101722 20 4
1387 1 1
1199207 28 26
5835 2 11
3901 3 1
9080 1 15
39039 3 7
1908 1 4
13461 5 2
99212 15 48
36982 1 27
12842 3 3
53876 2 11
694517 21 25
16687 6 2
576170 29 15
292490 8 34
389166 6 38
146581 2 31
266408 5 39
365478 11 73
41422 1 20
810475 5 74
59014 1 43
11871 1 7
32763 7 2
20077 5 3
60614 7 6
139239 1 83
31069 2 7
713991 9 52
475571 4 67
98491 4 14
11899 1 24
99789 3 18
120852 1 50
39829 1 24
1843 1 1
12711 1 37
97043 15 5
2106688 19 49
61165 1 25
71505 13 3
20932 5 2
476081 6 54
14086 1 9
131268 5 21
124985 6 65
62689 9 36
6476 1 5
82875 3 27
209849 2 74
72390 21 13
815658 27 21
189888 3 39
2504 2 7
12244 1 5
21432 6 9
51872 1 26
2831 1 18
24454 1 14
833606 10 58
25394 1 11
285885 8 24
42209 6 9
255487 3 52
11521 1 14
5351 1 11
25721 3 16
7155 1 4
15737 5 7
56651 5 7
55186 3 11
3418 1 4
322732 13 56
20496 1 11
163672 25 27
158676 13 7
753318 26 16
39879 1 50
207416 8 11
9603 19 2
30831 1 21
41685 1 63
32441 2 7
12671 1 7
229457 2 62
5935 4 1
2823 3 1
73356 18 21
117650 4 12
5070 1 4
42018 14 14
655803 20 23
2139476 31 30
1166 1 1
23143 6 8
438450 4 54
23101 2 49
1151425 18 37
957584 17 25
19074 1 44
499350 7 46
485016 8 44
22662 2 11
310098 9 74
67424 1 63
27683 11 13
1795 1 1
57737 11 39
29842 7 4
151161 2 54
47980 3 35
91887 3 21
765564 9 70
3961 3 3
19163 3 28
83509 2 23
776287 13 27
299114 6 25
154986 5 14
22705 10 4
32747 6 4
837094 11 52
25866 1 12
27618 2 38
153469 7 12
3030 3 7
611520 12 50
828 1 1
154547 1 74
18436 3 4
7330 2 29
15471 2 16
12166 6 13
912379 17 38
1464 1 1
195005 8 10
13804 4 5
42087 6 18
249528 4 72
367814 17 26
345106 9 24
16485 7 13
705398 14 57
465221 5 55
211555 10 17
113782 16 17
717808 7 67
24689 4 22
70327 10 3
50393 7 4
44903 1 24
50054 4 59
265521 12 10
61304 2 15
1566573 12 58
5049 3 1
323626 4 39
12428 1 17
384450 4 50
883 1 4
9963 1 39
427145 15 19
30052 2 18
73474 3 17
357685 17 11
12946 1 6
75004 4 19
179056 6 18
135741 8 15
10515 1 52
451631 15 17
411675 14 12
86891 2 20
16770 1 9
1080121 17 79
11227 4 2
115862 1 49
284360 4 42
99179 2 40
68375 2 15
259030 2 63
110666 1 69
52540 2 28
96600 1 68
421505 10 31
7299 5 1
44794 2 19
44326 9 36
479228 26 25
25208 1 20
49885 3 11
33628 1 30
1861660 11 69
102032 2 42
138153 7 9
103856 7 30
69785 1 31
12835 8 12
93572 4 63
280162 4 87
61041 1 26
381213 14 15
106575 3 51
5294676 36 82
103343 3 38
61924 4 55
392479 21 15
96257 8 36
42883 3 7
1394 1 1
17748 4 16
83397 14 13
196430 2 47
411841 10 17
648824 22 12
1235320 16 34
41274 1 21
39529 1 20
26900 16 11
43529 2 14
4240 3 1
70903 3 22
93553 9 17
29324 2 8
24117 3 5
23273 13 2
74182 2 67
45252 2 17
1013708 7 60
1393 1 1
20831 22 1
409429 6 61
85949 5 9
231609 3 69
5371 4 2
97074 1 78
32706 4 4
274522 10 13
1099099 22 26
214998 10 15
2893 1 23
158187 6 11
14573 5 8
347258 11 15
92781 9 7
442034 5 47
74207 1 58
429083 6 35
2260 1 1
260470 4 50
101697 5 19
582141 7 40
409036 3 80
97219 17 19
114344 16 4
7212 6 1
45672 10 15
477324 5 54
11865 3 6
1586490 10 66
582734 7 46
72102 5 9
1603335 14 48
14681 6 4
140263 1 60
88384 3 12
137015 20 10
151816 3 22
9830 1 44
60809 13 26
10149 8 3
3222 2 10
54272 9 18
68566 10 6
8170 1 5
131204 1 66
58696 1 31
975256 11 90
49774 3 55
13393 1 30
79662 2 30
30146 15 1
55828 10 5
503035 4 57
2549274 27 51
484607 15 22
49796 1 25
46116 2 26
55385 2 21
681874 7 53
100863 10 8
28454 4 5
15752 24 1
16004 7 1
15286 11 8
6563 2 2
397931 4 47
248965 21 10
175151 2 54
99159 5 24
160503 6 28
50218 8 3
152289 1 62
12336 1 7
257922 9 25
14887 1 8
46942 2 11
333694 16 9
31700 6 5
63878 5 28
123561 3 17
10498 1 23
58369 10 4
249962 20 49
16189 1 13
146100 3 30
51404 19 4
660255 13 25
35690 1 28
176183 2 50
181192 5 28
703884 7 76
2271489 26 62
202582 2 71
271113 7 21
174669 11 29
15133 2 50
275224 4 35
67866 1 46
41663 1 21
42040 2 14
136943 31 4
174507 21 12
360150 4 42
308176 5 29
10795 1 7
44661 2 58
30383 1 15
631838 7 54
38990 1 24
12705 1 6
9016 3 12
3543 4 5
135232 3 38
4833 4 7
20695 2 17
99799 30 2
33564 3 24
227513 4 27
9069 2 2
511195 16 29
21452 1 12
10272 1 7
2184 2 1
51323 4 31
8271 9 6
10764 1 6
21146 1 20
254045 17 11
850707 15 31
222499 7 14
102441 4 20
230220 4 36
106315 2 27
2575 1 5
41180 4 16
1071263 20 23
115797 3 16
22013 1 11
11665 8 5
1138199 9 57
72833 2 28
34500 7 10
1411133 15 56
505008 6 48
21263 8 5
59714 3 36
27477 4 53
188546 4 26
11507 2 3
225779 2 63
29678 2 7
15302 1 8
150238 27 4
44862 5 6
36819 17 1
81935 5 23
417174 7 30
40041 1 32
108580 1 68
47521 1 22
6278 1 4
306229 5 40
30644 3 14
12896 7 1
384270 8 24
35639 3 5
196032 4 27
10918 2 4
124697 1 90
1152338 17 37
257718 9 16
9932 1 6
267063 19 59
37512 1 25
263042 21 56
96632 2 38
1155839 7 67
25268 1 16
22916 6 6
5741 1 4
11376 2 4
106588 4 57
91034 3 30
92084 1 64
5549 3 15
315483 12 19
6526 2 2
170517 6 17
1027559 9 57
119148 8 18
43446 3 18
218213 15 8
47294 4 10
8381 2 2
15169 14 4
651 1 1
975740 10 51
41608 1 32
99747 21 2
134420 2 38
12843 2 30
17418 5 2
160008 3 29
3212 13 1
3869 2 3
180459 2 59
2361 1 2
623676 6 62
391522 10 17
4158 1 3
35643 1 47
125449 5 11
68455 4 30
596357 22 14
86308 1 47
70985 1 38
130334 2 32
1475607 20 46
12126 1 5
903462 26 57
1220 6 1
83147 13 5
2007018 27 33
37801 1 28
160816 9 14
97777 1 57
299418 8 43
44059 1 27
13521 2 5
1723 1 5
55340 7 4
139752 1 74
436898 12 60
551581 6 62
43804 11 4
13176 5 12
508571 12 33
146469 3 23
5184 2 3
247740 9 14
139249 2 58
5506 1 3
151540 3 58
199271 4 25
250557 12 36
14174 3 13
70791 2 30
33545 4 38
25043 2 6
31010 8 3
23280 7 2
2486 1 2
60110 1 46
18654 1 13
49095 2 10
1230 3 3
87681 3 16
53138 1 24
424850 8 27
4921 1 16
141403 3 25
403515 14 17
127660 15 23
50656 1 22
181088 5 15
112351 3 38
16512 1 37
336817 4 36
6395 1 5
4747 1 5
10553 1 6
256786 29 4
437310 8 35
316968 4 57
30015 12 2
128029 7 43
2703 3 1
11904 22 1
55838 6 18
81221 1 56
1007158 11 65
712806 6 86
192219 7 14
11528 1 8
589785 11 83
4235 2 2
119314 2 28
18328 1 35
1611 1 1
94571 13 9
22502 1 13
46895 1 21
6982 5 2
128187 2 57
24302 1 19
86575 2 26
1067817 19 43
31221 10 3
60365 1 39
8234 2 2
1015903 12 59
57601 5 13
32247 2 8
22558 3 5
3935 1 2
39272 2 11
1029843 12 52
175516 30 3
231480 14 12
34278 7 2
36240 5 49
46176 9 3
58655 5 7
13760 3 5
4717 1 2
18063 3 6
10130 1 6
36359 1 51
123487 3 33
57554 2 20
57497 1 38
240628 2 58
55997 8 28
1486265 16 47
13199 8 2
43499 8 3
33154 1 14
31468 2 42
216985 5 20
106747 3 26
2257 6 3
67735 2 19
198616 9 15
19933 11 1
2212 3 1
786567 6 84
498343 13 19
307775 5 43
170691 2 41
11043 1 13
78180 2 29
15237 2 12
45935 2 17
55539 2 16
101312 1 75
103073 21 4
23038 1 19
203768 7 15
602176 19 16
92485 2 34
56087 3 8
1562458 18 56
426163 6 35
143695 8 8
8126 2 5
282784 9 20
1160781 6 91
92716 8 7
23323 1 69
552854 12 74
16912 5 4
3133 1 2
74173 6 11
21030 2 10
7333 1 8
770643 11 53
1588645 37 60
4566 1 3
725334 9 57
570268 7 68
40422 1 58
16314 4 2
24417 5 31
865155 10 51
494151 5 64
14658 10 1
5627 1 4
310755 33 4
372242 7 32
35922 4 54
54301 5 5
118589 3 23
440773 20 9
6047 1 4
48612 3 8
14863 13 2
312835 3 47
5531 1 30
108486 1 45
223794 4 23
33125 5 7
43804 3 18
94369 4 20
139230 5 22
2023498 14 82
244050 10 28
52756 2 80
86220 9 4
3666 4 4
31728 3 22
68697 7 4
5424 4 1
12913 3 6
3649 1 2
73759 1 53
43279 1 54
340679 3 66
60385 1 45
31250 1 13
9184 1 4
4100 1 2
63281 11 38
23707 1 24
213405 4 31
32214 1 22
27034 1 18
6865 1 4
10505 6 14
48260 1 36
324631 6 23
17122 1 10
2664 1 12
46485 2 14
140861 12 7
233784 12 22
22215 17 1
69233 3 10
76191 2 17
637385 24 12
21288 2 19
9367 1 4
935680 15 29
63436 7 7
1117318 8 63
1785817 20 77
1310 1 1
3370 1 5
694 1 2
12972 1 8
22894 2 6
452574 9 25
3740 2 15
173133 26 6
17137 4 3
13752 1 10
64510 7 68
43904 1 52
401300 16 18
35545 1 22
113331 4 33
41346 5 40
134250 2 52
22334 6 4
197398 10 13
21152 1 22
12898 1 15
564611 8 34
233392 6 45
173745 15 6
1437197 16 44
40087 1 28
40293 4 7
7306 1 53
167205 25 36
47291 2 13
29323 3 27
46890 3 16
955876 15 36
1079911 9 51
73795 3 17
83937 2 74
5188 1 11
174305 3 27
3645 5 2
23444 17 4
55388 1 38
1494 1 1
562251 13 55
30026 4 24
7059 1 10
60551 1 32
141558 3 29
30824 2 66
40448 4 8
74565 3 33
18645 5 28
671216 8 53
52262 9 3
55203 11 13
178323 5 18
166387 2 43
152574 12 11
63697 1 34
90959 1 76
257759 9 25
132705 7 12
81967 2 25
37385 1 27
97269 4 14
759 1 3
31190 10 2
483792 4 80
45708 2 16
77340 12 5
71235 3 33
4434 3 10
409357 10 20
288559 5 35
65893 4 21
5001 11 3
48754 2 14
1084 1 1
416502 6 31
120164 3 47
831140 7 53
121593 3 19
7085 2 2
21515 14 10
172686 5 41
20218 2 6
1767583 21 47
49779 1 40
297607 10 21
68153 3 23
113443 3 19
3163 1 2
291856 6 90
1043049 12 45
340368 10 15
5965 17 1
2721 1 8
886429 17 22
5064 7 1
1024643 15 35
46464 2 11
23304 4 3
3777 2 5
16909 1 14
58164 3 8
80383 2 48
45414 1 45
227152 17 8
210201 4 41
95930 3 18
45571 1 59
58845 31 1
111331 3 20
3669 1 2
73542 3 13
350280 8 31
224206 4 48
280489 5 30
97747 1 64
3140 2 4
8210 1 29
377489 14 11
185479 2 62
145027 13 34
10386 1 33
346869 8 27
583 1 1
391610 3 64
10080 6 8
789907 24 18
241378 7 21
179496 12 41
1335643 14 68
7036 1 28
17243 6 2
580527 8 43
307294 11 19
305169 14 14
350312 7 34
2189 1 9
7930 2 10
43660 1 88
654106 13 25
36036 3 28
1059694 27 19
72959 5 9
118443 3 29
69882 1 43
41112 1 20
8535 27 1
771097 8 47
9459 2 3
18000 5 22
471407 8 45
34160 4 19
12651 1 8
273183 17 9
104110 6 8
62706 1 32
20060 1 11
70610 11 7
1065561 14 73
7791 13 1
1752 1 2
51335 1 76
53327 5 22
32263 3 13
47451 2 11
29474 6 21
1234660 18 55
22745 2 5
15850 1 7
6016 6 1
58371 3 51
146770 7 68
73012 10 46
81322 1 36
222687 4 24
44733 3 31
22585 1 42
61000 6 28
2546 1 3
26680 5 12
167689 9 12
64680 29 1
417147 19 10
12145 1 8
28174 4 5
61929 6 24
8594 1 4
488984 15 30
490908 5 79
188592 11 13
57696 1 57
82555 7 7
140509 10 12
226268 4 33
108658 17 4
136026 3 57
159800 2 33
37790 2 44
1200472 12 55
613 1 4
789404 18 18
749 2 2
600390 7 61
33839 2 27
146873 8 30
689979 28 36
23282 3 6
10567 1 30
68348 5 10
361658 2 74
48102 3 11
1208276 25 57
75284 12 3
19471 10 1
303820 22 9
232543 2 48
767101 10 72
368411 4 51
35997 1 32
12394 2 9
173773 6 58
1285022 23 35
378416 13 21
10115 4 2
2787 13 1
7848 4 9
233138 14 18
130571 5 78
42560 7 3
188136 2 70
21707 13 3
91861 2 29
46646 2 73
40136 3 45
15516 2 13
443275 23 14
395684 8 37
621187 4 67
84514 1 57
119689 3 29
1937088 11 78
185631 6 16
459396 24 11
8171 2 3
107828 2 29
143837 3 27
26770 23 1
26537 5 30
70993 9 24
357879 4 58
3056 1 2
39157 6 34
21668 7 6
18765 1 20
26477 4 4
298722 7 51
180774 16 7
28885 21 1
722 1 4
20723 6 8
41375 5 18
8133 1 5
681285 14 32
186319 7 11
4868 3 1
2965 4 1
159225 19 10
656129 7 63
228861 15 19
272143 2 86
65908 7 31
747712 22 18
13300 1 6
83696 3 58
