129 113 1675
72 64 57 113 57 94 119 127 128 89 1 82 54 107 113 69 104 125 39 2 2 119 122 45 31 122 114 40 35 46 126 47 110 39 2 6 41 22 19 16 103 47 52 59 34 83 93 45 117 119 118 6 88 71 31 43 8 107 28 12 46 92 12 120 34 53 91 39 78 85 111 4 97 20 64 5 41 42 86 40 68 43 86 38 56 87 55 15 120 107 95 21 108 128 34 81 59 68 25 94 82 43 8 15 9 4 117 83 75 114 82 25 20 30 127 50 94 108 86 102 117 75 90 43 70 93 17 38 60
688718 12 76
868166 19 48
13449 1 11
265215 7 26
260762 10 54
81270 12 17
71125 8 8
360124 7 49
717615 30 39
96998 2 39
358694 47 6
1173444 19 70
65819 3 17
32870 3 31
90157 4 17
486961 6 73
53038 21 2
2430 2 9
77864 2 40
14136 7 22
903580 48 13
144762 2 52
17845 2 6
3214151 55 44
85742 2 37
56009 10 25
237540 16 17
247580 7 39
86548 3 32
345532 10 28
608431 27 15
592589 27 31
2025442 86 50
104883 2 43
621529 30 14
16654 4 3
761799 48 11
200048 8 94
44542 1 32
491320 38 9
326911 12 39
974021 100 14
106460 22 4
1423762 12 77
106696 36 3
161697 7 76
129665 4 40
5339 2 23
405908 13 22
5904 1 4
915017 27 27
62613 2 21
323838 18 17
653157 24 26
311791 19 20
253060 22 13
1390060 11 87
1014633 25 38
84343 3 33
307461 8 31
161180 40 45
8814 3 3
4043 1 4
33300 30 7
56960 2 42
54960 12 4
11974 7 2
6176 1 5
95432 4 40
4595 2 7
117013 33 6
47984 2 22
233376 18 42
5937 1 15
283448 105 24
576060 13 32
509763 8 52
18057 4 5
84281 12 30
979371 8 97
142519 89 5
59505 1 54
605021 31 46
8669 6 1
267105 4 43
2119 1 3
114216 14 5
1307 1 2
240945 17 10
37210 10 8
6910 2 11
4222 1 4
1443582 29 57
2025414 86 19
1852936 74 28
25314 1 27
60395 13 13
105298 2 39
307154 37 6
10791 31 2
34671 7 12
339660 24 17
9651 1 18
397448 8 93
33553 2 79
162501 5 37
375536 22 11
64639 1 51
2019 3 6
2085783 41 54
494753 12 51
4631 9 1
118794 14 17
