149 1294 8999
105 14 91 19 84 48 11 86 1 122 119 10 127 3 56 96 134 95 55 45 86 105 71 91 5 67 146 67 50 128 68 133 71 95 88 134 142 107 25 103 128 46 142 134 150 5 73 105 52 60 106 106 150 110 87 67 138 11 113 84 130 40 47 82 54 52 126 18 83 72 138 20 46 128 44 14 122 21 140 64 67 39 35 70 63 15 77 43 101 143 110 29 117 141 150 84 49 8 63 11 70 114 98 35 21 6 47 97 44 139 34 107 3 37 42 28 38 113 61 9 93 149 84 12 6 15 92 10 17 119 149 106 125 91 19 25 106 19 18 17 83 23 122 33 26 64 15 77 118
9243965 23 76
542575 3 66
8607538 40 26
1272715 2 112
30562027 37 108
31665 2 23
11811445 18 99
497564 1 101
338497 45 11
64326 9 1
216309 18 7
62425 6 20
139122 82 1
143360 3 21
585468 6 54
4021084 21 25
752159 12 90
3446717 53 8
2322847 21 14
2448839 16 18
291915 1 47
1800272 33 93
265798 1 44
37757 3 4
364760 2 94
115388 1 22
15604111 35 78
2034541 8 49
1758517 11 27
991037 17 112
7254130 42 22
571552 7 18
576862 1 102
20867 1 4
7721626 36 39
151981 3 7
322239 4 86
109788 2 9
1206249 7 27
947521 4 60
1403066 2 88
3019930 8 68
194029 3 42
4711215 31 29
30645487 83 42
941176 6 19
2008987 8 49
1288025 63 12
93524 6 3
158240 25 1
2892086 5 82
6773082 26 36
191118 2 51
79567 4 25
10757711 72 42
1284336 25 51
640713 7 24
438333 5 13
475999 9 52
305882 13 3
1218356 62 5
126591 42 1
119082 1 23
6617355 20 42
854847 2 50
12667329 20 86
738538 14 22
33642518 68 62
425326 3 32
23181 5 2
662479 20 10
462255 10 17
4677 1 1
1663678 3 99
14567292 14 121
2723046 6 71
2228805 77 14
1626700 18 124
1706989 22 13
1751741 13 30
6430037 42 28
1499100 42 6
671696 5 62
2675715 6 87
7903200 19 62
173892 27 11
3696964 49 15
249306 23 9
90090 1 16
8325114 24 45
5294860 17 37
561122 1 78
942028 2 92
3132391 106 4
403891 5 12
2661 1 1
1803055 22 21
1541908 6 108
4956725 7 113
6041227 21 61
125345 2 9
1043532 10 41
123143 2 21
18438418 71 36
479867 12 20
278205 26 2
610606 24 17
5607 1 1
396074 45 11
237207 8 10
14140050 49 78
132648 4 16
35828 4 18
38293239 121 40
43842 13 4
254459 4 13
61540 2 28
971283 18 9
549396 6 65
379620 2 22
10610 15 1
2243431 35 10
1793718 15 31
4643828 65 12
330680 4 65
3461120 15 39
245994 1 39
8784698 14 77
193685 14 5
112791 3 8
100703 3 27
558688 3 29
3656383 12 60
437201 14 54
4259722 44 19
24538 2 8
1755318 21 111
1416056 10 22
9567151 14 77
177955 2 103
33703 1 4
1038477 5 30
116442 3 63
50080 2 3
176904 36 1
1420541 25 75
9035137 23 72
3004049 5 86
7701151 48 29
122672 1 56
763430 12 10
31652 1 44
28310 14 1
7959286 21 69
89743 2 74
764845 54 25
10382582 11 106
2506194 30 10
2353443 20 16
38484 1 5
16401 1 26
15629498 28 110
173466 1 79
46205 6 5
758316 4 39
1961455 31 11
14566 8 1
3390336 42 39
172152 2 27
115100 13 16
270965 1 48
321047 3 53
10499616 11 108
4753225 75 12
1871185 38 12
225293 1 31
279678 32 1
2273062 11 31
6502163 35 33
21307068 54 53
2877323 104 23
8134148 18 88
13586454 34 46
1779974 4 82
94717 4 5
112028 1 37
2877628 18 26
95788 2 10
1942011 73 57
380484 6 58
229825 3 15
427974 11 6
989010 68 3
62843 1 13
66240 22 2
1938948 7 32
8093 2 1
6398613 20 56
874748 8 22
1685145 3 95
3918447 5 99
2853435 30 55
40733 1 8
108929 5 18
85978 3 5
15329656 35 104
16082835 44 46
2377174 14 50
26799495 90 51
277117 2 81
348326 6 9
7306827 88 18
2533406 35 11
1732293 22 11
45631095 62 94
365409 24 3
15423734 34 63
1247242 26 6
67410 11 2
31128 2 19
24385 2 2
2762861 24 17
3442063 69 11
3139874 13 34
94124 1 84
2836288 26 13
708352 8 14
1819042 17 22
468574 5 47
772462 13 10
913265 2 69
9279210 54 55
7470859 58 18
1786632 6 67
20048245 60 99
526048 25 26
807988 42 5
64974 6 18
11104 1 5
29798299 64 92
33946395 30 145
1752456 4 53
166296 2 26
44637 1 26
171623 33 4
289329 1 53
4014024 7 78
103464 14 1
1141885 3 55
21885019 66 58
3151014 9 53
585072 3 35
12840762 34 50
2758284 19 28
288378 9 7
328794 2 50
2847763 12 40
965961 8 22
64171 20 4
103347 1 16
773670 5 19
1148871 24 8
1797127 9 85
474958 7 10
4936554 31 28
59474 1 57
10586422 14 136
2580396 5 79
1313692 6 31
1079032 7 27
950356 8 18
5481827 105 103
1248507 40 6
179526 33 11
1194673 4 53
2505864 8 56
617218 16 9
8228771 21 53
251077 27 2
1042444 18 8
4227092 21 23
105814 1 65
83008 31 1
35896366 105 67
2717652 13 42
4836947 32 33
2383972 87 6
1796645 11 33
1759117 8 41
2832714 7 53
4883799 14 110
5809205 27 52
4769220 10 73
207430 2 30
91632 1 55
1152779 40 8
3611582 14 57
629649 41 8
7007814 45 18
2510631 4 95
274450 2 27
118970 44 3
167536 1 35
10740206 43 39
107428 10 7
244207 13 4
2247755 9 36
253784 1 83
3621504 26 24
411660 4 25
279923 1 62
411461 10 25
6487626 40 20
171182 17 2
32635 3 2
106680 15 7
36930 3 2
1227141 12 14
10167020 34 50
156284 16 5
6231574 10 91
2068034 50 16
1639860 28 58
2455095 8 88
14497584 42 43
5464542 14 44
2721228 31 17
1777045 14 46
73010 1 32
269724 5 7
269277 37 2
26206479 57 77
2920174 4 116
86586 1 15
2058100 50 10
77737 5 3
2878426 38 24
1804685 5 83
3598452 15 39
13096 4 4
6215440 37 26
773003 4 58
290379 1 110
18455 2 5
674237 1 112
982632 27 5
484329 1 76
85433 5 17
582463 6 21
620800 13 6
2111524 39 17
2282671 57 6
533906 9 30
8335782 16 65
2395701 13 52
1153420 21 38
1770847 9 100
1595866 33 38
6530662 35 29
623340 13 6
139488 1 43
5311099 48 15
1760711 31 19
236779 6 5
331131 3 24
2544237 7 73
194232 2 21
16165 17 1
464329 1 74
5441949 10 106
445598 13 19
10726894 20 91
99845 4 17
2001 2 1
23804 1 37
758002 50 2
146536 2 9
1786239 8 33
804653 4 68
7589833 35 34
11647061 47 28
1581775 84 37
213811 1 47
1068663 29 10
1738904 34 53
3010729 62 73
66501 3 12
5223144 36 31
7226989 6 145
4844093 7 106
10963 2 1
4759642 9 66
7824511 28 44
1061745 20 7
1189797 5 108
207912 5 5
34843 1 37
6385537 24 35
160080 1 70
1361629 24 10
68905 1 17
912041 4 103
1009317 4 56
1859423 8 29
149253 22 7
9683 5 2
414216 3 53
668710 1 83
98631 5 5
1430857 4 48
2229025 15 29
458836 16 6
45287 1 36
2918099 6 55
7828735 90 14
238339 1 46
288614 15 15
7575874 23 39
1450427 6 33
166636 17 8
763680 11 30
14168846 34 52
419443 7 10
21025498 26 110
2039600 9 83
5405770 17 42
8310451 19 82
32080 1 30
263856 13 7
4407263 30 105
2008835 4 71
2637076 63 8
589083 7 28
1706901 13 18
891502 33 6
860596 11 16
521740 2 44
19309491 61 55
3733148 26 17
939773 33 5
117141 1 28
450158 10 6
138698 18 9
2925038 52 12
1673464 64 12
29027 4 5
263204 42 5
107393 3 7
1644941 2 127
2039436 56 6
224033 3 25
130820 17 1
810612 16 19
840730 2 63
352849 36 2
2756905 6 66
1192622 13 23
306286 18 3
799436 1 102
8645002 37 26
2083485 5 70
465539 4 37
51083 1 50
3457539 33 12
12749140 26 86
2826985 59 55
201084 1 39
637761 9 12
1177442 29 13
6538678 11 72
13096550 106 31
1520402 3 123
510110 16 9
693068 5 20
1030643 47 26
375046 8 28
1350344 33 6
2549828 19 19
7460947 34 39
28742 5 11
1767396 19 39
94328 10 2
2862934 51 7
464300 3 32
112696 6 19
29216177 53 69
5120245 17 48
82146 5 3
1827008 33 104
1902459 21 21
18564209 44 68
339189 4 15
13047630 38 66
1942670 3 81
352590 4 14
4656295 25 24
674125 6 15
816902 4 35
1903059 21 16
22418 2 2
3897758 56 8
7367868 23 37
91659 2 69
60817 4 32
180879 4 13
1173568 2 96
3112714 7 69
1341232 6 37
152444 17 8
239476 8 38
8776472 20 79
228161 1 66
21777853 35 73
825991 2 49
1907283 61 34
721923 18 38
1255173 6 64
7390260 19 89
2112488 11 32
8793466 47 74
318332 4 10
103865 2 20
16658194 70 39
1219039 10 21
3156323 18 38
381232 1 58
402846 4 16
8873165 86 97
732191 16 7
2154385 17 27
8877248 60 63
1679897 6 57
17589317 26 115
3437492 34 29
1392133 5 40
3263282 49 48
32333 1 5
1392155 50 5
575749 2 42
97669 1 14
1067345 77 19
909372 2 56
3005513 12 46
846865 11 15
37451 1 5
25487 1 5
1977287 3 121
635274 1 106
5228259 32 27
985639 44 3
84102 32 5
1255835 3 93
7425734 25 50
36946 1 7
351917 31 2
906751 13 8
7984229 40 31
5057178 10 71
119513 2 12
15945353 22 87
4690810 20 40
249945 3 24
409409 3 24
533996 8 9
4628570 43 25
8098533 43 23
503198 2 51
440627 3 35
224803 1 47
2001375 28 40
7652282 55 32
2746973 19 25
149164 1 39
2273879 5 58
262144 3 27
1164270 12 52
502628 1 60
11819467 63 97
305703 7 6
929014 32 11
985732 23 30
38717 2 6
7477031 20 47
813726 6 17
17467 1 32
1359696 18 9
58839 3 3
142708 4 4
6715517 25 49
289852 14 14
429056 6 18
356925 6 8
4264921 30 18
468450 25 13
7062793 42 21
119318 1 21
1804340 11 55
1849747 2 134
825507 14 28
4176050 19 37
1547589 30 9
10469395 26 77
222456 29 1
330559 1 45
459572 4 18
276060 6 23
13960992 57 46
703291 12 9
2111277 67 7
44605 9 7
511537 7 13
3768253 21 21
3236981 12 53
165694 4 7
22664 5 1
466185 13 16
36523607 35 132
465330 35 10
232767 2 20
241281 5 15
7618995 17 71
4962122 52 20
4809066 10 102
1043185 13 29
1977913 15 31
541644 1 75
22887 1 18
17046065 44 68
5668 1 6
403509 4 13
31189 2 3
19631 1 18
102407 8 14
894376 3 43
1864593 7 120
2064319 7 60
784414 9 35
10809719 21 86
2389469 4 119
8903789 62 57
476626 2 39
3739617 33 18
455248 40 2
2280137 76 6
459128 1 76
477228 5 20
133782 33 2
781813 2 54
7277559 41 28
1304478 7 109
3835941 24 45
15884239 41 78
616349 5 43
60639 2 31
885448 16 10
364766 22 24
2699116 24 103
295511 6 69
2018658 6 40
1815120 4 88
644130 5 48
587966 6 64
4618374 27 22
6269 1 12
3240824 22 20
4260385 21 40
7917214 25 37
4083 4 1
93580 4 18
5350857 14 51
150530 2 17
289467 3 14
2296605 11 28
561763 29 5
596341 26 13
113200 3 6
850600 7 62
153385 16 2
16573669 49 52
516050 9 11
263499 1 39
108212 3 7
33426 2 18
423608 1 53
4894981 23 31
370194 7 21
88635 19 5
1177876 21 8
1412961 13 20
168486 1 106
113004 3 17
29420819 34 113
69600 7 7
310248 5 9
1771884 8 74
290335 1 54
93290 2 6
4274910 36 19
155226 2 10
8948785 39 107
128370 9 17
242451 5 23
13189233 71 55
11065 1 2
2069 1 2
390646 7 11
7492599 81 19
6239603 39 35
2612573 32 12
644711 64 7
7502141 39 86
3659483 25 31
103238 5 8
9459453 38 55
506274 6 10
4039749 7 107
408361 11 10
1028072 36 12
42405 3 4
201320 41 1
2603692 16 34
1066775 34 12
3643460 4 123
690019 4 23
6601495 14 55
184523 17 10
2051786 35 34
105065 2 10
397523 11 26
123229 26 10
3671808 53 11
1510000 4 54
98380 2 7
11142544 29 55
746647 33 6
222297 3 14
260455 10 16
355807 3 15
38859453 59 134
1667887 8 30
305516 24 7
2871910 6 56
3213484 13 44
700124 11 40
2474408 58 9
56163 3 4
3561374 34 16
1025294 10 16
337011 68 1
757912 14 42
349288 17 3
2001297 4 107
10309154 30 49
2638248 26 20
202845 21 13
2513337 5 104
10400 2 9
33410 1 5
27865 2 30
2934545 14 44
500576 11 29
338040 9 9
2734629 6 74
2750676 15 39
644178 10 10
3439972 15 39
267049 77 5
438802 1 75
850021 11 15
1805967 28 17
251940 45 1
125267 4 5
638426 16 7
331328 16 34
1190733 6 31
277164 20 19
4581957 21 72
218483 9 8
1384834 7 29
14609920 21 120
761116 2 65
100726 17 8
6424509 15 75
108725 3 8
8434098 23 50
12991857 50 35
211430 3 60
2477404 37 9
2018015 67 21
452009 6 11
100407 3 48
1400762 14 33
1058218 23 22
87907 9 12
215141 1 29
5444369 25 42
17167862 25 121
1891400 26 32
1048904 16 37
926826 62 2
578057 2 57
605271 12 9
154779 3 40
206505 1 41
82322 2 12
29340646 58 75
27961 12 2
9048596 25 118
358472 20 11
23985 2 2
58750295 61 122
12731207 38 38
7106586 33 106
593822 2 44
537068 51 3
18013573 79 45
393146 14 5
1173940 20 46
3212345 7 96
667754 1 78
1154621 7 19
398601 6 17
536746 2 34
482919 28 10
335076 3 13
5024397 24 35
1300795 13 15
3096603 7 57
8743548 25 53
1797388 12 102
16980922 48 74
7218994 14 105
181652 2 18
8012998 70 25
19222843 49 73
3414796 9 47
90375 28 1
813258 18 74
439220 1 91
5126249 31 31
45311 23 1
10378640 28 74
1943689 16 30
6014084 84 14
7642439 22 67
9746554 41 65
13982924 28 64
4879239 27 53
7971 6 2
891976 7 32
82027 3 39
22733303 57 68
7658506 30 38
6118 1 7
6316303 38 34
285195 5 15
247789 1 51
8153592 36 61
3120570 81 10
12991680 62 35
641186 30 10
5753792 44 117
683930 3 39
209320 15 4
200899 1 57
10658622 21 77
2252975 36 32
3691600 4 129
2126669 28 84
1117127 2 100
700552 4 56
3493920 31 21
2873085 46 13
394377 21 11
1203589 27 11
15820412 28 74
1385682 6 49
1937521 7 59
1583575 18 36
6495884 60 18
238561 30 16
670801 13 7
1468860 13 17
2151340 108 20
446811 2 43
4449609 10 72
107532 2 8
7453218 13 113
181737 1 129
11503303 63 35
22910767 31 88
7038752 10 120
45789 6 1
60846 2 6
413582 2 29
781413 2 65
490245 5 20
231847 7 10
592907 2 43
120429 44 3
2450756 10 43
10693 2 8
677934 2 64
4559327 56 13
32555 4 1
404205 2 35
496089 20 9
508884 7 12
1261854 6 65
6850013 38 40
30632605 61 71
175062 2 41
1004747 5 43
3670451 43 38
14336566 49 50
443181 2 51
49243 1 7
237729 60 1
485303 2 38
265965 10 5
565227 9 90
5082783 8 126
6507142 31 31
78039 13 1
7716669 26 42
4670218 18 36
5081053 8 111
2951010 18 23
3940561 4 120
215104 6 28
292591 3 17
1574185 17 14
161540 32 4
1834840 12 23
363037 3 21
188370 2 34
97959 1 53
4837697 64 21
224504 11 3
605676 5 47
4601363 13 60
562712 20 9
1643577 14 20
3733655 40 14
384251 9 17
4639685 19 44
14438192 79 24
2719217 6 55
18601 3 2
1407126 10 53
355021 2 23
7301 2 2
8832220 28 39
218573 1 28
9931916 17 120
36839 7 8
1510 1 1
10142192 94 21
1172932 25 32
131633 7 4
192117 6 5
407053 3 59
163116 4 8
345998 1 65
665129 26 20
8220778 26 51
8377076 11 123
35397283 63 114
85290 15 7
559300 4 22
5841077 45 86
22928 1 21
8418177 35 68
11189083 30 147
7179 1 1
2067049 11 51
2231191 30 36
4632799 16 92
229919 1 42
33925015 67 97
1929085 9 30
4894102 17 56
4130662 21 24
470074 13 13
4384904 53 36
13966660 36 51
673562 6 15
195470 15 3
489493 5 29
116995 9 14
326628 5 19
150505 7 6
9601852 55 32
2601713 43 11
24101 3 1
1510128 15 34
801044 3 112
3098097 6 133
2734587 30 69
330482 3 21
6467033 79 23
890562 4 45
698470 8 19
359446 38 2
162606 5 4
2519491 12 35
738861 3 78
2277436 5 85
17418646 47 45
12597727 28 55
849874 5 62
14512608 16 110
26472 16 2
35792 6 5
4674471 6 87
1951704 119 22
4141462 57 33
4079834 16 77
6048572 19 141
411566 1 59
7248283 80 40
85423 2 30
222815 2 49
128706 4 44
1341149 25 7
52245 2 5
4379959 58 52
127560 1 19
26772332 77 64
227541 5 41
2341547 5 65
26393 1 52
226286 1 38
190329 11 28
1065277 14 28
838142 7 59
7521705 25 68
21803 2 17
1373792 10 30
2433 1 3
1636806 57 45
1751943 5 73
4976423 27 31
197377 2 53
24370703 48 73
278368 2 16
1073381 8 60
12416978 21 125
3284186 6 70
39614945 95 66
181447 1 32
2546583 6 60
619156 8 17
241703 2 18
2735283 8 52
24371 1 19
90166 7 5
1159705 21 10
4438966 30 89
6550164 12 87
7213080 10 103
3857182 62 34
10383 1 2
541007 11 6
7863777 9 128
433389 2 35
482657 2 30
5330652 33 24
2102494 25 15
691608 2 56
733313 7 22
4467982 10 69
417162 15 5
4125865 23 31
2002316 32 48
237564 1 50
3071938 15 44
5055922 36 28
1589079 43 35
289433 3 16
276825 8 45
1380457 13 19
7270559 14 63
922282 3 97
689152 14 62
2923764 5 65
36495307 65 103
571283 4 106
38937788 106 62
4359147 37 57
1179958 35 4
1960282 8 38
887276 8 117
189006 3 32
918857 24 8
32207 1 57
2492480 7 71
161758 1 45
10071997 67 52
1400800 23 8
19827905 45 57
2808821 15 49
200315 2 17
2158127 10 27
102529 16 1
8396125 38 32
1362294 4 38
259940 3 17
470951 2 33
1252436 5 34
380910 22 30
2198502 14 35
5439721 35 42
1485928 14 20
5785758 25 29
36062 1 15
695124 6 56
17696367 31 87
2341250 30 13
971763 2 92
296974 2 33
642781 93 1
795582 1 99
172289 38 1
1479206 23 18
3250470 9 52
403134 5 9
491330 8 18
271886 1 97
19334 2 5
175668 5 5
24806575 100 75
174340 8 38
129885 8 3
1099347 14 12
12902082 47 45
2406944 6 73
4434857 11 74
17708311 29 81
274032 8 4
363554 11 43
129915 1 62
1264212 7 26
487047 3 29
480529 5 68
293878 11 19
6806 5 1
4434185 26 24
10591 1 2
2523408 9 42
627427 11 11
4518810 40 47
2953042 8 104
943243 17 7
411633 11 6
682499 12 44
1208487 14 16
679911 5 105
26029 5 2
9008145 19 104
21069645 49 79
38911 1 43
10518876 18 111
4185356 14 53
4525216 20 26
6285434 60 20
2496798 26 35
3327728 8 77
4296371 41 37
650452 3 30
364666 14 8
282432 15 11
143026 2 35
4119131 18 26
1719090 4 56
845588 16 11
2195272 14 44
3782548 11 40
850252 3 40
2876338 9 40
1694632 19 23
432142 31 3
1964009 58 32
110899 13 1
88912 5 8
2796067 44 11
7239085 27 55
3340486 29 18
1111511 6 41
5607961 17 59
488219 1 94
945374 9 19
389784 8 9
754696 2 80
374895 3 35
1131568 2 71
4214049 22 39
14556003 30 85
4165873 17 64
135392 6 43
8905428 26 57
588769 18 5
418355 3 24
135838 2 42
1160610 6 44
240737 10 6
351152 9 59
1924180 16 30
1619156 45 34
2904253 89 8
351551 20 35
1722535 31 16
3864831 19 91
270864 6 6
11422930 37 51
669990 11 17
178796 58 6
4048203 19 62
34591 2 16
16074204 39 63
744382 62 4
4505500 10 63
246949 1 34
8056590 28 35
35207657 66 69
11294064 69 29
4514261 30 30
6507527 48 37
906653 44 22
2459861 6 55
1585859 10 27
17317734 29 93
292139 3 15
982618 14 10
7761594 41 37
191546 28 1
2537145 6 55
961973 6 19
1176026 17 13
14664328 36 50
1403154 83 6
157907 12 12
2206137 54 6
22992847 74 42
26406 4 1
867761 11 45
436280 38 2
2616235 8 70
1120452 29 5
36657906 77 89
3603000 33 40
9717124 84 17
8310502 38 40
17147652 17 138
3614160 11 59
1352164 19 10
2148319 9 33
24684924 95 53
19693 1 5
12116848 76 49
1520186 49 9
3805428 6 118
397589 3 23
4918162 11 76
69895 2 32
1623550 9 39
13558 1 16
309131 1 40
432343 2 48
372615 13 6
496507 13 8
11583188 29 47
5318917 10 92
15264986 41 69
4328645 7 117
903807 6 17
11678690 35 50
902404 2 63
861862 16 10
2085887 15 60
32893289 47 121
3122242 15 49
833776 1 108
26355803 28 131
200169 20 16
6871 1 5
8560317 63 37
503142 7 8
2085374 46 8
1838873 4 120
270574 9 5
1641558 2 127
141203 5 58
6484021 44 36
