20 20
10001100100101101001
11000010110010000111
11010111110000100001
11011011100010111000
10111001001011111001
11101101101110000011
10101011000111000010
01111110011110110100
10001000000011000100
01101111010110100100
10001010010010001101
00010100000010001101
11101000101001100100
00011110001110100000
01010110100101010110
10001101101011111010
00111101001001011110
10010101001000111001
01101000110011110000
01101010010001111110
10001100100101101001
11000010110010000111
11010111110000100001
11011011100010111000
10111001001011111001
11101101101110000011
10101011000111000010
01111110011110110100
10001000000011000100
01101111010110100100
10001010010010001101
00010100000010001101
11101000101001100100
00011110001110100000
01010110100101010110
10001101101011111010
00111101001001011110
10010101001000111001
01010100110011110000
01101010010001111110
