10 500
10001110001110011101010001101010000111110101101111000100011110110101000010000110000110111000111101101110011000000011010110101001010101000110110000101000011001100110011000001101110010001101011011110001001111100100110000011110000100000100010001010010011011011000000110111101000010111010100100111100010100110111101110100111000100101111100000110001100111010000000111110110101010100111101101111101010011001000000010100010001110001000111111111011001011011001011111010101010011110011100100001111010100011111
00000010011001010100101100001111110011011111010011001010000111010010011101000001101101101110001000001011111101110000111000100011111011000100110110110010101110001001101101010000011000111000010110001011110010001101110011010011111010110111111000011001100111001100011000111111111001111010110010111011100010001111001100001000111000011010011000100001001001011001000101011111100110010110100000100100001110101110101111101101111101011100010100110001100010110100001000001110101100000001100111111111101010000011
01100111100011000101110000000110100100010001101011111111001011101111111111011010101001101100011110100001100001000000100010010101011011100000110111101100001001101000011011010101001111110010100010111011110000100110001001001000011010110110101010001101011010001001010001111011011111110010000000101111000100001100110111101101110001101011001111000000110110001011101000100100000100110101111010111011010100100110001010101000111011100110100110110110100011000000110111101100110001010011101001010001110000001000
00100110100110010011111111100100100011001010011010101010111101101100000101100101111111100000010110010010000010011100011001100111011000100100001101000110000010011101111100100000101010010111111001010110101011001100111100110010110111101000111001000110001001010001100100101000010001100000110010110101011101100101111100111110011001101001011011101111100000001001100000101010000111000000010110100111101010111100101101110101110001111000111001011100111101101101011111000100110000010110100010111001101100011011
00101010010100010000101101011100110111111001000011001011110100100111101001100111011110011001111100011111100101000100101011100110110011000010110100111010100111010011111110101001010101110111010110001001011011101011110101110101100100011111101000101110101101111100101000110011101010001101010001011111110111001111011111010010111101010111010011110001001000100010110101110111000000000111101100001010101110110100001010100000000000010100111111111010011011101101100010000111100011110000110000100101101110000011
00100101001000001010000000011101111100000111111001101100111001101111100111010010101011010111111000110100011110101000011001110010111101110001111000001001101100111010101011100100100001111001111010010111001111100000100000110001000101000011110110000001010000001011001001110111011011110000001100000000100111010101010010100011001100110101001011110010000101011101110110110001110110100111110000001010100100111111101000111111111001111100111010101001010101111001110100110011111010101110001111000010101111000101
11110110100000101010101011010010101110110110001110100000101100111000011111111000010110100010111011001010101011110101011000111011011110100011101111011101110111010100110111101011110000101111010101110100110010111010010001110100011101111100111111100100011001010101010100000111001011110011010000101001001010000101110101000000001101101010110101110110110101001101011110101000111100010010110000101111101101110011110111110110010101010000110001110101110100001001000001000000111101110111111011110010100100001110
10110001100111011000000010001000000000000010111111110101101100110110010011011000110110000011010001001110011111011000010010111111110001010000101001000111100001111111010111111010100011100000111010011001110111111110100100100001000111000010001100010001111111010001111011011111110110001110111100011110010001110011010011001011010100111110001000010011111010111001000111100100101100000101101001001011011001010010010011001111011010111011101100001010111000101000110011011101100011100010000111100100101011000011
10110010111000010011101011111000001000010110111100010010101100100100100111011101010011000010011001010011010101000011111111010110001000001010110111011000100111101000100010001101000100011000110101111110101111011010011110001011100100110001100101110001000011100010011010110101110110101100010010011010001001110100010100111111100000100000001010011000011010100110100001001010010100100001111110000001111010110100100101010011010110011110001010010000110011110101000100000100101101000001111111010100100100110010
01001000011101000001101100001111011101100011011010000111101010100110010111010101100011101011101110101111010000100101110011101011101010111011011101010000110100010110111011110100010110111101100010001100011000111100111001001000000110100100111001010001101101111000000011100001000000100011100000110111001111010010110111010010101101101010011001010101010010100000111110110110001011110000010010111001010000000101100100101001010010101100110101011111101101011010000111110000110001111000101000100101010011100100
10001110001110011101010001101010000111110101101111000100011110110101000010000110000110111000111101101110011000000011010110101001010101000110110000101000011001100110011000001101110010001101011011010001001111100100110000011110000100000100010001010010011011011000000110111101000010111010100100111100010100110111101110100111000100101111100000110001100111010000000111110110101010100111101101111101010011001000000010100010001110001000111111111011001011011001011111010101010011110011100100001111010100011111
00000010011001010100101100001111110011011111010011001010000111010010011101000001101101101110001000001011111101110000111000100011111011000100110110110010101110001001101101010000011000111000010110001011110010001101110011010011111010110111111000011001100111001100011000111111111001111010110010111011100010001111001100001000111000011010011000100001001001011001000101011111100110010110100000100100001110101110101111101101111101011100010100110001100010110100001000001110101100000001100111111111101010000011
01100111100011000101110000000110100100010001101011111111001011101111111111011010101001101100011110100001100001000000100010010101011011100000110111101100001001101000011011010101001111110010100010011011110000100110001001001000011010110110101010001101011010001001010001111011011111110010000000101111000100001100110111101101110001101011001111000000110110001011101000100100000100110101111010111011010100100110001010101000111011100110100110110110100011000000110111101100110001010011101001010001110000001000
00100110100110010011111111100100100011001010011010101010111101101100000101100101111111100000010110010010000010011100011001100111011000100100001101000110000010011101111100100000101010010111111001110110101011001100111100110010110111101000111001000110001001010001100100101000010001100000110010110101011101100101111100111110011001101001011011101111100000001001100000101010000111000000010110100111101010111100101101110101110001111000111001011100111101101101011111000100110000010110100010111001101100011011
00101010010100010000101101011100110111111001000011001011110100100111101001100111011110011001111100011111100101000100101011100110110011000010110100111010100111010011111110101001010101110111010110001001011011101011110101110101100100011111101000101110101101111100101000110011101010001101010001011111110111001111011111010010111101010111010011110001001000100010110101110111000000000111101100001010101110110100001010100000000000010100111111111010011011101101100010000111100011110000110000100101101110000011
00100101001000001010000000011101111100000111111001101100111001101111100111010010101011010111111000110100011110101000011001110010111101110001111000001001101100111010101011100100100001111001111010010111001111100000100000110001000101000011110110000001010000001011001001110111011011110000001100000000100111010101010010100011001100110101001011110010000101011101110110110001110110100111110000001010100100111111101000111111111001111100111010101001010101111001110100110011111010101110001111000010101111000101
11110110100000101010101011010010101110110110001110100000101100111000011111111000010110100010111011001010101011110101011000111011011110100011101111011101110111010100110111101011110000101111010101110100110010111010010001110100011101111100111111100100011001010101010100000111001011110011010000101001001010000101110101000000001101101010110101110110110101001101011110101000111100010010110000101111101101110011110111110110010101010000110001110101110100001001000001000000111101110111111011110010100100001110
10110001100111011000000010001000000000000010111111110101101100110110010011011000110110000011010001001110011111011000010010111111110001010000101001000111100001111111010111111010100011100000111010011001110111111110100100100001000111000010001100010001111111010001111011011111110110001110111100011110010001110011010011001011010100111110001000010011111010111001000111100100101100000101101001001011011001010010010011001111011010111011101100001010111000101000110011011101100011100010000111100100101011000011
10110010111000010011101011111000001000010110111100010010101100100100100111011101010011000010011001010011010101000011111111010110001000001010110111011000100111101000100010001101000100011000110101111110101111011010011110001011100100110001100101110001000011100010011010110101110110101100010010011010001001110100010100111111100000100000001010011000011010100110100001001010010100100001111110000001111010110100100101010011010110011110001010010000110011110101000100000100101101000001111111010100100100110010
01001000011101000001101100001111011101100011011010000111101010100110010111010101100011101011101110101111010000100101110011101011101010111011011101010000110100010110111011110100010110111101100010001100011000111100111001001000000110100100111001010001101101111000000011100001000000100011100000110111001111010010110111010010101101101010011001010101010010100000111110110110001011110000010010111001010000000101100100101001010010101100110101011111101101011010000111110000110001111000101000100101010011100100
