20 500
11010110010011101110111111001100001011110111001001010101001101101111000010100000101010110110001010110111101011001000000011111011000000110111000000000001111110011011010100000000110110110001001100011101100110101111100100110000011001110101011100011011000001100000001011110010011100100110001001001101010011001011001100100011011110011101001100011001011100000111100110011111110010100110110101001110110001010000110101100110000011000010110010001010100111101000101010001000001000011000100100111010000101011110
11101010011001111110111101000100010111011111010001010101111101110000101001100100001101010101000000011001111110110000101010110100101001111100111110010110101111100110000110100101100111111100001010110110100110100100111001111010000011011101111011001101010010010000101111011110110000100001011011011101100011000000000001000101010100010010110111101001101111010111110000011011101001110001011000111011011100010101110101000100101101000110100010101111001010010000100101011011001101101010011011000000001101001011
10001101000010011011010001011010010100100100111011100000111010011011000110101011101101110111111110000011101000101011011000010101111110000111001110011111011001110100100001100011010011111011001011010110000001100101100001100011010001011011110100110111111110010110011011100100010001110100111101000100000010111100011100101011111010010001111001000011001110000101100110101001110111010101001010110101011110101100001001101100111100101001011101100010100010101001010010101011011010011010001111010011001111010011
01011001010100101011111001101010101001100100110010001101011010000100111101000001000110000101000010100000100101011001111101001010101101111001100011100010111000110000111011101010100111101011000000011111001000011100000101011011000011100000100010000011000101111111101101111111011000100111100001111001111110010110110001110100011101010101000010011011101111110000100000101000001100010111000110101101001101101111110011110001001110010100000111000101001001101101100101101100000011001101001011100110000110111010
11000111101000001100101011101000010001111011011001010111001101100110001010111111010011111010000001100001100010011000010101101001110100010111111001100110010111100100101011100010100010011100010000101000111000010111100010010010100010000100111101011010111110101000010001000010101000011100101001000111011010000101100011011111101110010111010000111010111011101010101110011001110011000001111001011100100010101101001000011111010100011010000110010001000110101110011111111111110110010110100011011000110001110010
01110011010000110001100011111010011010001001011111011010001111110011011111101010111000001110011010000111101000010010010111110000100111000000010011011010001011001011011010001000011110111000000111010010010100101011100000001000101100101111001110000101101001010100101110011010010100000100111101101011110011001011011000011101001000110111111010111110111000110110100111101000100011001001010001001011001110100101111011110011111100001110100100011110001100000110110001001011100011100010110101110101001110100100
11010111000011100110001100110111110101001001111110110000111100011001101101011100111101110100100100011001101011001111010000110100111010000110010110011001010001010001001010010111110000101111011011111100101110000100110111011100010100100110100111100011101011100111111100110011100101101001111100011111001000010011101101011101111100000111110011101011110001000110111110001100010010111010110101110011010100110011000100111100001100010000101100001111111001011000001011101011111001110000001101110011001110101000
11110100011011111101111010000000001011011100011001100001011110110011011111110011111111000110101101100011101100011101101100110110001000011101111101010110101110110000101010101011011000010100001001111010011110110010010010010011100110111010100101101100011010101010011110100110110001000111101001000011010101110011111100001101010011010001100000111000100010101100100100000100111011001001101011100100100010001011111100010111000010110110010111011001000011110101110001001000001101001000100110111111110010010001
10110010011110000101001001101011010111111000111101011111001001110101010110001110011100010111000010111110011100100010011100010011011100101001111100101111110010111001000100011101100011001000000100110101110001001000100011111111100011100100000101101000110001101000110100111001101000111110000100111101100001011111100111111100111000100000101000111100010100110110110111101001011101001011011000111100010010111011011111010100011101010011100011010101001001000110011000111010111011111001101101000110001101100001
11100101111101010110111000000001110100111010111100011111010010011001010111100000100011011000001100001011011011101111010110010100100100001110101010111010011101101011010101111000011110101010100001000010110010001111011110110111011011100101101001100011010100011111001010000110000010011001000000100010010101110011010101001101110101100010111111010100001111101101011011010001110100000110000110010011100101010000000011000111101100110100001000000000010001111011100110000100110011010010111110000100100010011111
01001000111000101100100011100010100000111011000110001010100110100110101100011000101010000001010011001111000101111010011101000011110011011000111101100010101000101100101011001011111111011111101000110011000101010100001110100010001101001011010010011110101000010000101010110111100011111010011011001100011001101100111010010111000010010010100001010010001011001000000001110110001100100010110010110101010000010100010011010011001111000000011001000110011100001110010001100010011000011101000101101011101100100010
01101111010011001110101011011110110001101100010001001000101001010010001111110111001101011111000001101010100011111011110000010010001100001000110111000100101111111000100000001010110100011100001001010010000101101111111011011110111111111001111001000101011000010101001101111001101010111011111111011111101001101100111001110001001100110010100010000100001101001101110111000001100110100011111011000001001001111101011010101110011111011011111101001110101010101010110011110001001110101000010111001000101001101010
11001100011001011101111110000111011000011111111001110011010101010011010101010101010101000011100001100110010010111001110011111111001010010011010011100101110001001100011011100101011010001000000101000101011001111110110000001111011011110100011101110100000110011110010000001000111111010001001010011011010010001100101101011110011100100101100000110000001100000110000011101111100100001101001010011010111100000110111011111010110011010101101110010111010111100101110100001110011001100111010000111010010111011111
00001101001100000101100010100000001111001111111011101101011011011101001110101000010110011010111111011110101001101100001100001110110001111011100000000111111110101101010111110110100111011100110010110111100110100111000110110111010001111000010000110001000010111011111111111011000001111010010111000111110011110010101001000011001011000001000001011010110100000101000010110110011010000010010010011000011110111111111101100111011111110001001110000000110111110001111111111000011011000111000100011110101000101010
11010111010000010101111110100001001000101101001011100010110111111001011110110010100100111010100000001110101000010011000101011001001111011110011010101011111111011010111000001011001100100011111010001011010011101010000001010110100001101100010010000001100110100000100011100100100000111100101101111001111101101101010100100010010110001111011101000011111110011010010110011011110001110000001000000111100001111111100100111111110101011111011100011011100011111101111000001100101010001000011110001101001111110111
11100110001101111001000010111000011000010101000101001100110000000100101010110110010101010010000010110011001010001110011011101100011000000110110001001010100011010000001110101100010111001001100000010101111100101100100000100001000100011001011111101100100100000010000100000011101111101111100101011001011010100011001111101101000001100111101011111101011101011111000011111010101110011100111000000000111010110000001010001111111111100001010100100000000111000101011000001011100110111010111011110100101000011010
00110000010101000011000100010110010010011001011010000011010010011010000100001011011110011010011101001001000001110001000101010100001101111110001001101111010011111010101010010110000111111110001000010101100101101100011101111110111001110000110100101100011100101101010010011101111101101001011101011010001111001111100000101110011110010101100001110110101110100011011111000000011010000110000001111000000010011110111110111111100010011010011100011100101010001000101000001101100010100010110011001100100010100111
10000101001111010011111000101001001011011101100111100000111011111000101111000001111111001110000110100011110110001100101010010001010011001000001101111010011101000011011111110000111000001111000001100111010010011111100111001000100110011000001001111100110011011100111011000000111010001100011100111010010010000101111001100010001100000001100100011101011110100111111100110100100110011000000110001101110000010001011111011000001001110010001100011100101010110010110111111000011101110101110110001010101100111001
10111100011111101001010011101000010100101010000100000001100000101111101100100000000010000010000111001110110110111100100001001110011000011000110000010010000111010110111101110110111111111110011001010100001010011001100011000100010100110110101101011011011001110101110001001111010011110001110000111110010001110011101001110110101011000001110111111011100110100000110010111101010111001010000110101101110000100111010101100111001110001010100100001001010011110001010011001011000000101100111100001000101110010011
01100001100101011011100010111101001000010010111110001000001110110010011000011101001100110001010001001011010011111000011011101101111010110111000010011100010111000001010000110111111001100101001001110011010001000100010010011101110110011001101110111010010110101111100000000111110110111110100110010010110110101110111100100010011010000101111001000110000001000100010000111010110101001010010011010110101100101111010101100001110101111000010101001001111011100010100100100110001101000100110110010001011001101001
11010110010011101110111111001100001011110111001001010101001101101111000010100000101010110110001010110111101011001000000011111011000000110111000000000001111110011011010100000000110110110001001100011101100110101111100100110000011001110101011100011011000001100000001011110010011100100110001001001101010011001011001100100011011110011101001100011001011100000111100110011111110010100110110101001110110001010000110101100110000011000010110010001010100111101000101010001000001000011000100100111010000101011110
11101010011001111110111101000100010111011111010001010101111101110000101001100100001101010101000000011001111110110000101010110100101001111100111110010110101111100110000110100101100111111100001010110110100110100100111001111010000011011101111011001101010010010000101111011110110000100001011011011101100011000000000001000101010100010010110111101001101111010111110000011011101001110001011000111011011100010101110101000100101101000110100010101111001010010000100101011011001101101010011011000000001101001011
10001101000010011011010001011010010100100100111011100000111010011011000110101011101101110111111110000011101000101011011000010101111110000111001110011111011001110100100001100011010011111011001011010110000001100101100001100011010001011011110100110111111110010110011011100100010001110100111101000100000010111100011100101011111010010001111001000011001110000101100110101001110111010101001010110101011110101100001001101100111100101001011101100010100010101001010010101011011010011010001111010011001111010011
01011001010100101011111001101010101001100100110010001101011010000100111101000001000110000101000010100000100101011001111101001010101101111001100011100010111000110000111011101010100111101011000000011111001000011100000101011011000011100000100010000011000101111111101101111111011000100111100001111001111110010110110001110100011101010101000010011011101111110000100000101000001100010111000110101101001101101111110011110001001110010100000111000101001001101101100101101100000011001101001011100110000110111010
11000111101000001100101011101000010001111011011001010111001101100110001010111111010011111010000001100001100010011000010101101001110100010111111001100110010111100100101011100010100010011100010000101000111000010111100010010010100010000100111101011010111110101000010001000010101000011100101001000111011010000101100011011111101110010111010000111010111011101010101110011001110011000001111001011100100010101101001000011111010100011010000110010001000110101110011111111111110110010110100011011000110001110010
01110011010000110001100011111010011010001001011111011010001111110011011111101010111000001110011010000111101000010010010111110000100111000000010011011010001011001011011010001000011110111000000111010010010100101011100000001000101100101111001110000101101001010100101110011010010100000100111101101011110011001011011000011101001000110111111010111110111000110110100111101000100011001001010001001011001110100101111011110011111100001110100100011110001100000110110001001011100011100010110101110101001110100100
11010111000011100110001100110111110101001001111110110000111100011001101101011100111101110100100100011001101011001111010000110100111010000110010110011001010001010001001010010111110000101111011011111100101110000100110111011100010100100110100111100011101011100111111100110011100101101001111100011111001000010011101101011101111100000111110011101011110001000110111110001100010010111010110101110011010100110011000100111100001100010000101100001111111001011000001011101011111001110000001101110011001110101000
11110100011011111101111010000000001011011100011001100001011110110011011111110011111111000110101101100011101100011101101100110110001000011101111101010110101110110000101010101011011000010100001001111010011110110010010010010011100110111010100101101100011010101010011110100110110001000111101001000011010101110011111100001101010011010001100000111000100010101100100100000100111011001001101011100100100010001011111100010111000010110110010111011001000011110101110001001000001101001000100110111111110010010001
10110010011110000101001001101011010111111000111101011111001001110101010110001110011100010111000010111110011100100010011100010011011100101001111100101111110010111001000100011101100011001000000100110101110001001000100011111111100011100100000101101000110001101000110100111001101000111110000100111101100001011111100111111100111000100000101000111100010100110110110111101001011101001011011000111100010010111011011111010100011101010011100011010101001001000110011000111010111011111001101101000110001101100001
11100101111101010110111000000001110100111010111100011111010010011001010111100000100011011000001100001011011011101111010110010100100100001110101010111010011101101011010101111000011110101010100001000010110010001111011110110111011011100101101001100011010100011111001010000110000010011001000000100010010101110011010101001101110101100010111111010100001111101101011011010001110100000110000110010011100101010000000011000111101100110100001000000000010001111011100110000100110011010010111110000100100010011111
01001000111000101100100011100010100000111011000110001010100110100110101100011000101010000001010011001111000101111010011101000011110011011000111101100010101000101100101011001011111111011111101000110011000101010100001110100010001101001011010010011110101000010000101010110111100011111010011011001100011001101100111010010111000010010010100001010010001011001000000001110110001100100010110010110101010000010100010011010011001111000000011001000110011100001110010001100010011000011101000101101011101100100010
01101111010011001110101011011110110001101100010001001000101001010010001111110111001101011111000001101010100011111011110000010010001100001000110111000100101111111000100000001010110100011100001001010010000101101111111011011110111111111001111001000101011000010101001101111001101010111011111111011111101001101100111001110001001100110010100010000100001101001101110111000001100110100011111011000001001001111101011010101110011111011011111101001110101010101010110011110001001110101000010111001000101001101010
11001100011001011101111110000111011000011111111001110011010101010011010101010101010101000011100001100110010010111001110011111111001010010011010011100101110001001100011011100101011010001000000101000101011001111110110000001111011011110100011101110100000110011110010000001000111111010001001010011011010010001100101101011110011100100101100000110000001100000110000011101111100100001101001010011010111100000110111011111010110011010101101110010111010111100101110100001110011001100111010000111010010111011111
00001101001100000101100010100000001111001111111011101101011011011101001110101000010110011010111111011110101001101100001100001110110001111011100000000111111110101101010111110110100111011100110010110111100110100111000110110111010001111000010000110001000010111011111111111011000001111010010111000111110011110010101001000011001011000001000001011010110100000101000010110110011010000010010010011000011110111111111101100111011111110001001110000000110111110001111111111000011011000111000100011110101000101010
11010111010000010101111110100001001000101101001011100010110111111001011110110010100100111010100000001110101000010011000101011001001111011110011010101011111111011010111000001011001100100011111010001011010011001010000001010110100001101100010010000001100110100000100011100100100000111100101101111001111101101101010100100010010110001111011101000011111110011010010110011011110001110000001000000111100001111111100100111111110101011111011100011011100011111101111000001100101010001000011110001101001111110111
11100110001101111001000010111000011000010101000101001100110000000100101010110110010101010010000010110011001010001110011011101100011000000110110001001010100011010000001110101100010111001001100000010101111100001100100000100001000100011001011111101100100100000010000100000011101111101111100101011001011010100011001111101101000001100111101011111101011101011111000011111010101110011100111000000000111010110000001010001111111111100001010100100000000111000101011000001011100110111010111011110100101000011010
00110000010101000011000100010110010010011001011010000011010010011010000100001011011110011010011101001001000001110001000101010100001101111110001001101111010011111010101010010110000111111110001000010101100101101100011101111110111001110000110100101100011100101101010010011101111101101001011101011010001111001111100000101110011110010101100001110110101110100011011111000000011010000110000001111000000010011110111110111111100010011010011100011100101010001000101000001101100010100010110011001100100010100111
10000101001111010011111000101001001011011101100111100000111011111000101111000001111111001110000110100011110110001100101010010001010011001000001101111010011101000011011111110000111000001111000001100111010010011111100111001000100110011000001001111100110011011100111011000000111010001100011100111010010010000101111001100010001100000001100100011101011110100111111100110100100110011000000110001101110000010001011111011000001001110010001100011100101010110010110111111000011101110101110110001010101100111001
10111100011111101001010011101000010100101010000100000001100000101111101100100000000010000010000111001110110110111100100001001110011000011000110000010010000111010110111101110110111111111110011001010100001010011001100011000100010100110110101101011011011001110101110001001111010011110001110000111110010001110011101001110110101011000001110111111011100110100000110010111101010111001010000110101101110000100111010101100111001110001010100100001001010011110001010011001011000000101100111100001000101110010011
01100001100101011011100010111101001000010010111110001000001110110010011000011101001100110001010001001011010011111000011011101101111010110111000010011100010111000001010000110111111001100101001001110011010001000100010010011101110110011001101110111010010110101111100000000111110110111110100110010010110110101110111100100010011010000101111001000110000001000100010000111010110101001010010011010110101100101111010101100001110101111000010101001001111011100010100100100110001101000100110110010001011001101001
