500 50
11000001101010001011110111010001101010100001001100
00101111011001101000000110101001001111010001111011
01100000010000011101111100010100010110111111101011
10011011100101010111010001011110011101111111010010
11111101111001110101111011110011001101111011100101
11001110111011100111001110100111011110000101011000
00111001000111100000001011000010101001111000110111
01110110110011000101011000000110111100111100101111
01000000101000101100100101110100010011001010000000
01000111010101001110010110110111001011010000101100
10111010100110101011101001010001010101011000011110
01001111010000000010110010100110010101010010110110
11111010111001100001101010011110001111000100111111
00101001000101000110110101010001011101001110010001
11010001101111101101110010011000011011111001011101
01110010000000111100001011000000011011011000111000
00011101101111001011110111101101001111010101111011
00000111100010001001101110000110010001101101001101
11101001101011011010001011111100100000110001101000
01001010100101101000111100111011101001111100000101
11001010000111110101010110101110011110010011000000
10011110101000111111010110010001000011011011011100
10010110010000000011101011100111010001000010010111
00111100100000100100000110011011000110011011011001
00001100000110000100010000100110010100110100000000
00000001001001100000111111011011011101001101001100
11100000110011000000010110101100011011100111010010
11110011110110101010101010110011110010101000011110
10010011111111011110000011100000111110101010110011
11011100110111001100010100100011111001010011011111
11110111101010000000001101010111000110000001000110
11000010010100111010010000101001111111110101010111
11010001111100001010110000101111010000110000010111
00100100011101110111010000100000110100101000011000
10010000000001101000011011101110110010010000010110
10100110101011111011011011110110100110110111010111
01011111010111000100001001100000001100000001101011
00010001001001111101100111111101100100010110100010
11010110001100101011110001101001100011000110100001
11110111101111101011010111001010001010101010100010
11111101111011111010101010111010110000110111000010
00010101111011111101000010000101100000111111010100
01001011011000010010111101000011111010010110101001
00011001001111111011010100110000001101011101010001
10101101001101110000111100100101111001101011110110
10011010111100001010011000110011010101010101001100
10100011111001011001110100111111111010101100001101
01010011110100010101110111000001000011000010010000
01101111101111010100110111011111010101011010111100
11100011000100000010010110011011101000100100100110
01100000100011001100101111010110001011001010110100
10111001100110100010110010101000011111110101011000
11111110100110100001100110101100001111101010001011
10100001010010011100110101111001111111011010001111
11100111000011100000110010011000110101000001110110
10111011101010111010010100001001010100110011111010
01110111001011001000100101010110001110011100000100
11100110011100111001010010000001111001000010000110
01101001001100010101111111110010100010111001110101
01010100100000100010100011111101001101110110101000
00000101010100111110010011001101100110001011001000
00100001110111010110100010100101111001111100001000
01000101010001011010101101011011111100001011010111
00111111001101010111101011101011010001110100011001
11110101110000110000101101001011000010100110001000
01011101100010010011011101011010001110000001000001
01110100011011010110111101100010101111000100001010
00111110110011101011010010000100110001110101111010
10110111110010110001101110000001000011100001001001
01011111011001000111011001010010011100001011111110
11101100100000111110000111001100010000010010101000
00001101111111011101000011001010010110101000100110
00000110011111011100010001000001001001000111110010
01001011001011001010011100110010110010110111001001
01010101001110110010011101101011111101101000110111
11101100110011001010100111011100111011000111011110
10101011101110100010011110001011001000111000010011
10001100000110100100010011011100111101101110100011
01000010111011100101010101001111100101110010100100
00001001011010011000110110111100100100000101100000
00111010000001010011010100100011000111111110111110
01010010110000001110010111000101100111100101101001
10010100100111010100111101111100001011000001101011
00011000000000100010111110100010000100100111101100
01010111101001000110111001010100001111001001110001
01010100011010011101111001101111000011110001000100
11101010001010000111010000110111011011011011011000
01101100001010110000110100011111001101000101110110
01000010001111001011010110011001100101101100000101
00111010100101100011000001000011100001001011111110
11010000011000000111101001110001001011010110100011
10000010100110000101000010010111111111101000001111
01101001000111011100110111100010010111111101100010
01110000100000100111010101101100011011001111101111
00011000001001110000111001010001000100100100011001
11001011001011110110001001000011101001101110001110
11000110110001001110101000011010100111101101011100
01010010100100101001010001100100110111110000011111
01011001000111010100000010101010111111001010011000
01001101101001110100110000111111000010110010111101
11101100011010010111001001100110000110100001000011
10110001000100001110110101101111110110010001001100
11111100101110011111011001100101001111011100001110
11001000001100111001101101100001100110110100111000
01011000001100101001000011001001100010111001001001
10111001111110011100010100110101010100010101100010
00101110011011010000101111011100110011011000101001
01100010000001110000010010010000100101000000101100
00100100000011011111111010010010100111011000000111
01011111011110000110100110111101000110001111011010
00001110001001000000000110100000000101100110010111
11111010010010001010111010101110000101101100100010
10100101110001000010001011011110111101111111011110
11101011111110000001110001110011101001100011110110
00100111011100000011010101000100110100001100100101
11010001100100101100001001000011110010100100111101
10100110101010100101111110001100111010000110000010
01110111110111101010011111010100011100001011101100
11000100100100011111111001110101001111101111000110
10100111011001000010011001011110100110111000100001
01011111000101100001101101001011100011111101010110
00000010000010010110001000101001011010000101101110
11011010000110011111100111101000111010000010111000
10001011001111001110110011101011011110001010110001
00110000100010101100110011101110101011001000010101
11011000000101011101101101011100000000000000001110
10001001110111011001100110101000001111000101001101
01100001101101010101100100111001110000110101000111
01100100010001001011110100011101011111110101001000
11010010110100101010101110100111010111110101011110
01010110011100001100000110001011111110110100101011
00101101101010000111010011001110110001011100001010
11101011110010110100110100110011101001110101110011
00001000100001011100001011001111110000011001100011
00110100111010110110100111101111101111001100001010
10111011000101010100010010000011001000110100001000
10110111111011001100001011100101100111000111111001
10001100101010011100101000011010110000010111110000
00100100011110000000011100110111101011001110100101
10000001110100110100110001001110111101010100101110
10110111000101111111010101110010011000100101110001
10101110000000111100000011101110100110100000011101
00000111100100111110110111000000100111111100111000
11110000011010001010110111000101010111110001001001
01000101100110011101001000110100101111001010111000
11011010010011100011101000001000101110111111001111
00110000011010011111010001010100101001000100001100
00110101100100110110110110001010001101011001000011
11110010100001010000110001011100011100111011111101
11111101001101000000110011000011100101001111101100
10110000000010001011101010011111100111011011001100
11000100011100010100010001010011011011011011010000
00010000001101111011101010100101000010110000110011
11111011010100101000110011111100011100000110111011
01001010101011101111010110000001101001001000111010
01100001111100110000000000110010101011100010000000
00010110010000010101111011111101000011001101100100
01110101010000111001010001100110001011100001010100
10011010111001010011011000001010010111100000010011
11011111101010111101101011111001100011011110111101
01011110000011010000101001100110111000101100110110
10000110111010011010101110011110101010000101000110
10001110001011001101100100001100111000010011111000
11010000111100011111011110000001111111000100001110
01000100110001111001110110111110010100101000111010
10101001100100001101101100011110000111001011101011
10101111100000110000011000010100100011101110001001
00010010101100100101111011001011111110000100011001
00010001011000110100101111100110111011100000110100
10001100100001011100101100101100110100100100101001
11101000011111010001001110100101111011000111011011
00111010110111001001000101011101110001111100000100
00101111011000111100011011100100010100101001000111
10000011011011000001111100111101101101100010110110
10100101000011101110000101000101010000110011100001
00101111100110010100000101000010011100000010101111
11010010010110001111110011010100001100101001001010
10011101011111100010000010110010111010111000000001
00001110010011111011001001000000101010001001010101
00100111111100110110101111010001011100000110011000
11000010111001110000000100010011111110010110000100
10010010101010110110011101100000001001111010001011
01010010010010011000110010111001001010011001100010
00101000110110001101010001101001011101111010010100
10111000010100010001011110011010011111110100011010
11110110000011100000101011101001000011111110001101
10100001111101100011010111000011011011101101010001
10001011010000111010101110010010010011100100011110
10011010110011011100100100001000011010000011111001
10011010000100000100101000111000001110110100000011
11101101011111100000001011110001101111001110001011
01001110011100111011000100011111011101000111100111
01111011100000111101010100001101010110010010010000
10100100011001111111010100000100100110111011010101
00101110111110110111000000101101110001010100001011
11111110001000101111011011011100110011110010100011
11001010101110011100000101101011101101111000101000
00000101110101100111000011001001111101011001011000
00100011001110001000110000101001011110000111011111
10000100110100111011011101000110000010000010100011
01111101101101101010010111010110001111111000110011
01010000101000011000100101000100001000100001010011
00111101100110000001010100000111100010111100100111
11010010001010010011100101011100001100100101110010
10001111000001010001000100000101111001001000101101
10011011010111000010010010001000000001101010110110
11101001011000000011101001010110100000001111111101
11101011101000000000010111101110010110100000000000
10110001110010101000000000001000111101011010010110
00000011001000011001111001101111111100000010011010
10110100011100001000110010110010001001001111111100
11111010100000110101110010101100011100110100111000
11111010100100110101001010100101001100011011001011
01110011101111101011101011000110111110000100110011
11101110111110001110011010100111011101110100100101
10100011010010100111000100101100110111101100010000
10001001010010111110100100000001001001110111111100
11010010010110100001101000111111010010011000101101
11101101000111011110110111101110010000110101011000
01101100110110010011101011101111100010011000101100
10000011010101001100010011001110110111000011011110
11100110101000001101100110011111101110111111110110
00001000101010001001110011010111111110100001111011
10110010111001100101101010101010000001110011111101
01101000010100001010010100011000010110010010110011
01001101000100001001100001101111001110110100110010
00101110001110101000001000101011101010010011001110
01011101111000010011111001110010100010101111110011
11001010110101100001010100100011111110101011101101
11010011010101010110010101001010101001110101110100
10110110100100110101011100001001110111101111101101
10001001110101110001000010001000100010000010101100
01001101000001011111111100111011110010110111010011
10111111011000100011111001001101110101000101101100
00010010101111010010011100101101101010000010111110
11000001011100110011001100011100100100111001011100
00010010000001000001111100111101100111011011111111
11000001010000001111001110000011111100101100100100
00000000000011111110101101010010010011101101110011
00110000100010111100101110010100010010001000001110
10011111001001101111101001011110111001101001100011
10100100011010110000010100100010000110101101110010
00101100010110011101110101101001010110111100000100
01101000010111010110011111111111110010011000111001
01010111101010110010010010110000101110000110101111
11001101001000011001001100000111011101011111101001
00110010011111000001110110100110101101100011110000
11110011000100001011111011011010101011111011011110
00001111001100110000010110001110010101001111100011
01000100011111010000011101111001101101100110011110
11110001110101111100101000101000111111100110011101
00010010000010001100001110001101101100111010010110
01110011010001010100010110111001111110011000101011
01001100110111000101001001111011011111100111011000
10011000110000011100101001110111110010011111110100
11111100001001101110001100101111100010111011111100
10101100100011011110101010111110100111111110001010
00111000110101100110001100110100110010111101010101
10000001000010110011100101100111011000100001010011
01000011011101101100100100001101001101000111001111
00101111001011000011000111000110001100100001101001
10111001011111100101101111111100111110011100011111
00000111001000111010101110101011011010010100110101
11001100110010001111010001000011110000010001101010
11010000010101100110111100110001100100101110100101
11000001001010010001011110001010101101000101101101
10000000010111100000001110100011001001000011110110
11000110010100111101100111011110011110111101100010
01000110101011000101010000000000100110100011111001
10000001001010011010000111011001011111001100110011
01101111010000111101110101001111111001100100001111
10011010001000110100101101111000011010001101010001
01100010100001101001010000111101011111111110000100
01011011100101110001100001000101000111000100011010
11011000011001100011010010110111010111110010100001
11111011110000101011111111111010101000101101101101
00011000110011000101111100101011011111111010101111
10101101101011000101011011000101111000100001100100
10100010101110011010011100100101011001111000101000
01110001001111001010101110100010100100010101001011
00110011111000001100001010000110010011101101111101
10100000000010110001110100011000010011101100111110
00110010101001100111110111010110001000000100111100
01100110010110110010000001110000110001000011010010
11011000000000100010011001110011110010010110110111
11001000100011111110011010111000101101101000101110
11101000110110101110100000011110000000011100111010
00110110101000100100111110100011000111101111101111
10010111001111110000111000011100001011111000111001
01011011100100100011001001011001100001111101011010
01010000110101101110001001110100001010001000110010
01000011010011011110000000110011011000100001100001
00010011110000010001001010001011010001011001001001
10110010001001100100110100110101110100100000001011
00001000001010001001001111101011111011111001101001
10111000001110010001100111101111000110010110111111
11110000011101001111010111100001110000000100101010
11111100100100100110111110100001000110101101111100
11111110101011000101110100001001000111101001101111
01110111101011010110100010001000111100000000101010
00100001101100011010010011011111000010100010011010
00000111010000001110111001111101101111000100101000
11100111110101101011010010100101001011000010000111
01010011010110101011111001100001100101010001110011
10101100100111011001110101001000010100111110110010
11110001011011101100110001101000100000100011101000
11111100110010010001001110011010101001010011011011
10101011101000110100001011100111100011001111000010
11001111010111011101111001001100100010111110011001
11000010010011001001110001111110111100101111011011
11011001010101010010111000110101000111010100001111
10000001100110100010111100011100100101011101101100
00111111100101010001010001011111110000010011010010
11110010101110011011001111010111101100100111110010
11010100000101110011010100000100101111010000101100
00111111110011001001101000011011000111001000011111
00110110000110101011000110001111100011011100110110
01000100111001001111000010111011000010110010101010
00100000110110111010110100110010001101101110001100
10011010100001110111100000011110110011001010101110
01011010111110010010000100101100011110111001000001
01010010001101010100010001111100001110110001100100
10001010101000011110100111010000000101101100101001
01100010110111110000001000010000110011010100001000
00010010111010110101010010000001000000101001010101
00001101100010001100110100011101101011000001011101
11110100011011001101001010111101010010110001101101
00100100011000010111010001100111111101100101100111
10110101110101011000001010110011000110011101000100
00110001000110111010111101111111100010110101010110
11100100011001001110010010111111001001000000111000
01101001000110000001001110000000111101001010011011
10101001001011000010010110100010010111001000100100
10110011111010101110100111010011100111000100100111
10111001000111010100101101100011010010110111010000
01000110110101001100100010111111011000001111011101
11111000111001000000001111010100001001000001101111
01111111010011011101111101010100000111110110001111
10001011100001000111001101111000010010110010111100
10001011101000110011111010100111111100011111100111
10001010010101110110000001001100000101110100111101
01101111001001010101011010011001111011011110011001
10001001101111011101010110100100000101011100011001
11100001111111110000111000110111001100011100001000
01101100100010011010001000010011011101011010011000
00010011001111001111001001101101111010110011011100
01011100100111001010111011000010111001111111011010
01011101100001010011000110010011110001001000101110
01100010110101010100110111011111000011000111000010
00101101010100000111100110111011000110111111010001
11110001111001101000011111010001101001100100011101
10111001101100110000001001011010001100010100101001
00110000110000011011100000000010011011101111010100
11011011011011100001010100100101000010111111001001
11000001100111001100011000000110000000011010110000
10000001010010010010001110011000000101010011010011
11000100010011000110010100000111111100011011101110
11110110101010010010100110101001110100110001100101
10011110010001000001001000001000000111110100001001
10010010011011011010110100111000001101110011001100
11111100010111110001100010001000000110101010101101
01100100111001000101111010111100100111100000100100
11100111000001010100000010111100011000100011110010
01001100101100010110100011011111010110000111110000
00000110011101001111110000010010010101100111011110
00011011111010111100111000011100101000101100101011
01001001010010000000011110100000100110010111110110
10001100000010011101000111011000001111110111100010
00001000110110101100001011011101100100101110111001
00110000100111010011000011101111101001011011010010
00000101110011001010010100001101111101001000010111
11000000110101001111100100001001101011001011001111
00101000000011101010000100111000000001001010100101
10011001111010000010000101100111111111010110110111
11111110110011000110010111011100110001010001001010
10011100111100100111111111100011010000010110000011
10011100001111011001001101101011110010111000100100
00011000001110010111001011010110110110110001000100
00001111010110011100001001100101111000011000010100
01011000111101011111000000100000111011100000101110
01000111111010101010100100101101010001010111001110
10011110101100000010010100011110101011001011001000
10110110001000010100100010011110111100110010011000
11011100011010100101000100011010111111110011001001
00100100111010011100010001001011111100111001100010
11111000000111010110000011010101110011011110011100
11111010011000101111000111100111000001000100001110
01111000001110110010011101110011100000010001000001
00111110010100000001101011001011000011011111110110
01111001011001011000111010111110001110011110001001
01110011100000101001110111101101010011001000110010
01100111100110011101101000101101011001101111100011
11111110101111011100111001011001110001010001100110
10011001111100000001101110001101000110001000000110
00010010011001100001011011100000011011010010100000
11101110100101001110010011011110000110000000100101
10010101000100011111010011000011100111001011010011
11011011010111110101111010010111011110011010100010
10001101000100111011000111111110111001110100111000
00001110011011101001100100110110110010011010111011
10101100001110010111101010100010000010010001001100
01111011011110110010100111100110001000101011000000
11010101001101111110111001000001100101001110101011
10000010010101110100110011011100100100101110011001
10010001110100101101100101011000001101011001011000
10011001101100101011101010110011010111001111101001
10110111011101000110100001010101100111010000101010
00100100001110101010100101111000010000000010000001
01100011111111011000100000100100110110111000011111
10011000101110010011101101001010010100110101101100
01101111101110011011110111001001011111001010001100
00001101110100101011001011001011010000111101111010
00110010000111011010100001110100111110110110011101
01101111110111010111000101110100000010101111010001
11110101110111101100111101001100011010001010110000
01010001110110010110101100011011111001111100101100
01010110000100110101010001010000001011111111100111
01001011000000000011101000000110001100100101111110
10001001101011001100111000111010010101111010100011
00010011111010101110000010010101100000111110110001
11011111000111111011100111011010110001101110110011
10011101000101000001111000100010111000010000111111
10001000001000100000100100011000010110001101111111
00100000100001110010001000010110000001001101010010
10000010010110110000011011110011001100101110110110
01011110010001010001111000100000101010001101001001
11000011010111100110101101111101101110011000001010
00001010111100011100010100110011011100111011111001
00011010100010001000101010100111000101001000100001
10100000101011011111101110011000010100110010001110
00111001110010111110011011010110101001000001010011
01111001100101100010000010100011000111101110110111
11111110101011110001001000101010111000010111001101
01111110100101011001101001110101000110110101000100
11101110000010010011101111111100010101001000010011
00111000011011110110100111011101100001000100011100
11101011101100101011001101010100010111101011010111
11100111100100000111101001101010010001111101001010
10101110101001101001110010000011001111001100000100
01011110100010010100111011000001100111111111100110
11101111101110011100001011010110000110000101000110
00010100011110011110011001001111110111110111110000
00100010000111101010111000101001001101101101111010
00101100110011000011011000110010100011000101000001
11001001101010010101010000100101000010101010111110
01101100000000000101010111010111001010010010100111
11010001100011011111110001000011100000111110011100
11010000000000000011100001100101100100111011011010
10010101110101010010100010110011000011100010111001
01100101000110111000000010100110110100000011110011
00110011111010111111110101001111110111100011000101
01000010100001101100100000101101000111100100100010
00101100111101000100101100100010100010001100000110
10001011111000000110101100111010000001111011111100
00111111001000010001011100100100111111011110111101
00101100100001100010000101111111101010110111001110
11010111000111110111010100111011100011111011100111
01000110000010000111011101000111111100111010010000
10110100101010110011101011111111100110100100101100
11101000111100100101110010001000111011010101111100
10110010010011001111000011001000011011010001100011
10110010101101110000001000001110110011001101110111
11101111101100000111000011100010000101111000000100
00000001001101111100100100001001010010110001010110
10011011111101001100011001000101110011000101101000
10101111110101001011001010100101111000111111011011
10100001010100000100001110110001010110011100110100
10010011111100001111000101001010011010101110110001
11000010100010101110101100010100000011000001011100
00111101000100100000000011000010000110100111001011
11110000110011010111101011101000110100111011110100
10000111101111110110010101000001001110011000111100
10111101010000101000110011100010001000101101011100
11111101111011101101110110100101001011100011100110
00001110111000010111111010011111110101100100100111
00011111011000101011010001000110111010011110110110
01101111110011000100001000101001101010111110010001
01111100110011001110001011110000110000001000101010
00010101101110110110100111101101100101011000011110
10100011010001010001111001110000110111010111010100
01111101111110011100011101000000011110001010011001
00011001010010011110100000110100111010101100101110
10010011100001101001010110111110101000100001111111
00001100011011001010010000111101101000001001101010
01010011000011101100100011001111110111011100011001
01101010101010101010011011101101011000010110000101
10000001010011001011110010010011110110101100001100
01111111010111110011001111101001110100011000111000
10101001011000111010100110100111100100001101110111
10010111110011010010001011000111010000101100011110
10010000000110110111110010111011000100100111100100
01101010101111110110111001110111001000001110100111
10110101000111111011001110111001010010010010101000
00111010100110111011101001111111000101010011101000
11000011110100110000100001011010001000101110001001
00000001111001011110110010000110110110000010111100
11111010011010101100100001010000011101100000000010
00101111101101011000111111111011101001111001000111
10001101011110000011100110101010011001100011110111
10011111101000110101111100000001000011111011011001
11000001101010001011110111010001101010100001001100
00101111011001101000000110101001001111010001111011
01100000010000011101111100010100010110111111101011
10011011100101010111010001011110011101111111010010
11111101111001110101111011110011001101111011100101
11001110111011100111001110100111011110000101011000
00111001000111100000001011000010101001111000110111
01110110110011000101011000000110111100111100101111
01000000101000101100100101110100010011001010000000
01000111010101001110010110110111001011010000101100
10111010100110101011101001010001010101011000011110
01001111010000000010110010100110010101010010110110
11111010111001100001101010011110001111000100111111
00101001000101000110110101010001011101001110010001
11010001101111101101110010011000011011111001011101
01110010000000111100001011000000011011011000111000
00011101101111001011110111101101001111010101111011
00000111100010001001101110000110010001101101001101
11101001101011011010001011111100100000110001101000
01001010100101101000111100111011101001111100000101
11001010000111110101010110101110011110010011000000
10011110101000111111010110010001000011011011011100
10010110010000000011101011100111010001000010010111
00111100100000100100000110011011000110011011011001
00001100000110000100010000100110010100110100000000
00000001001001100000111111011011011101001101001100
11100000110011000000010110101100011011100111010010
11110011110110101010101010110011110010101000011110
10010011111111011110000011100000111110101010110011
11011100110111001100010100100011111001010011011111
11110111101010000000001101010111000110000001000110
10000010010100111010010000101001111111110101010111
11010001111100001010110000101111010000110000010111
00100100011101110111010000100000110100101000011000
11010000000001101000011011101110110010010000010110
10100110101011111011011011110110100110110111010111
01011111010111000100001001100000001100000001101011
00010001001001111101100111111101100100010110100010
11010110001100101011110001101001100011000110100001
11110111101111101011010111001010001010101010100010
11111101111011111010101010111010110000110111000010
00010101111011111101000010000101100000111111010100
01001011011000010010111101000011111010010110101001
00011001001111111011010100110000001101011101010001
10101101001101110000111100100101111001101011110110
10011010111100001010011000110011010101010101001100
10100011111001011001110100111111111010101100001101
01010011110100010101110111000001000011000010010000
01101111101111010100110111011111010101011010111100
11100011000100000010010110011011101000100100100110
01100000100011001100101111010110001011001010110100
10111001100110100010110010101000011111110101011000
11111110100110100001100110101100001111101010001011
10100001010010011100110101111001111111011010001111
11100111000011100000110010011000110101000001110110
10111011101010111010010100001001010100110011111010
01110111001011001000100101010110001110011100000100
11100110011100111001010010000001111001000010000110
01101001001100010101111111110010100010111001110101
01010100100000100010100011111101001101110110101000
00000101010100111110010011001101100110001011001000
00100001110111010110100010100101111001111100001000
01000101010001011010101101011011111100001011010111
00111111001101010111101011101011010001110100011001
11110101110000110000101101001011000010100110001000
01011101100010010011011101011010001110000001000001
01110100011011010110111101100010101111000100001010
00111110110011101011010010000100110001110101111010
10110111110010110001101110000001000011100001001001
01011111011001000111011001010010011100001011111110
11101100100000111110000111001100010000010010101000
00001101111111011101000011001010010110101000100110
00000110011111011100010001000001001001000111110010
01001011001011001010011100110010110010110111001001
01010101001110110010011101101011111101101000110111
11101100110011001010100111011100111011000111011110
10101011101110100010011110001011001000111000010011
10001100000110100100010011011100111101101110100011
01000010111011100101010101001111100101110010100100
00001001011010011000110110111100100100000101100000
00111010000001010011010100100011000111111110111110
01010010110000001110010111000101100111100101101001
10010100100111010100111101111100001011000001101011
00011000000000100010111110100010000100100111101100
01010111101001000110111001010100001111001001110001
01010100011010011101111001101111000011110001000100
11101010001010000111010000110111011011011011011000
01101100001010110000110100011111001101000101110110
01000010001111001011010110011001100101101100000101
00111010100101100011000001000011100001001011111110
11010000011000000111101001110001001011010110100011
10000010100110000101000010010111111111101000001111
01101001000111011100110111100010010111111101100010
01110000100000100111010101101100011011001111101111
00011000001001110000111001010001000100100100011001
11001011001011110110001001000011101001101110001110
11000110110001001110101000011010100111101101011100
01010010100100101001010001100100110111110000011111
01011001000111010100000010101010111111001010011000
01001101101001110100110000111111000010110010111101
11101100011010010111001001100110000110100001000011
10110001000100001110110101101111110110010001001100
11111100101110011111011001100101001111011100001110
11001000001100111001101101100001100110110100111000
01011000001100101001000011001001100010111001001001
10111001111110011100010100110101010100010101100010
00101110011011010000101111011100110011011000101001
01100010000001110000010010010000100101000000101100
00100100000011011111111010010010100111011000000111
01011111011110000110100110111101000110001111011010
00001110001001000000000110100000000101100110010111
11111010010010001010111010101110000101101100100010
10100101110001000010001011011110111101111111011110
11101011111110000001110001110011101001100011110110
00100111011100000011010101000100110100001100100101
11010001100100101100001001000011110010100100111101
10100110101010100101111110001100111010000110000010
01110111110111101010011111010100011100001011101100
11000100100100011111111001110101001111101111000110
10100111011001000010011001011110100110111000100001
01011111000101100001101101001011100011111101010110
00000010000010010110001000101001011010000101101110
11011010000110011111100111101000111010000010111000
10001011001111001110110011101011011110001010110001
00110000100010101100110011101110101011001000010101
11011000000101011101101101011100000000000000001110
10001001110111011001100110101000001111000101001101
01100001101101010101100100111001110000110101000111
01100100010001001011110100011101011111110101001000
11010010110100101010101110100111010111110101011110
01010110011100001100000110001011111110110100101011
00101101101010000111010011001110110001011100001010
11101011110010110100110100110011101001110101110011
00001000100001011100001011001111110000011001100011
00110100111010110110100111101111101111001100001010
10111011000101010100010010000011001000110100001000
10110111111011001100001011100101100111000111111001
10001100101010011100101000011010110000010111110000
00100100011110000000011100110111101011001110100101
10000001110100110100110001001110111101010100101110
10110111000101111111010101110010011000100101110001
10101110000000111100000011101110100110100000011101
00000111100100111110110111000000100111111100111000
11110000011010001010110111000101010111110001001001
01000101100110011101001000110100101111001010111000
11011010010011100011101000001000101110111111001111
00110000011010011111010001010100101001000100001100
00110101100100110110110110001010001101011001000011
11110010100001010000110001011100011100111011111101
11111101001101000000110011000011100101001111101100
10110000000010001011101010011111100111011011001100
11000100011100010100010001010011011011011011010000
00010000001101111011101010100101000010110000110011
11111011010100101000110011111100011100000110111011
01001010101011101111010110000001101001001000111010
01100001111100110000000000110010101011100010000000
00010110010000010101111011111101000011001101100100
01110101010000111001010001100110001011100001010100
10011010111001010011011000001010010111100000010011
11011111101010111101101011111001100011011110111101
01011110000011010000101001100110111000101100110110
10000110111010011010101110011110101010000101000110
10001110001011001101100100001100111000010011111000
11010000111100011111011110000001111111000100001110
01000100110001111001110110111110010100101000111010
10101001100100001101101100011110000111001011101011
10101111100000110000011000010100100011101110001001
00010010101100100101111011001011111110000100011001
00010001011000110100101111100110111011100000110100
10001100100001011100101100101100110100100100101001
11101000011111010001001110100101111011000111011011
00111010110111001001000101011101110001111100000100
00101111011000111100011011100100010100101001000111
10000011011011000001111100111101101101100010110110
10100101000011101110000101000101010000110011100001
00101111100110010100000101000010011100000010101111
11010010010110001111110011010100001100101001001010
10011101011111100010000010110010111010111000000001
00001110010011111011001001000000101010001001010101
00100111111100110110101111010001011100000110011000
11000010111001110000000100010011111110010110000100
10010010101010110110011101100000001001111010001011
01010010010010011000110010111001001010011001100010
00101000110110001101010001101001011101111010010100
10111000010100010001011110011010011111110100011010
11110110000011100000101011101001000011111110001101
10100001111101100011010111000011011011101101010001
10001011010000111010101110010010010011100100011110
10011010110011011100100100001000011010000011111001
10011010000100000100101000111000001110110100000011
11101101011111100000001011110001101111001110001011
01001110011100111011000100011111011101000111100111
01111011100000111101010100001101010110010010010000
10100100011001111111010100000100100110111011010101
00101110111110110111000000101101110001010100001011
11111110001000101111011011011100110011110010100011
11001010101110011100000101101011101101111000101000
00000101110101100111000011001001111101011001011000
00100011001110001000110000101001011110000111011111
10000100110100111011011101000110000010000010100011
01111101101101101010010111010110001111111000110011
01010000101000011000100101000100001000100001010011
00111101100110000001010100000111100010111100100111
11010010001010010011100101011100001100100101110010
10001111000001010001000100000101111001001000101101
10011011010111000010010010001000000001101010110110
11101001011000000011101001010110100000001111111101
11101011101000000000010111101110010110100000000000
10110001110010101000000000001000111101011010010110
00000011001000011001111001101111111100000010011010
10110100011100001000110010110010001001001111111100
11111010100000110101110010101100011100110100111000
11111010100100110101001010100101001100011011001011
01110011101111101011101011000110111110000100110011
11101110111110001110011010100111011101110100100101
10100011010010100111000100101100110111101100010000
10001001010010111110100100000001001001110111111100
11010010010110100001101000111111010010011000101101
11101101000111011110110111101110010000110101011000
01101100110110010011101011101111100010011000101100
10000011010101001100010011001110110111000011011110
11100110101000001101100110011111101110111111110110
00001000101010001001110011010111111110100001111011
10110010111001100101101010101010000001110011111101
01101000010100001010010100011000010110010010110011
01001101000100001001100001101111001110110100110010
00101110001110101000001000101011101010010011001110
01011101111000010011111001110010100010101111110011
11001010110101100001010100100011111110101011101101
11010011010101010110010101001010101001110101110100
10110110100100110101011100001001110111101111101101
10001001110101110001000010001000100010000010101100
01001101000001011111111100111011110010110111010011
10111111011000100011111001001101110101000101101100
00010010101111010010011100101101101010000010111110
11000001011100110011001100011100100100111001011100
00010010000001000001111100111101100111011011111111
11000001010000001111001110000011111100101100100100
00000000000011111110101101010010010011101101110011
00110000100010111100101110010100010010001000001110
10011111001001101111101001011110111001101001100011
10100100011010110000010100100010000110101101110010
00101100010110011101110101101001010110111100000100
01101000010111010110011111111111110010011000111001
01010111101010110010010010110000101110000110101111
11001101001000011001001100000111011101011111101001
00110010011111000001110110100110101101100011110000
11110011000100001011111011011010101011111011011110
00001111001100110000010110001110010101001111100011
01000100011111010000011101111001101101100110011110
11110001110101111100101000101000111111100110011101
00010010000010001100001110001101101100111010010110
01110011010001010100010110111001111110011000101011
01001100110111000101001001111011011111100111011000
10011000110000011100101001110111110010011111110100
11111100001001101110001100101111100010111011111100
10101100100011011110101010111110100111111110001010
00111000110101100110001100110100110010111101010101
10000001000010110011100101100111011000100001010011
01000011011101101100100100001101001101000111001111
00101111001011000011000111000110001100100001101001
10111001011111100101101111111100111110011100011111
00000111001000111010101110101011011010010100110101
11001100110010001111010001000011110000010001101010
11010000010101100110111100110001100100101110100101
11000001001010010001011110001010101101000101101101
10000000010111100000001110100011001001000011110110
11000110010100111101100111011110011110111101100010
01000110101011000101010000000000100110100011111001
10000001001010011010000111011001011111001100110011
01101111010000111101110101001111111001100100001111
10011010001000110100101101111000011010001101010001
01100010100001101001010000111101011111111110000100
01011011100101110001100001000101000111000100011010
11011000011001100011010010110111010111110010100001
11111011110000101011111111111010101000101101101101
00011000110011000101111100101011011111111010101111
10101101101011000101011011000101111000100001100100
10100010101110011010011100100101011001111000101000
01110001001111001010101110100010100100010101001011
00110011111000001100001010000110010011101101111101
10100000000010110001110100011000010011101100111110
00110010101001100111110111010110001000000100111100
01100110010110110010000001110000110001000011010010
11011000000000100010011001110011110010010110110111
11001000100011111110011010111000101101101000101110
11101000110110101110100000011110000000011100111010
00110110101000100100111110100011000111101111101111
10010111001111110000111000011100001011111000111001
01011011100100100011001001011001100001111101011010
01010000110101101110001001110100001010001000110010
01000011010011011110000000110011011000100001100001
00010011110000010001001010001011010001011001001001
10110010001001100100110100110101110100100000001011
00001000001010001001001111101011111011111001101001
10111000001110010001100111101111000110010110111111
11110000011101001111010111100001110000000100101010
11111100100100100110111110100001000110101101111100
11111110101011000101110100001001000111101001101111
01110111101011010110100010001000111100000000101010
00100001101100011010010011011111000010100010011010
00000111010000001110111001111101101111000100101000
11100111110101101011010010100101001011000010000111
01010011010110101011111001100001100101010001110011
10101100100111011001110101001000010100111110110010
11110001011011101100110001101000100000100011101000
11111100110010010001001110011010101001010011011011
10101011101000110100001011100111100011001111000010
11001111010111011101111001001100100010111110011001
11000010010011001001110001111110111100101111011011
11011001010101010010111000110101000111010100001111
10000001100110100010111100011100100101011101101100
00111111100101010001010001011111110000010011010010
11110010101110011011001111010111101100100111110010
11010100000101110011010100000100101111010000101100
00111111110011001001101000011011000111001000011111
00110110000110101011000110001111100011011100110110
01000100111001001111000010111011000010110010101010
00100000110110111010110100110010001101101110001100
10011010100001110111100000011110110011001010101110
01011010111110010010000100101100011110111001000001
01010010001101010100010001111100001110110001100100
10001010101000011110100111010000000101101100101001
01100010110111110000001000010000110011010100001000
00010010111010110101010010000001000000101001010101
00001101100010001100110100011101101011000001011101
11110100011011001101001010111101010010110001101101
00100100011000010111010001100111111101100101100111
10110101110101011000001010110011000110011101000100
00110001000110111010111101111111100010110101010110
11100100011001001110010010111111001001000000111000
01101001000110000001001110000000111101001010011011
10101001001011000010010110100010010111001000100100
10110011111010101110100111010011100111000100100111
10111001000111010100101101100011010010110111010000
01000110110101001100100010111111011000001111011101
11111000111001000000001111010100001001000001101111
01111111010011011101111101010100000111110110001111
10001011100001000111001101111000010010110010111100
10001011101000110011111010100111111100011111100111
10001010010101110110000001001100000101110100111101
01101111001001010101011010011001111011011110011001
10001001101111011101010110100100000101011100011001
11100001111111110000111000110111001100011100001000
01101100100010011010001000010011011101011010011000
00010011001111001111001001101101111010110011011100
01011100100111001010111011000010111001111111011010
01011101100001010011000110010011110001001000101110
01100010110101010100110111011111000011000111000010
00101101010100000111100110111011000110111111010001
11110001111001101000011111010001101001100100011101
10111001101100110000001001011010001100010100101001
00110000110000011011100000000010011011101111010100
11011011011011100001010100100101000010111111001001
11000001100111001100011000000110000000011010110000
10000001010010010010001110011000000101010011010011
11000100010011000110010100000111111100011011101110
11110110101010010010100110101001110100110001100101
10011110010001000001001000001000000111110100001001
10010010011011011010110100111000001101110011001100
11111100010111110001100010001000000110101010101101
01100100111001000101111010111100100111100000100100
11100111000001010100000010111100011000100011110010
01001100101100010110100011011111010110000111110000
00000110011101001111110000010010010101100111011110
00011011111010111100111000011100101000101100101011
01001001010010000000011110100000100110010111110110
10001100000010011101000111011000001111110111100010
00001000110110101100001011011101100100101110111001
00110000100111010011000011101111101001011011010010
00000101110011001010010100001101111101001000010111
11000000110101001111100100001001101011001011001111
00101000000011101010000100111000000001001010100101
10011001111010000010000101100111111111010110110111
11111110110011000110010111011100110001010001001010
10011100111100100111111111100011010000010110000011
10011100001111011001001101101011110010111000100100
00011000001110010111001011010110110110110001000100
00001111010110011100001001100101111000011000010100
01011000111101011111000000100000111011100000101110
01000111111010101010100100101101010001010111001110
10011110101100000010010100011110101011001011001000
10110110001000010100100010011110111100110010011000
11011100011010100101000100011010111111110011001001
00100100111010011100010001001011111100111001100010
11111000000111010110000011010101110011011110011100
11111010011000101111000111100111000001000100001110
01111000001110110010011101110011100000010001000001
00111110010100000001101011001011000011011111110110
01111001011001011000111010111110001110011110001001
01110011100000101001110111101101010011001000110010
01100111100110011101101000101101011001101111100011
11111110101111011100111001011001110001010001100110
10011001111100000001101110001101000110001000000110
00010010011001100001011011100000011011010010100000
11101110100101001110010011011110000110000000100101
10010101000100011111010011000011100111001011010011
11011011010111110101111010010111011110011010100010
10001101000100111011000111111110111001110100111000
00001110011011101001100100110110110010011010111011
10101100001110010111101010100010000010010001001100
01111011011110110010100111100110001000101011000000
11010101001101111110111001000001100101001110101011
10000010010101110100110011011100100100101110011001
10010001110100101101100101011000001101011001011000
10011001101100101011101010110011010111001111101001
10110111011101000110100001010101100111010000101010
00100100001110101010100101111000010000000010000001
01100011111111011000100000100100110110111000011111
10011000101110010011101101001010010100110101101100
01101111101110011011110111001001011111001010001100
00001101110100101011001011001011010000111101111010
00110010000111011010100001110100111110110110011101
01101111110111010111000101110100000010101111010001
11110101110111101100111101001100011010001010110000
01010001110110010110101100011011111001111100101100
01010110000100110101010001010000001011111111100111
01001011000000000011101000000110001100100101111110
10001001101011001100111000111010010101111010100011
00010011111010101110000010010101100000111110110001
11011111000111111011100111011010110001101110110011
10011101000101000001111000100010111000010000111111
10001000001000100000100100011000010110001101111111
00100000100001110010001000010110000001001101010010
10000010010110110000011011110011001100101110110110
01011110010001010001111000100000101010001101001001
11000011010111100110101101111101101110011000001010
00001010111100011100010100110011011100111011111001
00011010100010001000101010100111000101001000100001
10100000101011011111101110011000010100110010001110
00111001110010111110011011010110101001000001010011
01111001100101100010000010100011000111101110110111
11111110101011110001001000101010111000010111001101
01111110100101011001101001110101000110110101000100
11101110000010010011101111111100010101001000010011
00111000011011110110100111011101100001000100011100
11101011101100101011001101010100010111101011010111
11100111100100000111101001101010010001111101001010
10101110101001101001110010000011001111001100000100
01011110100010010100111011000001100111111111100110
11101111101110011100001011010110000110000101000110
00010100011110011110011001001111110111110111110000
00100010000111101010111000101001001101101101111010
00101100110011000011011000110010100011000101000001
11001001101010010101010000100101000010101010111110
01101100000000000101010111010111001010010010100111
11010001100011011111110001000011100000111110011100
11010000000000000011100001100101100100111011011010
10010101110101010010100010110011000011100010111001
01100101000110111000000010100110110100000011110011
00110011111010111111110101001111110111100011000101
01000010100001101100100000101101000111100100100010
00101100111101000100101100100010100010001100000110
10001011111000000110101100111010000001111011111100
00111111001000010001011100100100111111011110111101
00101100100001100010000101111111101010110111001110
11010111000111110111010100111011100011111011100111
01000110000010000111011101000111111100111010010000
10110100101010110011101011111111100110100100101100
11101000111100100101110010001000111011010101111100
10110010010011001111000011001000011011010001100011
10110010101101110000001000001110110011001101110111
11101111101100000111000011100010000101111000000100
00000001001101111100100100001001010010110001010110
10011011111101001100011001000101110011000101101000
10101111110101001011001010100101111000111111011011
10100001010100000100001110110001010110011100110100
10010011111100001111000101001010011010101110110001
11000010100010101110101100010100000011000001011100
00111101000100100000000011000010000110100111001011
11110000110011010111101011101000110100111011110100
10000111101111110110010101000001001110011000111100
10111101010000101000110011100010001000101101011100
11111101111011101101110110100101001011100011100110
00001110111000010111111010011111110101100100100111
00011111011000101011010001000110111010011110110110
01101111110011000100001000101001101010111110010001
01111100110011001110001011110000110000001000101010
00010101101110110110100111101101100101011000011110
10100011010001010001111001110000110111010111010100
01111101111110011100011101000000011110001010011001
00011001010010011110100000110100111010101100101110
10010011100001101001010110111110101000100001111111
00001100011011001010010000111101101000001001101010
01010011000011101100100011001111110111011100011001
01101010101010101010011011101101011000010110000101
10000001010011001011110010010011110110101100001100
01111111010111110011001111101001110100011000111000
10101001011000111010100110100111100100001101110111
10010111110011010010001011000111010000101100011110
10010000000110110111110010111011000100100111100100
01101010101111110110111001110111001000001110100111
10110101000111111011001110111001010010010010101000
00111010100110111011101001111111000101010011101000
11000011110100110000100001011010001000101110001001
00000001111001011110110010000110110110000010111100
11111010011010101100100001010000011101100000000010
00101111101101011000111111111011101001111001000111
10001101011110000011100110101010011001100011110111
10011111101000110101111100000001000011111011011001
