500 10
0111000111
1010001011
0001011001
1001011000
1000010011
1111000001
1110011011
0011000001
1101001001
1001010110
0100010010
1111010110
0100001010
0001000011
0001000011
0101001111
0110010011
0100001000
1000100111
0111110001
1001001101
0100110001
1010100100
0000100100
0000010010
1110101101
1011110100
0000101101
1100011111
0010001001
0010000110
0110110001
1111111011
1110111110
1111010011
1100010111
1010000101
0101000100
0110011000
1100001001
1001110000
0001000100
1101001101
0110011011
1111011001
0100000010
1111000101
1100000100
0001101101
0001101100
0110100110
0000110011
1110000010
0111111101
1011001100
0011011010
1110101010
1000110001
0011111010
0001111010
0101110000
1000011110
1111000100
1111000000
0110111000
1110110100
1110011011
1110101011
0001010010
0010111001
1100101000
1101001100
1001010010
1111101000
0110110000
0010110111
0001000100
1100110010
0101111110
1111011000
1011000001
1101011110
0011110100
1100010011
1001000101
1010111101
1100101100
0110011101
0110101011
0000011101
0111110000
1110100001
1001100000
1010110110
1110100000
1111000000
1100011001
0100110111
1100010010
0000101001
1001011100
0010001101
1111101111
0001000111
1111011101
0000100111
0100001110
0001100011
0010000011
0010010101
0010110011
1110010000
0001000001
1010011011
1001000010
0100001001
1111010111
0011111010
0011011100
0111010011
1100011011
0010111011
0110111100
1101000100
0101111010
0011000100
0100000011
0000111011
0110010100
1011011101
0010101010
1100101010
0100011001
1000010111
1111100101
1101110010
0000001010
0111011000
0110001100
1000000110
0111010100
1010000011
0011001110
1110111111
0011101100
0010110101
1111100111
0100110000
1100101110
0011111001
1001010001
0101111000
0000001101
0111100100
0110001111
1101101011
1011101111
0001000011
1001001101
1010100011
1110100100
0100100001
1110100100
0110100010
0110001011
1000110100
1001011011
0100000111
0000111101
0010101001
1100100111
1101110000
1001011001
1101110011
1011100111
1010101001
0110000001
0011101010
1010000010
1110101101
0011111110
1010011110
1111101001
0001010101
0011000110
1010101011
0110011110
0100000001
0111010111
0101101110
1011011011
1010111101
0000101010
0001100000
0101010110
0101011100
1000010011
0100000001
0000100010
0100101111
0101011011
1001010001
0001111010
1100001000
1101011011
0010100011
1001011111
0000001111
0111100101
0111000111
0110011100
0011001000
1010100110
0010011110
1100101001
0110010001
0110101010
0101111010
1011010000
1011001010
0110011011
0111011011
0010100001
1010111011
1100101000
1010000110
0011001000
1001011011
0011000111
1110110011
0010111010
1001111100
0111001000
1110100111
1010111001
0100000111
0001111100
0010001111
0100111000
1001110101
1110111000
1010011111
1000111100
0011000100
1101110001
0010001110
1000100000
0101010000
1000000100
1101010010
1011100100
1000000100
1101100100
1100010101
1110110000
0100010101
1101110000
1110111010
0110001011
1000101101
1100101000
0000100001
0010000110
0010000010
0110100101
0011111100
0001010111
1100000011
1010101101
1010101110
0011111100
0100000110
1000000111
1001110000
0101101110
0000110100
1001110110
0110000101
1000011101
1111000001
1000011001
1011010101
0100010010
1000101001
1010111000
1111100100
0000011111
0010011010
0011101010
0100000111
0100101100
1000010111
1111011000
1001010100
1111111100
1000101101
1111101111
1110001100
0100110000
1010100010
0111111111
1101110111
1010101110
1110010101
1101011000
1110101010
1110111101
0100101011
0001101001
0101010110
1101010111
1111101000
1011111110
0010111110
0010100111
1010010101
1010000101
1011001110
0011110101
0111101111
0101000111
0101110100
0010100001
0000000000
1011100100
1000010000
0010011011
0010000010
1011011001
1010011110
0001001010
1000101011
1010001111
1011110111
1010000011
1011111000
1100101111
0011001100
0110001100
0010000011
1100000010
0001001100
1001001101
0100011010
1101101001
0110001011
1111010111
1010100100
0100100001
0101100111
1100110100
0110110111
0100011010
0010001000
0010001010
1100101010
1100101001
0111111010
0110111010
1011100000
1110001000
0110101010
0011101100
0111110010
0010010111
1010110100
1010001001
0110111100
1100001010
1000001101
0101110010
0001001000
0100001111
0001110011
0010100001
0000000111
1011111110
1100010010
1100110100
1100111000
0101000000
1011010001
0100011110
0010110100
1101000110
0100000111
1111100100
0110001010
1111111110
1000111011
0100110011
0000111010
1011000101
0101100101
0100111000
1100010001
0100010001
1001011111
0000001100
0010111111
0010011101
0010100010
0111100011
1000001011
1100110111
1000110010
1001001100
1111000011
0110110011
0000000101
0101000011
1101100101
1011011011
1100000001
0000100110
0001101110
0011011100
0001011100
1010100011
0001101011
0010111001
0011010011
0010100010
1100010110
1100101111
0110100111
1011110101
1110000111
0101110011
1010001010
0111111110
1111111110
0001100011
0100011110
1000111000
0011101100
1111111000
1101010100
0001111111
1001110001
0100000000
0000101010
1000101001
1101100100
1000010011
0011011011
1000100111
1111100101
0001100001
0010010000
1011101011
1111010110
0100001011
0011111010
1011000011
0111111010
0011100111
1001101100
1010111110
1100101110
1001101011
0010011100
0100010101
1101011101
0010001111
0100001011
0010011111
0100100001
1010010110
0101101100
0010011011
0111110101
1010000110
1010011101
0001110100
0011010001
1110101111
0010101011
0011110100
1110110000
0001010111
0010111001
0100011001
0010110101
1010011010
1110111001
1010111101
0100001100
1011010110
1110101110
0110111011
0010111010
0011011000
0001111000
1001000101
0011000100
0010101001
0101001101
0010110010
0101111001
0111000111
1010001011
0001011001
1001011000
1000010011
1111000001
1110011011
0011000001
1101001001
1001010110
0100010010
1111010110
0100001010
0001000011
0001000011
0101001111
0110010011
0100001000
1000100111
0111110001
1001001101
0100110001
1010100100
0000100100
0000010010
1110101101
1011110100
0000101101
1100011111
0010001001
0010000110
0110110001
1111111011
1110111110
1111010011
1100010111
1010000101
0101000100
0110011000
1100001001
1001110000
0001000100
1101001101
0110011011
1111011001
0100000010
1111000101
1100000100
0001101101
0001101100
0110100110
0000110011
1110000010
0111111101
1011001100
0011011010
1110101010
1000110001
0011111010
0001111010
0101110000
1000011110
1111000100
1111000000
0110111000
1110110100
1110011011
1110101011
0001010010
0010111001
1100101000
1101001100
1001010010
1111101000
0110110000
0010110111
0001000100
1100110010
0101111110
1111011000
1011000001
1101011110
0011110100
1100010011
1001000101
1010111101
1100101100
0110011101
0110101011
0000011101
0111110000
1110100001
1001100000
1010110110
1110100000
1111000000
1100011001
0100110111
1100010010
0000101001
1001011100
0010001101
1111101111
0001000111
1111011101
0000100111
0100001110
0001100011
0010000011
0010010101
0010110011
1110010000
0001000001
1010011011
1001000010
0100001001
1111010111
0011111010
0011011100
0111010011
1100011011
0010111011
0110111100
1101000100
0101111010
0011000100
0100000011
0000111011
0110010100
1011011101
0010101010
1100101010
0100011001
1000010111
1111100101
1101110010
0000001010
0111011000
0110001100
1000000110
0111010100
1010000011
0011001110
1110111111
0011101100
0010110101
1111100111
0100110000
1100101110
0011111001
1001010001
0101111000
0000001101
0111100100
0110001111
1101101011
1011101111
0001000011
1001001101
1010100011
1110100100
0100100001
1110100100
0110100010
0110001011
1000110100
1001011011
0100000111
0000111101
0010101001
1100100111
1101110000
0001011001
1101110011
0011100111
0010101001
1110000001
0011101010
0010000010
1110101101
0011111110
0010011110
1111101001
0001010101
0011000110
0010101011
1110011110
1100000001
1111010111
1101101110
0011011011
0010111101
0000101010
0001100000
1101010110
1101011100
0000010011
1100000001
0000100010
1100101111
1101011011
0001010001
0001111010
1100001000
1101011011
0010100011
0001011111
0000001111
1111100101
1111000111
1110011100
0011001000
0010100110
0010011110
1100101001
1110010001
1110101010
1101111010
0011010000
0011001010
1110011011
1111011011
0010100001
0010111011
1100101000
0010000110
0011001000
0001011011
0011000111
1110110011
0010111010
0001111100
1111001000
1110100111
0010111001
1100000111
0001111100
0010001111
1100111000
0001110101
1110111000
0010011111
0000111100
0011000100
1101110001
0010001110
0000100000
1101010000
0000000100
1101010010
0011100100
0000000100
1101100100
1100010101
1110110000
1100010101
1101110000
1110111010
1110001011
0000101101
1100101000
0000100001
0010000110
0010000010
1110100101
0011111100
0001010111
1100000011
0010101101
0010101110
0011111100
1100000110
0000000111
0001110000
1101101110
0000110100
0001110110
1110000101
0000011101
1111000001
0000011001
0011010101
1100010010
0000101001
0010111000
1111100100
0000011111
0010011010
0011101010
1100000111
1100101100
0000010111
1111011000
0001010100
1111111100
0000101101
1111101111
1110001100
1100110000
0010100010
1111111111
1101110111
0010101110
1110010101
1101011000
1110101010
1110111101
1100101011
0001101001
1101010110
1101010111
1111101000
0011111110
0010111110
0010100111
0010010101
0010000101
0011001110
0011110101
1111101111
1101000111
1101110100
0010100001
0000000000
0011100100
0000010000
0010011011
0010000010
0011011001
0010011110
0001001010
0000101011
0010001111
0011110111
0010000011
0011111000
1100101111
0011001100
1110001100
0010000011
1100000010
0001001100
0001001101
1100011010
1101101001
1110001011
1111010111
0010100100
1100100001
1101100111
1100110100
1110110111
1100011010
0010001000
0010001010
1100101010
1100101001
1111111010
1110111010
0011100000
1110001000
1110101010
0011101100
1111110010
0010010111
0010110100
0010001001
1110111100
1100001010
0000001101
1101110010
0001001000
1100001111
0001110011
0010100001
0000000111
0011111110
1100010010
1100110100
1100111000
1101000000
0011010001
1100011110
0010110100
1101000110
1100000111
1111100100
1110001010
1111111110
0000111011
1100110011
0000111010
0011000101
1101100101
1100111000
1100010001
1100010001
0001011111
0000001100
0010111111
0010011101
0010100010
1111100011
0000001011
1100110111
0000110010
0001001100
1111000011
1110110011
0000000101
1101000011
1101100101
0011011011
1100000001
0000100110
0001101110
0011011100
0001011100
0010100011
0001101011
0010111001
0011010011
0010100010
1100010110
1100101111
1110100111
0011110101
1110000111
1101110011
0010001010
1111111110
1111111110
0001100011
1100011110
0000111000
0011101100
1111111000
1101010100
0001111111
0001110001
1100000000
0000101010
0000101001
1101100100
0000010011
0011011011
0000100111
1111100101
0001100001
0010010000
1011101011
1111010110
0100001011
0011111010
1011000011
0111111010
0011100111
1001101100
1010111110
1100101110
1001101011
0010011100
0100010101
1101011101
0010001111
0100001011
0010011111
0100100001
1010010110
0101101100
0010011011
0111110101
1010000110
1010011101
0001110100
0011010001
1110101111
0010101011
0011110100
1110110000
0001010111
0010111001
0100011001
0010110101
1010011010
1110111001
1010111101
0100001100
1011010110
1110101110
0110111011
0010111010
0011011000
0001111000
1001000101
0011000100
0010101001
0101001101
0010110010
0101111001
