990686178
15417519
570424889
554093709
501808911
353261525
87917945
21605443
368864704
654270513
519903074
118675822
551855700
888843636
159432512
356503639
210170664
562480949
128892422
749784320
688648004
32631819
288848838
798591313
907380802
825062205
616538154
590198451
394395945
26504124
905380898
654270513
612986204
19367495
483566683
837187573
362454915
334441312
839427334
67515992
165316524
947724295
536383009
344839973
825069116
281322350
707682868
431081406
843296041
511644342
972201539
779726371
119373437
709616050
454431950
474470487
945128789
305054923
968116697
233374453
338834166
788421229
334849827
508021603
743790829
730308484
13971622
802079216
309975847
721343466
723512880
482713684
554150232
523419284
791227294
933530646
901862922
643222973
142887551
63416825
841949653
445700862
485313763
236007041
430987446
789721885
762658097
75467706
497173245
852974463
688682955
659149706
436397431
805857702
652844803
751479964
88501445
538340231
697327219
753399442
337777217
771061114
595539620
679965396
384885766
118853557
87311594
102324444
663457282
744989765
153540741
847807767
695466758
729276124
416879920
949166084
689194666
570435328
841949653
885095499
118915369
472989511
622735555
386297220
317174231
746801565
914813183
142255767
484470148
83715431
747574546
359737372
731156340
774999842
839649287
366467067
527465588
471973201
203385713
755811549
556256622
166053286
138514629
681395572
527609316
134041342
719019004
343316765
699151368
444492588
434602761
988036417
644953760
456031210
134977800
890616568
376803063
861359941
383912711
612983616
711862110
915839585
321836491
89584264
703126825
614685094
204642134
585649081
989592044
660854705
328392164
862669386
385524682
858024101
966739832
936883611
415889949
488461937
638203548
325452507
168691787
218502283
658597831
154684046
150943153
969421437
761216128
543576260
936559718
452617682
859466389
249164599
672568326
37325685
603397129
109662607
604297093
994984329
270754196
144897003
267012281
884121684
370233425
120046913
35145636
495821700
109968738
586891275
892658429
922988952
496954581
524660778
602516115
287075405
850268937
413557966
378758158
908063109
923743354
21272232
606696292
922507786
616776132
493164497
62024882
924281668
323989170
84853578
33890373
314133579
509773059
88406456
71187834
930692830
61713527
839975041
58646172
278894854
715448881
450261121
688673790
456842163
220867283
198777406
865607844
881862229
923211024
594580219
255360111
500867333
756758456
987885074
197849446
660826111
847376442
247171221
702935317
652167078
193796184
622800455
763163414
958894690
776261019
587134852
225152273
577133034
631483549
447070464
421209501
781467873
888754218
966429552
515263990
271734613
46163072
567922763
617403137
476842479
358023682
544594232
875634206
103884785
635691635
394293260
572389894
297685000
193043766
609918595
38331588
92449271
723066235
569128937
438175618
716824884
832732515
92944440
563887062
957029439
856614879
518136106
935291782
386064465
599523732
581164592
282421605
865456354
475165083
982827000
375257202
22634491
399922832
105207306
682733429
331879395
146388734
143605860
744202727
358728666
850561426
991406090
910336703
195003008
841890702
286240703
750895278
869320051
305416683
193357384
296327113
792902255
17288743
170319722
383723624
783492561
694804286
980094194
990577630
475624168
970493681
688849152
652464977
259243196
752773550
244673708
624585913
43805326
589242352
512324555
407901849
666286379
218856363
599796369
255897698
530542291
691580531
354906220
398722639
641322165
744450650
865582740
732798390
687443103
813002541
184151158
660355468
909398366
44329933
508072887
900456661
667529183
615548605
699184212
234571849
184627955
785070703
627719549
970349942
571103627
368943502
366363971
613838502
929901183
37580342
756039705
387637710
86234109
164379499
814011288
370204179
608993777
699579001
41202786
959956474
742109623
647200254
514261848
62536395
118877578
22224938
877551133
772628619
285446964
15720747
397220123
729017499
679729439
889287378
575596641
313787538
836479716
348072128
195678616
428124380
983125669
357417737
929243199
188047744
988150667
862663637
118538983
874886537
118538983
847976933
137857065
739013486
649064877
851439119
155899356
446601803
715800154
867398057
321340364
122407360
932419230
227040134
37663353
438282157
961973169
130674147
83069040
676154492
880330334
290828268
355786119
276787512
263972131
165681897
685947460
825609790
857940622
77563154
52937558
745213515
67325037
804494531
209313064
981221165
461773899
610761796
578366278
832615337
321340364
572715882
945392566
967062278
244424795
720494039
449511985
355389857
725550999
931335632
90206750
686906097
337860047
70024283
191295555
872336280
19846173
581580201
850057540
692533212
628169285
195703688
588460344
581825478
53647019
897900850
388375728
25197984
493368242
507626998
733876963
286747979
894687193
702771685
972263394
249161524
125068616
59942679
204648091
991744813
888548342
616442277
714341030
827321845
129094653
36037023
561549528
954900197
468123246
390855293
438972350
47893368
494758021
604765409
420573430
570719239
841279505
451169031
464963691
23258424
191542210
41802993
795190659
582283873
50494485
854598912
73770806
185300207
54919118
755082351
297366901
318437554
638135231
13408889
488105079
31816789
30557795
827278143
94193253
140955161
658590267
989675110
494549925
466299558
343900963
733744036
546079695
990950809
538461282
376311099
485319109
672737253
96675496
169992936
962825539
323907367
780592426
505218485
40912728
77671636
861366401
54725471
857790697
188427860
579124297
399279374
503860901
567385320
338189867
796457733
411965950
403129639
455742787
947124254
771594333
808247370
516004066
397896481
269310907
218946168
814853333
597384354
181617987
758530973
160146704
14789127
478781840
567372012
630097364
818662289
548444488
975838620
101493179
837446605
439114967
871610525
691672953
482025985
272549806
477248141
114652907
977941033
454442194
601318687
659775650
510830393
369374882
98082843
934725432
816697948
755625678
243556849
44310270
493723069
637674864
723187312
288414808
12558519
748744961
341454973
248677949
335588350
11867663
649477963
940403792
215692628
457096946
980330305
511219944
584594075
568461546
908635795
40519466
951365000
988150667
626503714
84502262
742249555
991257504
947238206
175004017
975465754
832598467
656577450
5459624
598714353
474705034
606775476
345756182
726924400
25989929
992136051
755542027
150932181
501585844
718060227
595671586
483985632
552779477
351978885
226225445
527938607
16920015
179665671
313401957
443019670
439352301
837838688
979535822
765259901
397393459
935960800
562968385
845625896
358772743
391263444
31056324
90407203
406193360
82285743
568038831
910668294
20509523
602123756
751816147
752125228
298105906
455935124
497374982
218517160
395170842
551281378
264397991
560526369
963509707
207138173
594070308
882577087
12463310
609584133
654054505
281818757
313205015
847414617
633413271
72479982
346216460
12651912
492297773
26989332
969214467
355639321
926415734
844364609
774870443
283693567
644228612
632243683
375051049
713744282
296393521
68312681
328794271
867298674
536503285
615090268
757103836
177829989
837574584
508556816
807418424
659183800
653984141
739845477
592634906
3584414
325294433
888077658
312373509
37711672
899833858
309006500
104367415
794657497
252424856
592369663
891071126
469798298
916696006
381347610
710253544
518006062
650615439
897093271
735926843
249102261
277295065
382898567
375874889
111481195
204166580
171665136
708730608
972594597
566803277
198388963
220314744
167505947
525574959
949401670
947023317
282226308
212069096
844109316
866933619
746598301
752187325
47727403
772993051
723213606
735755141
877672886
75353200
65603246
858164392
578359066
174084893
628168492
186742771
953909539
73547571
860801982
589616393
312938290
671199895
545884943
700422244
599638466
758048294
312732242
113176436
560421249
103442793
52777116
778020483
2217561
993696310
765235544
244985195
962046512
850753679
949709913
126796860
376088209
783709346
920067367
752550634
418143055
566816113
942967202
367472259
694250335
97765063
534930970
764284675
120021119
21795003
939734220
248579155
659479485
323190563
131106105
21238472
823577974
145399910
508228694
398983590
859256941
909133724
157734342
670234074
217348029
174488934
179780180
621091110
817848069
841662318
217538152
720235266
407109788
556191574
929452895
342710807
989055345
632658144
168576470
199493629
88341881
899155061
26782127
560799411
199487696
491205441
297326236
8332885
202881059
886352174
243834452
378229924
342626984
458241103
391977383
408988904
537408013
19660429
76231573
26782127
766905560
456696596
144778721
190236848
199327708
823658792
408493040
808774379
234742781
107803045
79528157
950339071
78688172
646423030
689323211
787303325
182822601
884166216
501049531
525448910
935926149
209398255
894179415
35387741
400483926
802810797
80754865
551520543
351977841
250831736
218756087
546459585
532085219
238413069
218431628
461838832
618540963
169548305
922322353
977304290
26796897
491489564
333632705
562736088
984893684
94521737
987488144
431258091
815422259
6431226
768118280
655346035
271420888
367795562
716230948
203654684
448170754
593730366
376244245
120455481
658677468
961349766
231089495
968654452
789672836
67619552
409884334
388715376
851823429
988568230
849525305
865120361
128620880
702582157
246679067
766879054
26208169
690374355
238265802
438996042
673495665
794385195
713665410
826366926
431808487
466308311
744899672
493177169
715813684
155840466
720576916
472958800
142516297
15795566
427217620
711776571
831512340
995181893
88250775
525850874
459096096
166841633
439523439
579849751
150583671
234628218
926097016
115060802
708579002
224215182
629441104
732571313
725795668
262405144
213483121
970406071
6119405
997791130
726532627
616039403
628261507
643603844
583655500
58154336
420361696
621868424
264213839
966274275
324123593
952873151
158556906
772935024
846899875
139758009
78033179
36080793
225369362
832770649
698924849
80130802
344326727
823990714
543799035
48765475
196821430
898759972
967374396
512905880
344955169
993720999
884056276
163486548
59598371
929380917
140853085
424936949
851559459
617174286
89442343
97667528
781779926
965808376
21519916
280201962
766001186
220118898
583347156
563425095
388663099
745741546
260781444
946535829
45303606
652330777
289557925
735386476
351291123
950699073
408840410
469145493
409362308
247796538
296786559
661971747
404206440
886307595
415406887
758279748
514638227
479964716
346192155
268920637
189606962
618217501
948915258
848866726
890042145
503055039
792368911
215526100
440577309
776792912
33096693
803749955
537250694
41453755
819580177
300892012
244772165
273277537
575545480
270667848
314646455
724872962
385081722
181806063
851801444
789467280
369478765
818927328
727044088
810323154
68943899
651740162
887410686
79349542
70960951
553976970
121861501
749176335
279289140
682507267
377290642
680749244
789368451
229273067
459087454
357862904
654968265
210745790
484728117
767243844
664739302
663891207
232043712
852797156
512812909
519248246
539782196
151518585
436046086
890179683
66862547
3325205
275755348
333715385
644505464
598810778
233698294
716689142
609648394
651854495
811009411
767493030
35426027
15795566
672033062
161043073
886716406
362793170
347511944
961014487
225654069
196013804
172925780
410065837
686843525
746922415
17983957
398418458
602920885
806111443
700985798
953373293
626969503
990559439
691288021
569662092
592308117
156863102
986558653
596482964
993582932
661509359
401730202
640274999
218188427
975112727
856449688
940436156
195730800
556873009
374708752
439171947
510604931
557457387
58587259
490631445
958159654
691306225
631868378
324847041
965501200
987764990
617835867
333188515
448436227
479972321
261161100
394703166
491334837
649644675
569615591
46355311
415423067
415423067
102773976
451219548
27919351
292920521
259736527
108566004
758896300
60369000
180999416
258851028
648716245
96894073
665427067
18667553
153721920
953799613
686672667
116356517
427623073
503620457
141374053
205158640
692869195
837688669
258877510
319275066
896003893
675429493
542085908
576747102
754185600
317852349
496375156
404611263
7200170
421400120
861966224
872795285
980601447
665138635
212759131
486282281
749154365
277401344
606533066
634968324
395088863
582893277
386146159
901947901
370460297
18359167
830865945
55293249
793635756
613914351
561072707
643872886
330135453
187621014
237242686
437656251
64730677
326429893
106400855
720479087
716295561
898354224
40693560
299740614
145311830
406405184
436948925
616960444
204594689
721151040
439173931
110216394
688457198
232616734
695085065
821225243
679072574
261609744
652374466
533388800
298084043
260913399
468152055
120926774
495038153
648568086
641394670
115565339
638218866
736475718
28973338
250076907
764125325
702801967
733642538
286123008
539354273
701794308
93936983
274580358
329682689
557486695
145055670
688451375
132484482
94089484
779995137
888489003
235210617
647450631
781742451
250399952
453655062
159586927
957978380
561557930
48628523
566022695
233254256
542198707
209138119
149877356
463127582
635116380
193169155
816997133
789274989
641449919
874382780
571377967
868950817
684645418
221679159
333849346
475659769
907172527
863038581
284770647
272083724
834845526
450812000
602675786
136347305
657069590
868967616
954162752
46028132
420341573
22373184
904147781
437380329
640454744
353837295
457135726
482519998
448276933
545297052
723467448
92619618
836242894
383905444
162654713
777764042
660919687
814204891
317096810
75552759
903573458
138656744
852958121
54620825
923236654
583688183
917220395
858788041
956888230
165052339
988782468
617084523
811430503
550371448
607224961
87316630
570813094
415837057
361175377
802688446
198422329
611380063
245734599
481460641
351279907
624865986
334344962
601681105
604762741
369855327
599432153
794663463
295404024
222079970
444244027
907285330
177215720
220497504
195919645
67433033
419486600
690451186
714072141
49214889
742660431
25989590
415791008
916367837
557807191
979894214
138322873
565302615
460991267
191191805
977585068
758761483
557080394
242683622
59386043
950361737
413146385
697829597
355743517
487070103
872323766
750029034
287257157
852733813
430138941
895757795
937985636
920796428
841505857
245369176
191736131
171129024
197593554
647232681
537217166
727410260
359761922
609455461
291173403
158287675
637803555
70561859
536226343
147001759
451782510
937796514
112224221
636055016
156767283
395012163
231746468
133986788
7853819
233198151
626112541
63207907
600863984
212658775
580814563
565319024
115745096
892687306
737946284
16700175
349072934
94327508
939194982
637582173
424396900
434752521
946216058
491103722
240069893
785856451
703937682
404961717
276586416
319091935
319091935
668580552
857627518
510002656
575650309
361187066
972154357
621038253
911225437
743845398
723766167
898664057
331225208
342654174
594320417
920258971
334005571
801576555
956052031
560995021
951747583
129714881
47024031
448862532
101932147
385328338
610497012
7715247
265139697
640451262
390551225
560982013
171041455
553349943
35709082
379635022
62680341
795179415
822960690
890401466
86490751
56267707
115651612
469001699
859014089
480682336
832964388
676289129
58614453
107893440
214115693
935468126
753789195
744787520
246630764
254711421
835665765
957696062
908709375
335135578
525067166
151802643
625862007
812039021
44541784
707088500
631038168
674185413
163121300
107007204
798538691
541798992
188797140
278067080
747589605
368438222
552859328
686946014
182655434
352850419
807853571
570577222
628270099
514409205
755580872
831669600
405809587
124240589
669696523
461493261
646626472
494125586
280788296
695413638
733325910
490576584
41530107
49465795
767358280
436584177
93715350
682170467
890669147
939624761
80417218
146430831
433182010
560258394
939112653
773855030
270101982
58631517
561677280
347133805
972523218
546075218
12497033
111991011
591109516
432311231
315779521
31256358
440031920
891055700
714194140
357905611
650208006
608500124
190040966
343197805
377375204
286200825
172819185
787057727
879126363
912371967
585239324
664306858
766839669
839835520
466554429
825582796
90610117
641379890
357972204
664430761
173645985
676489496
211894787
491552431
471982398
395406220
219653667
603773850
998162221
938980084
205842181
454480684
106356449
141771342
853289421
432956849
364924450
458705869
412012879
345024364
163438919
914634086
431183436
638665757
200818519
690566144
838493034
91154842
848132087
158626190
971811867
515772818
721381448
206117963
412386493
252554471
737235268
185586988
806092416
516179218
290734108
728528881
248611930
4362141
397158257
330900548
854010372
301605061
706317785
865226480
331156121
728090723
148825157
935593287
456892729
763383695
390309715
434136697
893096320
896805150
124341380
466243617
411578834
621382971
573198055
129529394
346711682
851100356
62225203
686899237
546413607
854858389
152285516
254698997
271670307
399064014
381261911
694918352
378206082
228967930
732673846
943031052
395211497
436593923
723692657
853493426
596037282
943068633
965930910
34582113
573035850
750896067
882249158
141192221
576075574
986004859
254634299
241714753
308287542
369155197
794811301
391176712
178369207
736501933
567988894
524719716
686443458
255817039
199576498
970446930
255157401
170845212
636954101
600393909
339185931
263124694
950285922
805715424
786582242
211015075
355687379
624625023
535914561
880842113
407134004
582020797
994685184
415005463
987800751
697502616
349384450
208284928
8161448
562941873
504388356
705491055
158894135
988261885
574965510
409725094
41042379
164890134
855211184
274683435
451198687
258983810
800381458
432248538
898479749
395928241
634099903
53055943
975068038
639417269
204938717
774351254
78591747
974053233
347241789
624557062
515099220
993425182
272270010
757965160
738674740
831327093
786671741
23304031
83190167
94953345
647768306
291327453
323263861
146614299
505349582
643262721
619677885
695820815
826870752
781673953
250455824
164259967
498669422
653335524
651947935
40183180
565259442
973398915
265105118
226938554
304499059
849036279
929355682
729412745
155240265
683960686
542091799
42986397
458984044
511623879
762698670
434962057
81096021
887864269
230468750
632988603
933899696
915389557
995259567
580353399
347571233
961076046
803539328
834357689
344914215
931134244
197783259
223767520
91367817
178809797
407959527
900134318
452501044
60638330
97415861
52214229
951317639
527473151
469310955
141440996
823758793
461972399
315904416
591594069
539922829
995781683
159024642
201191650
595568966
80311649
303721962
774569723
29392416
720192200
661525029
796922760
149470243
796573804
305107781
800310225
122522391
611878708
290837946
961192046
772150717
122588730
82511434
84345198
425224234
458347540
103513066
447596621
68955761
512687867
127770394
838927552
106379358
704431934
224545621
140651942
462581400
326535182
79229841
63506519
32597416
78726616
643781997
360805710
379116256
565977856
14734491
969410347
975420203
96577843
454486033
87561322
817647105
926907165
853051424
557274736
458287095
964851470
530850370
240737670
929984798
498745306
124334597
645928418
996929226
409003237
669314333
567269465
525879942
179156204
746999600
452537661
665970723
935959385
795117305
49000556
105041053
794869022
294672506
607888743
42237155
992438455
46452590
785166583
221844456
177865303
18951939
303690603
136485121
127091770
411439945
826221171
98400565
836604343
913562912
285185270
694365891
925550291
439914005
619847971
571157888
672415751
935194629
887347879
608854511
184434245
313574061
183213280
805550997
