290704829
971438654
793702432
288298065
464477051
496909399
444654123
776330194
723066754
448393514
860630317
5309074
301536351
120043731
924664970
656184802
830439205
96903098
901824392
419868072
666053477
240679161
634883937
59403011
673153209
58542206
355341081
324176679
136975010
448002892
230276990
655485203
87301824
9994673
409756440
673181104
900719023
274241837
712522327
831971442
783471396
831422715
159937091
906140565
703965346
697192887
304087350
775171515
146920482
952583811
980554067
710406149
899630788
436842210
847341245
701906490
431621449
814321851
502553897
662135973
925367319
521009727
698700985
240272078
262883335
440648392
311116170
345161041
388716009
888942858
191772176
973372070
410169461
50706399
334048031
635947248
550908928
203839279
242589109
211352509
197614069
536506800
808751938
723229225
497120791
601202865
465260999
362149624
363993412
36300656
435056103
456508647
877642972
215526645
938238932
617347408
18225805
55842188
925761178
113518664
563323167
264582852
295590425
443255101
264332403
228288197
112128900
835818156
560070435
423948122
210816423
896014759
960184136
212912017
359023376
335808577
146313472
789664264
174334256
217281955
616837172
617191147
663212887
274676744
249363563
207251366
634344243
629818460
148346790
439693051
823494148
119030864
621256397
340255646
38130930
915736381
227820797
500663423
823564306
763531401
252605740
256733025
419190509
959693097
968663022
531638622
570320411
809784261
174575309
669683525
80834059
166509174
461971555
868651387
437852006
453296030
302745523
680433902
209271444
511083128
29452342
609259451
978463508
967582885
57263916
46799008
824400267
340370825
406994419
436189324
974590969
91778498
721887002
155905791
703468315
988972148
127865422
400302718
971316966
348498129
678982942
624822619
938393653
654227398
413963725
801871197
263769559
490291292
378024940
445700846
599640320
25760401
875980493
439713736
522184912
350308990
745252430
231626323
762149031
410372384
579812565
575183382
380175802
710395923
961585732
570176391
56238154
967798403
941342450
554060495
496590254
136786526
824458875
825795915
558548157
182434043
658653959
485444235
790049200
41212096
485943726
596182990
166361524
63471755
839950206
553389341
405660693
842780389
28817853
98185591
743167047
232291429
523848365
837466258
602683908
796070373
969362480
549133852
419765392
850955915
388909949
18418273
294590105
137659242
194777598
99163330
586173674
980487041
306205577
675747711
582652992
360126283
25685021
283833481
30380626
241622532
326574996
138265637
789719873
662038246
782083145
865914252
676093149
607217820
498887589
104116664
543155224
242563355
277553408
232108736
329920595
636934696
239143270
658544023
214753175
67251458
641776187
688748460
50271066
555685333
556365635
420083968
833778598
832376188
539610685
129395444
438986398
398687969
442911100
832866793
867198574
968364415
404996765
708364669
320456306
118591910
952487807
259516775
398426640
215804085
319826532
58759311
40057950
763278912
125391846
904122474
367276982
819959274
899388342
97802569
755279901
877567237
337890235
608084590
139561772
610507420
370196706
545322127
828262702
419569018
424833686
954055719
541345165
593821583
378492420
739101821
769610531
692526050
535697854
443979962
147156135
424910312
533635085
181898730
465027285
651381439
330486553
594049670
154701782
649337075
441314498
969764368
587628199
922778931
709143446
268287370
855280504
301623161
68294630
563099176
945521098
170385203
772709718
921458534
546622649
840978552
18061413
277003615
751043972
246527268
324031259
231167530
522922283
942262044
501969109
136316553
917583285
409890599
839882948
395982788
121487752
206202892
908006164
769297426
190673488
409783316
489709314
256891406
46816016
109441411
632401496
176494415
849805176
167921181
856226168
167921181
445369692
435017084
166133297
64888297
92770211
859147373
306399476
69572725
790896195
798305881
293095164
523914383
426487778
254976424
211061720
357961168
946368614
400523916
96013580
781072725
152486253
426121407
533664605
52176547
560537328
124549622
637347378
712508937
155932478
596728803
840654974
993663437
323756771
667768456
6903017
701635264
504164718
325226006
231946240
77626741
565080258
869745405
353129628
983161727
306014861
964228006
960694595
586921351
599231745
264414684
62487799
50364154
779132840
861528887
314999156
816291668
802499557
32221742
319429967
163711771
460176482
528002252
799436606
384172882
462310670
897788439
991891126
757535520
160492800
732625800
142046862
335739353
80536750
616051365
102563987
712986337
681848258
867211922
720775871
71736264
830365776
968021997
151166152
341155199
444667340
369994422
572603333
697151970
704164616
767465506
322323430
815052410
829030397
556677957
873382363
221409847
930620873
728474959
62006697
439335965
265789133
338765159
681407292
873860991
858446858
323538627
483407241
733288887
495911571
946238223
739280277
489843414
102968297
352982254
49787844
834444578
636630880
520970487
775129324
581746232
801493922
255890049
95728405
532938877
862961667
934890024
662891007
788198052
17790450
890520387
212410968
774465364
531409492
911208245
644175895
960608886
957737556
306797890
154144303
553519327
632436067
130951770
364858012
38618462
362733591
193436110
745465376
80437736
245010522
414608825
76645854
81315001
706777831
25704600
186425532
990785903
558047244
194383074
190490376
400075971
958210703
658226746
798223989
96337773
543989660
778887107
261576644
61861292
873841514
496525305
250474268
753274111
464695116
837886741
458379066
229185589
320327156
949304269
893364176
146161002
376714946
894247698
212630185
587793970
541758921
855838609
259383889
253829416
242829617
871235927
61854516
462983428
198814653
306712201
526405631
528711978
3225424
358266544
111330070
560962202
792664343
717183780
792664343
717486342
671142106
174538007
653117800
171044329
590829211
347708596
478943864
545293643
806803997
661205951
47058408
200092151
640893334
684981821
333659156
421577190
26564456
569590778
310673358
468785138
609222514
804604095
195511463
589367316
870919200
203386084
554083044
654459900
612956240
758899837
375762646
798265986
73377686
425776699
533518240
755573827
276647930
391612838
175437803
713503594
75261301
246075510
296102727
18103334
132209338
397003949
576755371
893480847
391957149
661393207
70713904
52873961
126081925
667231835
593519077
436346221
228263674
582174948
316023046
385281155
469444352
715293117
768627306
121838347
750466466
200455844
131288055
450723279
715785927
103336865
952467591
54150464
595767083
429679472
558001460
588732595
361338325
942619672
948278519
241679143
201185589
265038203
323891184
420282176
362782466
416886102
267328533
442239433
706136706
827699966
317947542
513954357
779934783
517513126
513954357
93627957
339291340
143317438
352482541
151669548
373921846
577942109
385740199
862789612
563292623
175857989
914041671
120227573
212614842
246290450
202552860
97524681
847064540
19600412
722849812
503233209
682742179
363844434
115118506
673719662
726382396
884575740
985747514
231259552
481
569222147
518729528
11179173
852630256
154967864
391267079
896287149
847265226
945511691
589632559
854502790
939998850
539522769
319690809
741694898
734871934
229338537
345096850
848096785
139352299
344091254
364056717
618896619
852826639
498430110
437825805
372367693
718342620
512048306
449800481
442995954
386332896
189869895
467310590
438227274
618780781
665479510
2843025
671903568
724515048
886754139
921116513
656742544
860079180
724443760
54107047
578693312
435446392
797679955
571914659
496117228
541260473
516990817
471360670
996379965
841098178
807848342
937343292
583781983
962832470
205170458
494025202
645778859
10441341
995496922
933513646
772558852
14477655
99644250
568215345
111538523
960606999
848394355
701421406
87611931
115503304
997101504
861371026
816140212
210495628
624152435
190328120
9885959
102307009
40935017
976349885
631288024
754377923
675620133
982997697
658055144
282931261
170935766
167101903
278276458
170911403
944656864
125244452
37454415
87269169
703743157
489775182
184385402
788783559
678977486
651923608
616523772
738815452
353955108
634226726
142631815
939740452
253281130
869703981
234493810
891077857
715062808
829698569
406822206
38062492
400834179
793562325
224183701
183741940
597699304
141366908
362371902
205118206
840702681
531650429
48150136
884040987
879228601
408559088
882270168
80665845
745108783
490645443
683978034
475166686
836415600
178680122
957053892
144966187
654633327
307136853
457954649
761637145
430588366
725923281
728844795
91627809
187562459
971227448
750103708
449577622
387361512
838075613
978713497
357354591
452611961
427413591
832517860
662344173
777872815
657827011
974670461
756022803
816810136
201463640
506525913
619742779
611350769
959940065
524763625
245440637
239865106
26616932
227183928
237742200
374648627
694291179
696947583
489506485
342829714
932376690
215632014
86284940
925736560
198585947
86284940
234637708
580799715
86576519
71830544
642397736
817221048
870477497
861870081
714657806
133097336
154261445
830074250
284049354
439098539
813779817
768288600
92935417
465868281
288013745
597920620
680015032
334188372
162205926
872144285
4828854
731625871
303087087
286697578
156653957
240502639
423989659
988125548
429171381
463264342
343783579
659666138
34395075
669303021
356683315
212964620
80374581
706812570
628976616
204876006
431335793
6022712
42691843
266289947
626768001
774110168
219906245
734381912
613299169
494986526
712440288
138105124
686716672
945188110
112608500
622348742
817333922
969415599
446088259
854922499
10429079
960638643
365180521
949449967
637834364
190110680
962401520
254531873
433549824
764532648
240355319
244765198
614460818
87602425
513209856
883456573
458089400
656592252
974108373
440061161
871164363
120569361
724652122
448579495
383760422
723076308
983271030
761040192
190795091
899260313
506099634
723605682
843967342
