18994981
18994996
1439902
1319955
1439893
2292310
3459749
3219869
3771816
3531950
704953150
324853672
579335047
830716608
830236845
830356783
830836535
830476721
830716616
146403080
736074145
736553921
736553897
386620473
344042341
804496508
821528368
821528346
380758413
954009730
933830031
319460380
549624813
511480360
933830045
260154599
141967798
103863314
187560600
104323493
464510527
936873206
878603538
222094443
760062545
487385621
726988211
859691583
698392845
454747360
939208012
467726491
916901782
320684533
320684533
962544412
495501906
119122371
962544412
210184304
640256070
640256057
848281867
640256061
839828794
290067154
468170955
712929587
252976074
891033404
57573735
52511132
660735523
100299758
935460358
891033406
663309064
442066470
891033393
52511132
597846352
110126554
969773866
463214852
818302132
936446556
606936699
606936699
561547912
230762590
604691169
273690271
561547912
359863101
142904710
730869483
176672284
729951927
904060991
876101537
232180426
779775789
300548594
253081823
751811264
531174447
531174447
226289862
108258810
32704219
712926327
296051202
858186985
313348979
78029690
940809787
26311276
140249018
103210078
13944353
701829512
404566262
101408763
317374198
404511414
271237001
79031377
391575917
459344361
577885379
952601926
705320204
504614115
500353936
654124263
106445149
106445149
88143125
518380082
644584562
234359211
232420543
861039497
481861650
945564209
559275869
579437454
428368435
559330717
656674093
812056489
589773960
741571277
40273348
494095688
276683703
629803184
959422543
15081453
653953758
34404879
909559937
203939717
119820972
784981465
557505303
957147185
203912293
353172477
815764797
403051373
428819577
347995399
878564018
263042854
571905797
148004894
816180140
229954535
573706296
422670711
672851062
592115297
818770032
35491454
35491454
22722806
573836998
184647443
451012835
585267367
952314169
954328344
952314169
973561420
413101199
658895042
605433772
643127919
952314169
892878727
588935197
201991105
41405201
190046330
928627007
884472321
810927015
130050546
782202622
14535896
784453723
812495140
35293761
259839520
534448465
291473985
707886969
66053680
232291296
261022981
241329678
617127042
154950640
734455903
653957600
951984635
49494632
264730000
347729093
49494632
221342224
297276252
242739277
104988501
156305936
115419626
832288502
476724534
491441268
669600097
297276252
734455903
248877674
223444187
76495201
218324259
218296835
187027262
719021745
734014873
963200623
220792419
584419226
639663690
127407535
409684237
826023205
426845966
356780116
359946758
278850139
618261404
134288929
618261405
12676760
61891449
713020477
417865010
828717230
579413104
357366791
923361640
165790134
704214985
266695423
24136960
878420498
656989197
313048615
303993239
289355308
845647756
955750873
656989197
871269764
434854815
692297158
211049867
968303480
193461178
446839731
222920166
447903785
991558244
126952179
285564253
937759406
192796399
244829161
479436084
347991415
162575808
107852202
183563084
633499053
859114848
625471288
814157278
472052249
179200608
245179637
755024507
883477823
425113919
328996922
9489582
425113919
57634374
543051865
420576431
354195643
617173449
940334285
315249326
13098281
77345727
143346432
486659598
250829851
955456161
173348692
927955504
44614315
796296088
693134815
686789428
477886182
955456161
113825462
733020673
94216194
528570645
441984532
528570645
895848665
759047639
593682634
403157017
948484058
833263469
309918379
762169648
115008229
315154086
215631917
470767739
561363386
115008229
616250928
829457527
164687150
215631917
43747121
882050083
294815098
425844496
37180040
928342198
37093651
37093651
74963457
751518530
180751510
971376361
542312653
875127907
870181506
667815324
840863864
435072826
785004904
544804940
830198822
362256494
373421661
653512349
550045207
156576576
951086011
589195760
382065460
265342064
739534163
272886303
207321547
140467401
924029515
796470468
21951005
706985247
229435027
886496611
304004716
119913026
511106476
949141778
190284035
511106475
349634491
312729826
580686204
512382536
565416869
492202402
767386457
988896095
530802919
761838446
296676657
979227222
454937016
454937016
565486408
52620669
705625336
798945743
19616245
100759687
424693607
955412484
331665715
990663780
550546020
960663633
894175827
550088397
724670679
656146827
539352105
80030976
902088330
973745774
81806171
431487680
25478469
430810954
729270670
516261287
459762419
63231765
978164616
729270670
516261287
298068230
27480421
313593789
449277731
650968797
428737404
561922798
485186183
680853909
826320435
746448811
464973865
310487452
894582526
234443611
691959549
594019745
332688455
258860345
669288347
276209909
245234170
706657701
499584609
731483291
90950778
436157633
641519080
242025975
389900295
369658905
3241201
256462620
415766186
166133634
924514537
373821106
890198263
620383489
972837177
332495594
552589016
558864908
365160079
158335354
486061725
142770510
538071111
823122398
945940691
347532303
919558564
331958291
282234827
761639389
548229692
809053137
952916142
754186893
545020472
709644345
644079712
7489740
488128659
399866789
462541937
507992995
390353339
591555533
558628190
990752328
860460346
621722724
64095923
113738488
732341284
933751861
676816531
592802330
397533055
821960808
199445352
917695722
534855565
578251675
479396624
427873435
275181122
288220218
120831073
357186640
511159169
74924307
932155700
298901589
939687751
832813582
178225349
200213290
480629312
916024906
738064507
797595654
825152637
80130764
985479033
136003879
480629312
938661286
225335689
448827951
750373201
646986051
377633865
975123943
666246591
632767688
976727681
651400808
666246591
492341467
377282189
976755107
269764124
903950412
269764124
86064297
650150923
177807294
672347844
712030134
493253551
177807294
902052282
825540873
838307458
311047753
198039189
911845057
411273590
733741764
242513687
730005342
420156272
61578608
942137974
14054067
380672633
286656731
641664224
237621628
561357937
117113686
608473700
13518272
507981060
479342511
155972581
286474121
485531586
551058061
687518498
359743275
475567825
358951083
502458061
607181804
34038100
848456317
915773903
754176905
649987631
33057420
734229657
213634029
342506119
459839455
994559699
641567473
641567473
373603622
70003147
232479455
939713937
721798613
217447032
320374803
556192875
746428966
333391183
312255317
15812796
394342797
467430729
107339660
170135366
34017829
744743007
706183461
995453764
714997561
143624628
452649031
361035540
358798271
884788397
626440268
91990909
522458625
158245367
376021540
6972107
766313451
458053581
10694189
360438878
533355398
63695070
819632004
672384811
89375970
360438878
270261415
583215517
834291473
652565120
929535270
918943791
825752867
807778342
269625148
497359886
678960591
241611829
924743572
409634989
782131726
169259576
705647077
270165534
367100639
341812610
720165731
809658863
179847144
398569030
413549032
354373898
943006030
88420952
59145930
461062876
617611128
455551420
41657055
908007169
498882921
140805789
239191869
664017458
568526673
55861903
729322953
632214542
622961079
32218086
19361225
787615556
236622654
371115293
283299864
762326269
864940596
517806952
668380284
516536010
183088057
615261768
182740184
710771220
949220937
333907556
863686641
436481378
159057981
49876925
416506859
834483396
472904974
147238752
204377534
465482094
759158408
85578761
828916379
807423642
170966324
408011309
310638699
78630360
164452481
645569928
849739153
938637497
49738350
966024370
238742212
131607361
851025295
485117401
814343940
814343940
728694428
386529999
741897725
640961081
608313543
147567949
856095190
870936762
800299049
753235693
374971692
718639162
207825924
273918258
183473553
607176488
983588231
967364760
919046313
588569140
200116797
861424566
659869190
59022934
830517992
88758852
768647783
626257478
761802382
175749320
717501559
514596793
162890470
561970603
451260143
989926811
225748735
419998508
207870142
849209939
567332915
553302393
242235441
274255868
212155445
636736571
524042333
37131736
460568831
894218180
560762746
879223980
944516932
42814125
319250691
364518249
57979363
964731680
229685830
149147579
927241149
42786595
811477808
145285637
121893016
255567707
888710825
750328407
512223625
118291857
541677277
888710825
362166170
196304577
987075144
255567707
921647237
330278896
663100715
197428647
330278895
776887677
816536636
949304201
181731020
161901851
788598334
32203528
455366152
384117179
174353395
384117179
530047960
212541697
340220675
417726102
49768833
913859344
98809435
340220675
384117179
600083682
252120936
949726053
683399645
913843235
63878131
131355130
430188243
798931172
56867302
73646155
992306786
113361569
113361569
53901513
853964047
933426579
930406701
853964047
53901513
930406701
806952342
790324644
26808186
366261394
558746406
476572822
340685310
297763926
903224684
281632144
33518264
89375252
581975168
14978545
302817446
959522291
723441068
386111044
58854860
672961764
874625752
111870968
997715394
639692065
157115159
375699538
995580115
633045055
549497177
611648692
669169483
483758401
234525079
655868776
299245853
391321644
305736084
259830872
20217907
332487303
59206510
72924709
189104688
458463531
963470137
465055127
482715724
342597298
518577938
20645124
630632557
250934567
562450687
556114707
482715724
172439648
625562248
482715724
928669198
399613028
565805995
695808414
172439648
954596492
330783794
452704126
958904281
642700317
3888139
574837372
687794619
33790885
444589925
917302745
33790885
33790885
320185625
358508290
196882051
469495416
760564297
917302745
577843291
890062300
482092135
395139380
3504653
393978290
644862962
796035045
889344071
891554014
395139380
926980832
945792095
177470756
340893007
98897435
6858052
968083901
581264351
288227602
741537149
288227602
313338373
928335297
661037554
229165981
609152689
346788146
669003914
737196239
22162721
892488109
679333757
501116484
728575495
294369494
347100810
795236976
699147290
803348262
230589376
836972666
294369494
95336692
955420881
320461925
818540357
34268859
386991245
776316333
237045302
72241378
911536110
70108273
382239714
783928129
116484196
125755768
814171400
892615208
503526886
577176224
960048480
968827635
609319743
909474122
817152790
383993599
366859293
686045373
291472879
960048480
881370694
412802436
406922072
53239495
858900601
228536020
329198127
668974852
749956167
338446864
120399700
573329746
53120144
887528524
495074523
544564615
989898506
401153784
397002837
565801263
437019299
509763523
95679275
830184342
830183841
107247393
807697870
456765256
265562681
24227397
269893429
715063277
412729600
963047851
18750333
24227397
860898431
21245806
382925098
318306161
96231106
313370011
216462128
163566927
135127666
444635224
440748704
812907655
606820985
592368331
216238412
830354694
110996003
919487603
723750153
159223246
648721800
542343027
699427136
451230573
765790075
157667789
502103389
989149542
436554302
533579131
904843402
280593062
713100199
498002326
68664452
282971176
274322567
585546782
288429175
434712461
895431832
35133244
437965825
299358006
801084323
876451015
574082248
508054050
295461860
305468203
546058897
353994022
152070803
810768882
610133476
616044398
355309088
288643075
805507619
610133476
292140034
351804090
389734329
607944003
408870277
165903102
293435321
463795612
567295261
284909679
810588432
217418416
666588805
463795612
284909679
944101931
648951811
888313924
441360205
287176579
399195526
857633805
157847630
159543832
454302366
15193407
158385909
529138389
852619153
400490560
399195526
48695360
671751269
689623650
866957779
659160184
667485703
719043134
287176579
365883084
498806188
618393241
186035839
268493330
246002079
930863567
482221029
709139421
661030215
268493330
427247238
146267811
644912022
533678030
353524637
718694434
268493330
806546237
323540951
234460388
738212725
956955787
106536956
715810581
964734805
209861799
803049928
314270170
32453796
217040313
558954773
844823851
610891780
956161598
51368326
645859551
452686551
674152278
414917290
901559717
133907470
479005379
111810340
111810340
958133602
691407916
793700528
967896747
450677473
910438635
845970038
129864094
583856687
202593758
561345082
550297873
473716348
445346303
994174594
672554654
598003484
321958644
17204701
688874933
752128310
690988274
510226201
680663144
75499651
200387061
134995784
856058198
198025277
289667861
672600261
876306466
974909860
908639045
956304656
151495044
933659789
112643901
468133473
192659263
635930402
961756437
550980321
550980321
961756437
596704411
77059013
321404323
549001215
641947166
139089807
348945644
91674721
887765037
833881663
831048372
385732844
983210431
441517127
9472644
280153673
458897978
416790293
546358105
290680567
619312068
7006315
953773070
152935576
801361055
577951791
286484561
802392761
388579677
718829191
432049058
608590252
522369567
255544237
185909108
317296265
205552440
55748214
469174220
253352982
942267594
750031872
428093514
789780768
930711564
108246774
907361310
602803456
751197306
101793127
825100977
604964579
157374109
922789762
604964579
830408311
583787785
815781340
29558360
923182874
873611903
809410938
438088734
115659774
756754936
276103086
236894155
7031050
255765323
818487516
684176371
111364485
437438479
217285244
373350909
266896016
105205990
706735503
502115413
625943295
79712238
272463879
41699666
268457898
58894769
137292022
43011775
255633389
238198618
905755546
564696019
946374715
834797267
156845547
946354405
915941430
646337903
777719422
794932422
175675689
19080025
777719422
609377624
130728399
891112317
172451669
143732885
874638537
981057597
578244524
235795177
814417835
405389580
744503063
353653110
214213158
912303132
512559859
446340485
482264457
679216163
545405547
650484368
617423389
507866182
979324539
524374081
533361072
534873869
695678555
615449303
217971956
892632129
606104825
735098265
616272712
155887533
58355257
244759678
684969898
559229262
899705951
873312935
979040487
364916479
870199025
315213236
871821346
693194697
280178084
315213236
653372756
482276853
84930397
122784755
259229820
635353527
555217472
216237321
614490369
468139379
308584085
268816249
139831426
643596389
308584085
89633661
453320524
119322962
614490369
386173406
731399881
425568921
765307835
785915446
369737330
128278490
689568573
659744773
906257350
931996681
520945389
524867173
585808146
731539819
786704595
887560083
583358516
761098472
601296697
436732651
895091958
601296697
393636070
418817888
309940514
453287930
448964661
212105225
76899655
714129526
941826117
656384886
245484990
656384886
379064428
189957928
315893390
468716144
967838951
854616598
839085489
595829291
663726444
597756924
827613598
777230309
827613598
538919656
647843500
248948374
382973850
220103704
225129179
111212104
243614809
660312867
768020002
705802410
329608997
552464648
264930112
391394431
251765182
48814507
266405234
554837353
75772750
895604607
33454376
349226274
243034374
876431394
486448074
969854965
784387147
701889923
440780520
624542891
496880250
322589335
676671098
676671098
484124026
74348620
669672932
109079132
468955212
320917401
535288668
186080846
544410472
900603408
766040506
829140549
841489982
69917391
815226294
889014619
766040506
502495148
442169072
199741333
65493954
245954281
602330775
197876775
877599864
910501523
51516562
542281381
890720703
79256183
401485229
947266855
203262157
810333327
583760897
245728980
612119427
310995822
13412401
506618872
693372481
95678168
927895016
784398360
304131345
679463142
678410188
391464817
234591757
620702889
583040344
645007170
832026425
475862994
912005991
313707345
323251825
523229898
339133911
499061599
665790322
873622714
985985861
169187783
467400327
683954459
116452350
251141949
524447848
273225950
627189827
215899913
901889831
519343156
786606293
467400327
192175907
423459289
575131218
315758636
481075659
964126677
484514662
609147930
964553440
575131218
468437823
163175299
149674600
814645686
548698369
577914304
315093443
860664197
526673789
912320305
792289180
22312805
328708909
381100013
204033822
626162495
928805122
637176014
144609880
50424152
813488763
861754575
283120380
84063929
216231582
462966335
213208192
572292868
741000546
285929450
567552219
218906943
148315993
234963986
464719601
962557146
585167745
227495930
238195720
254054124
679066010
993529339
303745550
991382559
539321720
83177648
652010677
555370498
862716361
203900253
944980812
303745550
993529339
901781114
767061279
72036184
879466470
718477427
592930570
889276892
153803133
536256642
290891696
368859234
137302391
826170696
86107724
871544080
352350605
407514838
608082392
538613046
615245263
804024444
303150743
28424665
666419244
954258002
407663204
817399289
954258002
345716637
788232367
624161808
357282096
13079369
833950877
918383266
223628977
492553260
402589765
553627805
971475727
174315258
413522367
469651505
188036448
400168021
651081789
676405359
206025944
26336022
264779747
165137119
185402143
679127718
761359830
414736783
460509436
101008517
572869458
899938024
192929060
955514691
753605453
532861517
746407524
218739142
668593164
876676958
339915275
488408696
231835443
787505545
337611992
352000002
595356826
441678085
860204616
314387121
738731491
375332307
187099319
925296858
383491783
486669419
733832175
139386508
474679322
55472965
963976630
919851444
592853868
366962192
640922439
833144547
278514949
787241938
393842941
476475454
41292914
348874056
591717794
843019869
200416011
491536611
650375053
732781195
855763220
33143804
296308145
236585297
945262487
534074536
588289108
21960341
480138978
20877483
413871458
722807446
191407686
229980669
771065490
203386412
260352995
588374565
306092860
656292917
649173064
375466087
303924482
574265035
227554799
427223656
855617581
739493646
854710577
952619750
717103059
241788806
353352062
809662964
874410098
728691725
381992018
371513253
236104670
140326843
956073633
625567693
464309673
661664856
215497020
67351717
459831041
911949572
695588271
4269178
872301412
189854138
713773355
719095936
462755188
128281971
674352277
738420898
735982911
523606810
374587159
212218201
545302650
819598921
449676820
858788940
464270822
717756956
994362007
507257614
225743197
195670008
440080882
840851472
702051687
686901578
844214138
495519566
832500032
168904262
275958250
697579731
391627884
822936174
440857462
216227871
55135551
402682771
139985599
103529690
911487104
640387323
827020294
314662763
139985599
827922441
916881063
158019344
595029939
511798307
111688797
759098036
111688797
40674646
780403695
984415927
224350962
728115736
243763855
555517162
120525541
270726939
316925465
373391969
312543918
111688797
966079962
333420369
135811081
791496007
314355841
580324622
762583573
187184910
761436508
587834230
590785683
952353443
327192922
271513673
143134710
443653397
391378872
361370055
587834230
735396674
439625057
614219231
952772129
955487422
64665603
721672738
705225636
242901876
722049505
90000243
661325724
939871939
725325347
937056706
973352479
979194003
10423418
368254519
860878078
116144019
908507682
738328382
390236328
151938990
127532166
992515904
117050676
258366446
896057670
361241690
172008334
862532862
926693816
35947729
728525988
466636290
956259976
307986037
67918062
660176721
556097865
585295547
549383189
511206618
664249866
847964537
602443726
107006474
665647525
916920319
345961094
541410128
768268362
152423029
461890757
937138509
883813243
901117216
512288336
985797710
515994519
727660727
131282125
111550360
861783060
312080455
217751995
487160309
242416911
637364288
765661461
32686336
626976665
200419522
957720242
977698957
957536965
133040710
456881034
558467853
759726464
430631024
759726464
588537672
873363479
977698957
109178036
755834856
906793179
458059284
129038525
544132366
594984069
969466755
97209882
866191084
144392393
644260884
403504072
746058011
537347455
385179230
729446773
380369045
939481041
313602021
238459413
362439647
813765095
474281200
527268013
708251065
725577020
954911699
883254820
529937125
420171066
689663305
201842064
861407390
655966804
696709990
607325595
171126272
255741598
624768748
358942264
583858726
536756607
661346655
146493024
80505301
121834915
233776713
757182403
755786053
820789695
765059158
891046326
622373867
884646615
950334216
290280156
460011038
428284172
540139697
210042252
305869780
846371049
663162640
180556566
402605242
521566163
699809605
555482011
126365519
248524191
253015380
100727447
847075626
81003402
572968250
643501842
126365519
840083752
639575762
754911292
202303253
245405056
980876865
80289420
399693138
593858354
767008255
934622262
878747914
989765630
783091085
940646125
878135424
210429554
192583585
929057451
255093100
212623448
813779496
259188940
569027260
597527015
735688111
680304095
498397358
251207173
897447105
743261094
867008627
643502423
893498573
397845715
984878059
664067905
194707810
878425616
897447105
512657117
818978070
249231593
390627436
913069925
751571508
936174160
393446543
675232283
432441900
666799970
181318574
172636052
214394957
986394774
977998572
356179755
131307458
446095795
474870948
249936884
38682757
622691658
528966416
428390232
711814494
902911429
893893769
36695944
179376091
841989204
725469111
730340502
518438538
578679117
848581713
225276424
705169302
36196124
113562812
803302890
881726201
617853564
25504179
231439281
970928157
725176852
73534206
89154268
128716604
658161154
904755677
369711960
128716604
469092102
607336845
497024581
73498356
165532786
313785424
835784989
839723989
686084832
333844652
468013238
735476545
249582425
595535439
36257360
18466726
738756624
426056613
242335149
18466726
292561175
526764353
967024006
322776388
716906819
805420376
225211748
575633365
78609647
3563746
214163481
659308040
628693555
830849967
687394863
790529339
746823991
402198502
956877625
956877625
51303578
872702180
152179707
240242307
587911874
540693285
88235913
206297155
464136285
206838232
891681140
607472006
542534811
468984048
472291049
505598039
549239658
457796087
253585501
301220213
84997434
14581626
667838044
488296054
497341926
70462226
133778223
768631204
286571864
453175152
733568338
764371916
912287480
888304195
408770586
89952602
888304195
182511536
348756927
774637429
457565596
415068267
752582733
990065214
234894351
947842445
667494898
152422175
449792200
368744275
166504611
166504611
111658901
266134285
704779182
156026393
323546450
194341874
290410932
682137784
512160274
735695301
211625586
147758897
245690539
730787133
211625586
801834861
906160647
486307536
773092174
773042766
507078038
844528967
561472770
397058578
276627795
428231617
431554461
209822301
304246774
985611893
743459123
14112476
654901714
687771427
252212594
803717903
570725183
503629382
347601095
733706014
64219777
973435527
130769246
139372923
322429343
820876960
977989890
186978442
576147445
519410443
384691602
288572201
200740276
659613212
409703461
237498898
640012557
803963665
70504967
192037095
678997862
534671216
412266017
381750101
171896599
652744798
873313037
732240891
171233386
205288346
341351109
513374143
796009378
208850823
271636581
930446893
643344380
137956801
959833728
533394490
762824418
109040596
860171400
366096198
74269037
423103762
159723168
456983185
451976224
994912542
875019741
131574163
740953088
161780856
845240884
625273276
647887560
312807890
657301130
150178432
875019741
325104388
803026892
483091156
839272249
259928415
377273138
984649299
514653710
22568388
542023343
316258971
600593060
407298723
849235342
92461885
656596886
497482222
662280348
807685270
572382127
406113060
220245704
87907751
279287282
945394378
328092468
228392342
994254785
352047845
259791690
275272845
710914770
351305377
467244185
981284650
663970308
223362578
776195937
31738612
595674665
565646191
300643280
720853754
988072328
51966871
347519431
213345573
312257806
507704107
359565712
162660967
89102830
971451954
91520736
380347681
693541477
588957261
95434789
954058898
789649320
789649320
258063190
414467238
220782807
820763825
145189400
335000521
90859619
79001234
927766674
567384700
222109821
273631706
169662850
46774942
731776792
71247803
754387161
322387044
125355530
120536356
894559257
266116449
569681433
673882567
957243106
935034403
86072228
713153829
404970718
433229772
475411585
537893221
178894739
537893221
520382435
501384688
50187748
132662189
221033927
132203930
444472297
255972243
606845393
323477428
575514409
466148106
240214404
412760308
730873262
301180995
15103493
26293367
106875782
19727515
761000047
556850452
487863867
885981527
907120158
450977612
351147949
233555850
145951996
891601024
827885319
652719763
262608367
189389950
617213729
986611100
75359193
465980707
188478576
606760298
359930809
816742567
135319287
675400851
422518395
930043711
634868975
359930809
940398582
507539718
589289336
76857344
454633128
724873808
807884441
911693229
604994028
183565042
271369259
486937893
787174399
838816735
924557638
371046140
564110850
82872715
255463599
642907063
116487030
94535324
255463599
198438667
724714846
857929
337682658
939218593
712371713
370669339
987457388
466869983
73906874
797904154
611510837
313217425
788686435
683837145
865865477
793565572
86074977
658918976
666551758
440349886
607768081
639372420
663104687
421325809
627250173
658407967
247283254
247283254
864857658
573586301
428830077
275028850
899904717
963603285
950910575
759838082
838963629
352553252
130544780
976440420
10141323
786600845
829347584
76364436
345227578
313228222
796087497
104641773
923366374
701030502
364615075
936231972
230876128
32328982
47076105
401884853
206157238
810540595
679292128
131512531
549061369
917014921
843033320
571324068
588357550
239331953
532693051
617760178
112069103
878165471
262812403
942296256
758554600
412972288
412692172
611376455
579039170
928965227
212448296
67787794
146249003
224948908
728075024
955882903
705354772
252187158
195120872
618582482
539656883
61718044
401150738
328232598
87976914
610401623
766196976
55155390
826114369
680379670
959154466
895226563
331862786
781724996
432652932
259369059
374745747
908806842
660477304
495749847
512847107
760214484
953149459
288291483
764013936
400191629
289943553
804465802
288291483
81696310
764013936
35820808
666543448
228882271
715248329
306028127
418919142
535675600
404524479
758621052
744856766
807019775
706957870
320640024
425699152
317062260
83641364
669570859
389083473
414784496
306325618
762540044
410619269
365817001
35691431
427367311
759134370
84795999
763053074
612781124
555223768
619411587
578042648
798602243
65749964
514105662
420529529
526785877
740658349
349005987
718997338
276647779
557889550
500084281
286542651
866916615
354684207
581049153
701707625
429452512
526267644
286542651
934590235
710182091
526267644
281612689
338468462
809146605
89698249
133489716
45290367
248916582
513668669
117798947
427555074
204299591
147712862
569066516
717238738
259066796
715008554
874498827
440518025
675295443
636726363
597107697
621983770
479182019
21057975
263463212
824334978
548937484
487711454
642551309
49403085
958642847
900125278
691613926
67712921
673191227
433871269
219041901
533091855
614166661
119555372
422407990
389544810
101789996
993430962
630645784
235877841
53220545
814121054
579654286
306243535
565092614
150586404
467070614
57906456
740995409
575087513
584079647
503028337
400456437
50692910
802775775
707295850
272935891
452814188
19221894
490307285
339410240
866461638
811126220
643154630
249998696
811126220
777619583
227213352
941284866
68903516
504757990
164529969
19221894
756668242
709155344
268656795
564586150
506734823
472322498
824834822
24110142
462240619
531283399
542640365
996836602
272248857
386794558
225527961
251379649
959814086
199676043
366234150
178981181
302430793
745536948
85748110
468307043
831304138
294443245
184900716
743846678
376431557
279984810
847018008
316216789
119599096
716723868
600473682
684119344
267758552
465793490
147003530
790644611
768967172
542680031
472086890
675700739
564561785
200688576
589115949
41724677
343504193
396075573
851262412
550496344
897659540
143054642
30740972
297882350
914796281
641233310
976164950
546690773
652491048
574582516
349946820
954472847
585674841
429856037
812048405
33480373
16458614
665944238
835511761
717863351
106260014
828103142
855729769
148389989
531619730
846678660
114375884
969789315
39327221
4144855
471647542
853792944
486454249
837547754
981326167
673707266
105548569
351586856
270348398
675931591
232564411
310880466
514332425
295858973
452768154
443382783
56914043
420085244
494151389
919082190
989112695
416800112
333041404
40929009
251868076
340918811
148532149
183758734
907384586
938808105
297163317
310070751
672394454
964061111
414506405
413772932
84113180
448457375
365086068
405895153
405895153
806695092
730842884
442727152
264314484
168197856
264751113
589076886
939956250
714954710
688610330
687405901
434482946
152942780
863702969
434385266
237532470
98844382
687405901
405265116
755777441
751660665
291550097
638547990
418920859
727658542
893620856
860443379
886416643
594062139
858767828
936022563
881099711
748529015
49791928
720278981
921282427
269615690
30828678
391684712
293675945
936486818
818248211
952744814
961689032
185421422
159559379
498188446
591698512
169027167
451338845
175676617
875647976
806268891
769037047
875647976
164202490
872444576
497040521
5701411
78962817
668941345
936233337
953621518
361246868
618797108
394047339
810925593
629371026
174807643
365017967
936576706
936576706
859692380
512963670
181024208
173483324
343516254
192484641
766114756
60393451
976260419
441467786
198087960
897178857
223041438
30795436
342044199
149623051
919644669
415832278
947362540
830924045
447319818
69827506
276242091
686484182
82604196
308836504
308836504
158768321
569795104
547959528
455402327
656756758
141888715
141888715
421048347
957332700
685569819
796941048
68489210
367974215
69320407
694714821
694714821
634208974
344436601
861444677
355723205
861444677
157485664
727096717
42702306
965286971
51759682
354602856
344211221
946924676
501693314
101669394
594062990
33612213
899042154
398554390
440399540
205945899
343199607
877250870
104751026
632487242
85099576
391508492
289170429
526251545
351000536
249464941
167799176
32720104
943873226
523688028
927648026
3871306
712427556
533234061
953318994
931839299
190174294
963105735
831046919
214206995
938378144
98041953
259409618
294071433
710494861
812031840
614370482
559714090
525622210
560867058
622115108
54207311
780349035
187274346
354714957
562794798
646551575
69259173
658977827
471541327
974816346
619939790
265052877
800400407
378294066
610728848
732860781
874796877
9871370
795884509
51512946
673975876
134203719
378294066
134203719
710968214
151369846
423975546
179007693
420667059
952617216
734640730
759568649
511891821
360796773
976373779
506358569
734834217
509977380
535667891
745435692
431791769
105735854
116933126
420077823
702442423
588662561
747313364
837594791
731376964
393951862
626727124
869398716
884944537
917822118
675725472
971963444
913988014
727257841
227517053
45745109
858651088
875876564
308761671
512710053
913989076
413931277
460836748
975915766
309406710
736162215
715336932
866314689
456478259
652577086
884423935
689408113
542782522
948032805
354067380
89460832
379746836
264918238
620871333
38904938
542973780
417534710
535067828
743669144
819449899
866059093
583155963
972284539
103020223
290865406
332299555
971287003
325805520
866059093
72194940
796414481
290865406
262182227
519540514
581144340
369320369
483316601
971287003
37306987
505674247
477629322
193555809
80289433
654189644
812565212
992357459
244711617
668536537
547480201
119308201
941170710
472970487
845281678
577093933
752021321
976787724
164934719
567220239
234957887
227543487
595422449
666574836
843097449
297422693
726445056
649623779
890524803
589818578
890524803
137630038
905565621
659835297
899307456
700954048
608986914
123431578
919887852
586676639
793147723
982591197
586676639
77507410
898040890
117921251
76552564
620718600
503965640
132931003
411488826
861041830
123151179
123589085
607305338
19091087
934802389
296755573
250433837
50024571
792929611
118692747
312533354
207736041
175862675
827780778
624767290
278237154
808036326
885930933
898283221
843459659
911051803
218118863
741898103
585786693
150259085
623870902
186582878
452078169
785229647
886527970
585993704
713949577
833106825
682600943
259519100
226499212
610589608
8509390
316023015
575648668
962114227
128170382
339428662
228369090
47731396
807793166
468420456
436003423
667632195
698742777
717116602
688353368
834544435
462499251
392513603
797765149
927647945
546412415
149475812
782165388
324191359
858594889
775661308
665179788
656348025
946818642
763281679
19449047
9655996
636683034
814760543
68277175
515132003
37505457
736961047
722703825
577240631
127652749
1495831
310394956
881326549
658697525
750679033
619556252
373844846
337230257
687553416
782586037
654873439
849243391
924256432
602264311
524981962
339234014
601921782
261526471
757009914
211019498
4162236
777734439
494832961
869582513
531220849
872906668
523650473
462441292
813513099
142788663
360728890
405794259
995418430
963989912
667231851
422853887
972651366
770189040
848995210
972651366
267186330
99783295
21060739
118209628
890273128
407745375
752105857
192270250
67327335
187011913
315954390
590930063
862473126
892556043
16671710
319790513
886843340
284482822
289417053
391960559
514169087
94701950
864674144
488007012
89004144
832589940
743726403
539483465
561699813
850187929
973853763
228698002
374107710
983663634
851014865
851014865
850187929
510540098
557659027
230005142
647012993
272901941
276900627
141789804
866913074
128598008
967354845
625266478
789655934
17333014
961290468
20022678
168583087
475129426
155830079
622237094
577224677
548046975
75764642
330007476
184209434
390617096
61700549
871744992
311663441
916489850
844984556
750277784
497765874
865983580
685941560
434121289
685941560
851096733
454968225
324642846
506520228
93074126
614095768
647619992
504752816
423433375
96571016
545287195
143177015
208292582
570168954
545036777
96571016
695401151
208292582
568634464
772598399
648771980
171707414
292649299
423433375
573561461
136834851
815906320
350058162
944830832
980967883
928375167
666231818
195124978
813233248
281434389
804614527
792417919
117247618
990510609
159164441
520369415
783421922
316959310
307794825
924366380
274086861
345625346
226058303
282528874
783632077
904056724
746921199
695475307
972295541
830033256
489246614
450966441
295236895
573416571
291926514
672965553
990204485
164042419
589437815
444748197
249715179
354856411
992161265
948277554
596120995
656528447
813141042
289932144
707401146
12388658
486265559
915148719
164400852
491393187
916433215
995014045
75595168
