999
1406
108376441
551609071
551609515
551609185
551609190
551609197
551609071
669171546
669171281
74700834
912178874
50325208
50278070
751459259
751445941
751510948
751543841
382622683
826709886
644449595
841137364
841137358
210799942
7105325
480462730
958195992
192591923
721877304
87956440
682416404
500958273
878914989
847125946
243169261
920671863
232071267
269668318
397863079
62222206
992655295
968301191
342540896
479462523
229747433
207614122
689314281
472085398
12105303
61673276
300330338
199459040
59282094
318160647
943771103
803816108
583941647
376718460
611748839
376718460
96455648
96455649
383762222
417996538
794095188
244167530
938437656
537698520
380709376
897798882
297139929
630117755
548670801
930914421
171880097
871295825
102785190
484022397
5237123
728517647
790335642
905846855
253375971
490112656
148203899
785034434
464452948
205968705
762846488
7990610
928740194
395425800
928740201
237336782
395425800
223773640
405317371
742455290
983837590
763154305
866420840
965427401
961915973
963910818
38498297
38498297
963910818
297590936
991072892
165606668
153289982
990548518
123448488
106054145
7747844
476083079
511039604
190374846
372695608
619389836
422427854
126516510
979283121
578433436
522642526
620520206
735976214
190234194
994364126
153818278
26039745
994364123
196778852
478208741
164849850
994364120
477567791
834691923
467701816
501357659
994364121
215327452
992670625
727365750
26039745
483149701
551953415
888579378
895874901
950402120
702835139
907865875
366134589
983675390
157420948
607084187
745236933
749541211
939133386
499177077
419378188
422363753
940847884
451888807
992914318
495437051
764361360
179239071
647601017
499191817
538353269
499191807
586763557
524951082
435535972
930344983
460120843
478328801
419378188
993952337
551160633
644654819
656288355
499191814
441912885
495826912
499184440
915967429
265982575
114272579
860985710
850092925
451688486
449672451
342217363
521147070
506984996
496742427
399696078
699503619
716744885
30478954
546634334
546634332
927083269
428015680
640754172
131429105
279814895
640691196
131429105
539954196
835674034
674200684
455436355
79176125
578828341
156155204
6236502
156169941
209712462
787364134
224193019
224193019
384960382
392381903
97258863
455736935
665228912
570990026
801539087
813984388
922846168
191672168
910160480
207739156
932155299
192536626
948577283
835843371
910160480
910160480
675769681
336424294
570855837
519866818
519852090
738997302
685920536
104399265
819662502
898759530
154509499
634263587
626380756
101879362
414882418
148292765
631167421
958632111
50676818
296127967
224116215
944888650
914289902
296127967
42751978
228422101
549405996
107458493
216660922
432770864
271962756
656001632
91863629
888384627
862330046
355802929
637354372
593424765
789441329
993375991
438184206
169478458
217298505
962930767
151802107
482853173
720906121
417385350
605293812
482853177
180586281
148286606
499682262
917233141
253815097
819370285
659845084
707497847
865659347
378472104
946873752
678546424
172942415
678546424
547673487
727765028
739379255
284607282
665662083
364914775
265395898
212709828
346749412
297207753
502248054
935997550
243927659
243927659
556851315
795987475
243927659
733433968
21044520
177787424
177787420
505126415
658256406
882687851
391541167
977219335
502963712
353070892
195981454
364237049
190313680
364047048
384650815
364047048
506676345
155732498
597210717
54166961
581647352
496766571
364047048
304666662
193389482
604161511
718608122
193389484
801298166
695991675
322360479
261038310
63745930
721207593
336480600
219637028
158762311
97952979
584525989
279782021
419728578
846764045
332603342
53933363
845415126
500020704
747323349
276857361
783069649
276857360
491742604
972595158
893082821
718662555
816525411
536942297
122906504
446804350
493354452
176226298
396913108
446804350
443722018
627890540
356354897
586421011
834805541
603522241
86842117
769560140
757982210
769560140
528750347
834805540
219904626
701536184
179991714
182508907
478232467
985941357
266054124
35519172
289865431
806478226
852186492
166635595
900511776
256172215
900511776
413449205
906377019
783528658
846105529
834301868
467904875
449392098
112430198
320035602
156210843
269456362
593276024
593276012
492838282
870023045
930407447
89102315
89102326
797785569
33552292
30253637
73954602
154667006
638542993
721800342
217746704
158139754
411253329
997907351
464763821
196255248
241349818
241302536
756465068
503530123
175102452
304524057
229754119
114399104
64429253
114399104
71325851
112294338
403440173
465008607
792662829
715826953
700245650
703956452
192345227
499673427
752456069
356359370
963831899
204569659
549318358
701383756
217707525
498663924
930058636
402915365
460345948
467518488
153949531
799251261
162541519
403323244
679638343
538820089
736705143
160591697
594272866
714714030
735913705
23562591
545219740
905221290
838501069
364175829
365433034
303151588
230265844
661399236
747094972
16193346
302082544
774880115
908062877
212946793
624426269
411962298
354950543
570060871
540117446
35402592
496515109
392527728
389205677
259221947
725508794
639553680
626802502
890398440
981090575
836320609
853260045
958227701
396698779
717274549
464302816
464302816
320029420
950808649
198496013
273648907
382281919
156248112
889968223
979367422
827050774
126256458
27474317
86383597
283018994
58732875
913456010
610107197
710713391
208969715
446438567
542371945
760450044
705631573
822932701
445051689
885680508
151992538
491904495
446438567
66542859
542119465
640295301
406658916
216991483
552211032
715772011
423925409
421831065
423925409
237659881
652850594
703538588
74485186
96701780
695944603
631659903
951223650
913771985
817024089
995741870
201819658
226246250
168134144
838624928
135908425
326614846
265483156
355223038
446234757
69023468
310074973
643219672
867542700
81016870
50446075
499202935
386746969
921267122
81016870
257414425
135847061
260045766
671655823
742794273
602806532
697423847
413089257
897636863
567450226
835263848
770744156
111741677
35099538
44854303
742428640
993655584
932696080
902680325
730314808
361736399
887103561
75428543
869254931
11674996
276033260
668738464
201432368
78084369
398258083
140541480
252101501
867346495
651619794
276828936
874480390
986028801
8926570
566057404
321749525
240464862
390725094
793660992
167078775
36956659
284543855
905712772
615275816
315789128
95325645
876810629
259797664
284886412
568554870
351282563
607454025
776065747
568554869
100144845
938318785
751212703
470337892
388308511
338880203
950455024
259236828
655028632
558536806
61263876
663161738
337581462
480743611
283761952
367298530
103251201
197580498
121421275
575730107
790817186
922389112
647818443
352788037
892280450
1066030
1066033
496303238
327321712
703289631
857940588
502211535
389341084
741642694
879945008
749735910
571514427
984664407
30265103
126487668
745434614
154396492
788899964
503935140
344703644
298044288
593601307
823106585
829958126
673867004
839029253
301001197
86833440
301034630
276723461
175397737
631725106
889784826
897202427
744019538
181999999
341644334
626708311
699283291
144846120
309404960
346803967
546110656
849477207
693973762
810706407
656058961
716939741
978784708
58564644
896508379
493194035
455821118
394327034
85009644
753230879
160215505
753230879
65642415
616702940
332166982
845444517
719855076
627726626
767441874
848158011
926695969
760462116
139485901
328987910
975492742
911495231
634055694
128845944
315864771
781666372
807545226
253403258
785414348
314715591
498517287
960291401
194619483
334573927
334573927
782551380
520182507
339687589
176990849
982600427
638862448
832187946
187234668
430566978
537464949
564475885
137874624
330018855
703846081
895429953
136581715
35339955
353212094
624121139
427254840
404626971
854087748
231716390
743484009
709055533
232705371
757811293
540110975
366392950
794957217
54123349
56052821
281628083
203419822
196404779
696728325
953005395
217443657
694151820
93041461
153128348
186570835
746382352
574545168
734605514
993908314
853957250
838752609
748188516
511009175
392189087
445987924
631387544
703434888
429225971
36171558
354001391
541728657
493258189
701627049
360929478
303622691
71586966
860366005
846969389
29982913
303498816
953788673
143884234
549981834
819214629
518729691
824108047
336580214
102759353
97221581
58998807
533053472
689973142
305878841
991104008
613748380
634880339
743834297
403384181
925914621
217456403
40437431
488398620
163202133
4374076
388300346
926304435
118861425
421234124
126914526
467543439
674838762
570619241
617545967
21541216
866207814
776569364
813426340
32548716
386491557
119345276
353431199
570680010
913830541
481559598
349513702
14854155
403661471
677755475
535685889
419877975
170271479
229893014
73869222
967027314
557503989
111419473
877955976
104082575
829476234
283812374
491352635
283812374
377743519
10830881
718876593
295172656
872809524
443635463
360304169
192807042
572987643
861477740
572987643
315206391
983570831
382982580
879231703
439309944
396667330
698018356
719471518
583121628
51966117
308535505
304431718
200743125
210641563
432834976
584521834
241502908
840435732
541659254
464599126
810383131
123991808
343976552
267836368
935295284
399489097
645430457
258301594
644706713
552795181
224599205
579975255
330782960
585981407
871523846
875025389
330780295
286171397
855469432
916149198
900326361
304047627
918416031
276145366
866775964
727256242
142400914
989612796
456776357
646201347
25100476
745759461
183721398
103325656
976579257
798565754
258584856
258584856
996781656
412151744
122728935
258274225
570425384
340230742
279156968
389541701
258584856
300245373
848145866
429503198
312587175
786587630
698033466
320174341
105269620
211472244
89501449
674001243
248299337
255367730
482628961
431823691
991958813
201104653
871282558
215783928
77012085
594111193
856496352
49595707
741030571
973802206
852688555
752324561
357732174
766910203
456485142
759041757
232397862
929743450
877617272
45993911
39916982
287211536
48521747
96267561
610430137
590203050
433429387
91972168
754849755
585443878
287211536
312953716
314087552
207852402
577707552
33139547
753839530
497590663
121769963
829952243
199760539
577649579
580400681
371549184
402302722
986420943
42651418
794274735
646339713
421897145
407972574
274127042
967531270
195729432
498827661
605030285
907178381
576956378
180012729
589106364
162573310
95757790
732542697
959652715
821654448
688157362
212995505
410876003
406853327
569438885
172893647
174642109
786636356
881717499
122361013
221193273
202806904
345978114
283228691
345806025
712158150
269734793
763983744
977286833
617749458
117087161
649252711
199299642
102150039
668704915
701681598
525846079
389432644
152543643
731802703
362443503
595158801
820786450
344261993
158635491
711287179
578618207
569934196
331708753
15220575
62070861
528365625
328610902
203520495
207729003
7790362
203520495
941529067
893759947
495925792
884102352
496122694
353121747
473161218
803647362
506498470
290845063
150923239
587323560
743737826
834989923
773519890
130604129
469604322
180490790
645723412
131726283
71299227
471172243
587929602
17786019
460042521
409178868
267001628
736183389
460920096
21525769
274498145
104448135
523031331
795811145
907969882
784406336
452057986
924394266
616405655
708230153
598257029
789570207
40525094
758363877
265141987
232807268
927844505
130969391
265141987
207816655
470517488
970394507
680543965
436904916
196666867
839330641
175682306
274124527
535312738
622607864
311967956
202566818
28954564
368351331
966634732
172254809
853880768
284071646
461421398
919475459
103468276
655055724
675745624
412577143
146746273
644358171
63568736
710832846
220265145
407271930
801035165
409794734
233343598
921420705
483282147
141496287
996979079
606432657
609162103
168855465
501040935
136887354
301607237
998188701
793078740
910431184
250803505
146285909
152573212
841532242
638275699
279860786
515556419
523968992
619607684
462249842
516994826
414970924
382818235
114757921
10605523
516994826
559060080
338412084
942621525
397658881
380948358
809714946
877148835
877148835
534854434
81442678
357875360
799456761
824104741
432860097
804477615
823741793
971584910
248498633
645935841
727812620
409879485
55300199
305456568
266310044
178244007
451993955
728872769
534502091
882755157
895976192
253753926
223356834
410213206
81463845
840066134
130996084
379286407
897234702
263594519
463995905
396663671
853174089
252945432
186625368
650730057
231553608
967579740
203186172
63573554
538331114
489665250
974293351
647439458
501089587
7387128
444068679
907236191
516796350
15376119
250524799
938661951
779467878
740791359
35388094
235539680
54803569
675751852
56333646
119308074
686161500
788980030
557041029
482387580
510369370
65414387
759385904
707103449
479309970
793853341
931007969
292554850
189040084
306182254
79171174
1181318
666786628
385337753
116921600
594958884
118655518
572565271
340654415
810041201
219703893
203657853
228260813
364328010
50296835
318430075
654607487
191867485
406847711
528678196
932698352
691463255
185805726
657475582
135165252
373524250
528655925
137437148
865480556
891987489
549622454
214037736
622499907
554355113
656261263
656261263
737755962
186207989
86976030
622907861
865342697
854233629
125303300
831274946
125303300
365865987
119523254
58972430
529342610
887714000
674553961
64034132
152413205
644402171
445761870
189603143
721457783
412112484
602590366
483444876
45531793
710196079
457761391
173498500
164348582
241904028
876807977
133923473
34048590
272302935
110667877
195300401
540677541
540677541
140297830
412148476
841935600
289698043
705293491
52334809
549831833
415822157
920622635
636375982
257077357
801829825
228920731
637662019
306852216
423240683
281876687
476358290
901868827
281876687
52930793
183464796
537275507
542794740
506407027
204945379
694230346
952478824
275831332
628140153
410978902
957080062
814505781
522310341
50143104
132249276
534480707
792315007
132249276
275879635
14041583
972265154
917848618
909766116
217596174
836090104
814821037
428165745
301916465
976330894
392909620
567596178
931187788
392909620
927577658
22886648
805112943
805112943
417780136
892373060
178128938
198338634
229715286
99686780
233822148
918597016
494944991
235702366
677807720
860793181
936017088
114112080
975930958
774032338
592141570
936017088
147428828
553463395
636232868
720866702
272099292
200634701
613959046
845146796
832077891
284975516
127244961
595096153
604087391
330823035
555874992
966090459
100971064
335117856
276497176
100971064
284271278
750032727
731737458
425779245
467572086
303342002
681126782
912807602
912807602
83201436
525909855
780633061
840060076
410244784
532005010
17813349
210786757
271024608
395535322
474177196
527449463
838240061
561834345
124014453
676561117
226783649
33626570
330320327
27754150
780101563
797157178
842790308
951329518
892176071
567918047
528105644
181559446
757337006
469235164
792037840
291700074
647115076
256692636
232158976
723183360
376061565
465418465
566816303
380968953
366412186
894672763
111322551
518303753
841684308
484512960
33909432
174793797
764468636
126754285
463453459
373010778
505019629
25020813
280445470
505019629
261388077
728375166
861030377
619765542
728375166
170440967
870409983
262352700
868047256
123120380
728375166
662348002
78977058
679289196
669376903
343718393
442844313
630400101
908994632
375627291
760812321
107766369
3653893
302109219
884386471
806152827
949029379
249295780
970933127
526719543
107766369
41653730
995564434
283486730
642089809
131768278
122463372
956259181
110551728
456486236
812213962
287702163
546564238
791534795
483321267
522694167
733024031
230549638
790343537
333543053
389749311
301365675
700769629
359453869
718021070
635009517
288845375
900076409
829961143
980820290
121137416
382174650
679182120
940983536
542333351
447280628
472009590
734028884
347622589
747078434
720730545
434097646
700253094
546029582
228106864
594490186
652615130
997921251
564604731
533677243
241669698
496387804
313793195
105137507
728400465
417231146
870808613
44373912
978595703
611924499
725977386
504757847
914448342
937214846
504757847
184845159
984535860
494469663
124130426
219802072
426647711
196761373
303714473
521411203
726380690
752572367
842072932
801569778
180617468
959346703
243749370
257335872
350000877
85851416
234647783
433176736
230909357
436905080
928089104
676355606
962179246
457459218
674020527
617760308
655594530
316171476
187315553
427173143
327238709
244756624
463940840
929795718
70860666
493615136
509321357
565531460
861307794
835770433
120496027
993498196
174429060
823026408
548484443
191905262
383913659
709144511
155909258
931796473
266573448
947283802
423590305
899520146
723451837
857854766
276340173
715314169
535963721
357075605
246559307
162220953
763395760
676962990
38717278
398867079
685377985
258906726
474173825
430293436
537519168
236398232
701681443
408794748
756039216
726462316
241857305
728447453
976170114
591676942
75585815
217585747
772615573
963445539
208929554
676352349
915769044
939196630
652903242
186851247
302980010
658664765
984935828
107427834
393151940
246762532
205811828
456819155
887892773
986401029
51977427
726878669
996800590
835712884
597148866
133799989
614708383
435358386
659379474
529543927
684700089
14479602
83372290
853126590
230987892
626755607
763059822
532172067
316490770
286555770
522319035
554210512
492278863
682253850
857088848
213510519
74682793
238674124
966276420
50134832
390064164
63594610
47538908
571593834
760732712
522395176
975080892
633614083
270659090
877077795
301654953
791245469
975080892
366286634
953186808
837543163
229425876
781769758
732743214
873469436
140202918
661652883
803694569
698394537
188339842
76384391
648988629
435099172
56412754
267262741
896126221
400231710
751977110
867631808
32369358
707448971
164275835
639512364
739428103
370560831
217714046
71697947
116927963
731274122
182592920
425192962
328548809
330273010
483492069
462570373
600213210
198082643
645074475
109305809
646761177
896014289
599100558
389894885
181902165
884281854
203262066
281534173
719504199
934694595
433167729
13385764
424454928
554827396
494462330
143943546
298635460
147481268
822244044
26075207
308557017
451164627
24533608
988231813
93730039
558186355
499373761
946965258
583563388
240168935
266685750
462241904
674331165
224471266
244877724
903519556
760541845
123915430
827563187
819012396
973150631
251992112
217987350
157483132
537810123
28835732
513017368
208226882
761285389
145736731
511429497
478676666
976788614
828023481
353366350
260807822
504406287
728385260
334957802
845169504
483140205
483140205
229681555
577052921
231570118
354614962
966955769
830051046
302972815
771557446
550196598
558650161
319374724
941014301
815719214
175083792
612042552
199259763
412208370
963444068
524344780
963444068
94936204
86278691
75286121
613873731
420642667
832740130
956370518
384643125
919252443
653372867
238388406
194811354
822829714
460563321
877355018
266762728
86876996
429952662
487430841
672274149
316426371
591606002
617080067
977879723
146346534
640343922
606711218
625295608
239210892
647496784
171388534
782934161
907470533
96466891
407419757
960749682
867378916
803957948
445798864
470262422
603025465
544501832
2476188
313282321
10707708
768198583
741435300
343267335
489182515
620068118
126221269
439079153
546889781
235350872
128818026
430054358
521682888
45072818
537665830
497252567
454990238
479171983
149042654
847256163
694803402
236921757
384970784
630899543
133035187
402982332
533356146
244188063
712040717
342154888
824347165
136247486
671007585
515703432
713083096
893256796
807896988
229433469
8003041
468329566
151307208
840619601
898256123
299878860
570433891
256246324
371544824
112404398
659380647
949585442
742523589
875815655
278916281
326456085
467525679
575621931
921525631
471851083
466217553
148457582
967533734
949575421
716068002
633283134
133075973
465963366
720423948
239693133
678194290
695716591
575258327
278637183
492750388
75326519
739493328
953281938
651251427
280503450
488745945
209335820
628456507
775376027
379359173
624179592
910284311
176513952
223040867
670750039
388049772
985035314
393833994
985035314
97313131
533230119
452923438
817708248
668982109
941758441
67687169
557954660
634895470
111995737
111995737
122143073
183000381
875545477
300370365
365614807
672812338
846994172
506151434
818720275
95526576
532284764
553839780
366380047
956224124
153625487
93131349
978425196
916444590
777515636
259433482
746408193
118031837
595118969
244354312
189869428
475534955
519598861
512344421
667926982
618271644
332168596
316450510
83262011
619621029
607411244
187898805
757504975
188940752
122250514
499410548
647868168
55986303
472367122
902597689
882649124
581510927
503713290
128537120
906682732
346893386
834735638
251989653
292779419
442567837
136676853
601719981
419374008
714258541
297683674
435944717
87008516
642958337
602322120
419374008
142594305
278108413
419374008
315513941
728901717
565108056
533415514
308434325
598161043
302839053
986396905
215808751
789943673
939514446
892932995
866533726
586287092
263758758
312097947
984055286
880246229
458935650
52527523
736161735
470893242
489112296
470893242
412338898
855048437
604823474
330614595
422582685
321049624
654977555
989258935
902340290
588290083
328080772
740762754
72421054
100994262
28564367
11932964
750827135
441780385
29125575
932421433
278684294
591469939
215376681
603954711
722567918
171013174
353128377
791486981
711649534
376883628
782860458
70905564
360689491
850570818
508912400
752479664
654514410
531139763
785411956
185840759
23077438
987336103
602387709
392427669
206380648
494329652
812374727
202120233
231856101
938077962
463365026
475448007
641080549
801577390
928526717
185750097
844210278
712384572
984125704
397928337
927970945
758868285
260920620
315847945
518198719
639427160
496442400
785017340
116878563
316452210
63959653
752226219
878762022
5325783
350076422
508965121
810460154
584763890
362291409
608011045
628300024
562936608
145247718
740008912
133685710
269521965
637152373
296761537
829565026
598749498
554600941
658654759
244367924
450982005
671646311
31642115
892749349
614977286
134074685
847443892
349664995
275883024
696078115
88576462
339041879
356919939
851076616
547505924
465577657
400392802
112631914
747491816
176778258
47061024
939245381
723570917
856277100
223309351
772079552
497727296
241781871
219880293
887282988
963387598
521309438
792773673
469942125
71298058
80374517
867229454
863414556
906274591
520915459
202898623
249128716
177660751
771931951
202352462
350368491
518647233
53105631
311280599
788322164
143020356
65643736
929972240
642780926
204562355
241949759
125696226
502929151
606946777
333466601
577211041
837225506
559012177
645357917
113996111
92772681
441191243
89057726
407338821
943694289
78965439
917791316
367510180
78965439
126359113
353867098
551761798
194521070
19633838
592163111
156679989
526438741
222420963
968762342
799646356
579016179
214704804
677168525
374823436
862414996
323274404
615435049
267902115
465526517
511254399
669566488
798774526
898818531
370788079
428308099
381022048
36716037
208969325
702442312
505798587
672774987
784011916
778025484
779589579
834777138
30363316
485016064
332646263
378838736
564163769
474438503
376562348
154223530
587413986
721490681
592392030
832166526
13695590
9198743
80708530
655128648
441482506
169896241
446535643
97392233
158942573
897165277
197542853
229025198
587187248
358929239
162720898
571424270
444344180
963451342
863548911
418726828
528389763
210630744
735569254
715410421
981920196
214408142
831417955
914234104
861306916
863899249
847163563
7384814
904527318
770265587
418151986
64445256
599999828
404936824
47684800
911465136
853163809
425645929
73069493
219978561
834487428
808331451
52633644
291992458
901909593
353587179
699565381
379760239
445000155
515945377
874598277
387063973
758965004
984415531
298459497
319533304
385849951
212978825
491000125
854384251
385411588
690283390
727893228
229230634
446284288
159153675
106339251
391628138
977409902
407929140
384976109
77412236
691332239
996343257
55243016
772631870
44993565
206154207
117110017
876858667
302122598
980353391
746350329
688907226
911825265
927970665
935922833
461377533
663493882
890849115
546033634
602939798
441060687
99586205
953120733
950646186
556351351
658089090
927450710
280844083
975361397
564521530
304332387
761407224
998210055
304332387
864895749
589243473
936860606
289799239
654052432
303980429
365168633
369483292
636631897
765646630
602677332
315313871
147985963
159986928
147985963
425713510
781264027
722796351
456684498
765646630
717031878
382586353
737825699
558187824
559227758
836217574
580014838
18119311
340053520
840782412
220044955
568723792
11412461
54689749
891755468
404656913
126516122
865435811
61535291
289843693
473509257
576917370
541533273
995435539
808724467
891807677
730994019
808595634
961751199
659459711
506144006
141444952
72422533
944951781
674023085
847173218
647153846
953871836
263523217
211873546
990756428
312458906
810376351
811782300
587405716
547802490
923411736
666321514
647125985
445683584
668656473
812682083
324877609
914857028
666135162
575861490
622967959
392386790
857186071
180494772
393088504
972199536
451015835
35899956
883278177
584249464
194322634
490381601
154418452
320408033
818385377
819193707
934047746
104695958
990270228
497048365
500162060
708371488
68832228
287562300
564323859
749027663
930449687
205469997
613207474
524398775
146835913
244011332
324724495
744821444
70073274
710888681
701127084
649221048
551204543
620832127
138053751
138053751
102073059
257732808
30915951
539481909
374838786
284115137
557146288
752288400
66983108
561020069
208254129
427456169
131142967
257732808
790457875
454246012
300045388
846952522
352519103
289795615
392116202
439344200
976272561
833543302
342512003
479252
602670204
660784070
508830950
621916510
37687851
472100141
49969967
500914066
595538494
926182471
402872615
417051200
51622441
500914066
63401818
527062101
995166276
259668772
665501869
257209414
782712900
169266930
196419994
106738414
541134915
970257887
305506963
74278954
737507160
888725791
872706201
465114984
736068706
968811943
599225439
997614245
589445586
559518255
17682351
108459928
469891383
431060131
429439386
177872386
125609938
18448788
705461888
567287218
874257076
932206905
759150253
928315308
944886242
918138000
780402512
112944531
838179056
842958848
241075126
200760383
279069258
752578224
332130160
228134191
252819354
279069258
695515786
433433993
987043705
182069473
310349991
105003196
756800355
481197565
906938186
218740693
105149957
272451241
91782801
75607083
386786523
821689547
882206155
163502979
685789054
12982334
86779696
681819122
332599597
820393761
217244435
495682392
603815235
297782562
786008939
40112903
927194210
856859806
528775041
244763669
504291603
191628509
78486421
965770012
551507528
252926069
381467287
633705329
563293046
779933659
311397604
509736555
49054789
345271499
332794076
72185892
210877203
298827201
595683114
457080062
627371895
682467013
39160143
180020283
682040697
77236876
911528681
645261210
762481943
462513410
54178983
290614275
358649364
792992467
22411883
768384829
586865047
216509448
768384829
878497463
36552447
787514483
223776245
413974913
992198414
903732838
514744049
192503214
815582930
903732838
644354071
290923504
164505861
192503214
53621374
913851985
960892925
227110408
869350703
870709224
426207725
965979108
640841153
224666688
271814482
489983449
970721100
317104428
344887280
593630418
911078552
644523472
525477458
747820593
109761921
366585858
644523472
561736222
440244842
862709416
404763607
443201373
269625166
593897487
25298364
537086181
74519495
534493328
416421445
969914744
611234302
534493328
737491914
521917359
395602538
65156391
685562276
934401644
401302583
520681901
434041366
270183908
374944789
173579245
118861317
222289493
101266162
342308718
365560865
181802559
885633827
865715352
184522849
379101155
238332312
670760153
888966490
548049715
946895905
720959984
935895664
109367698
896637457
42533708
378853789
564068103
764454907
60949534
830455133
246722710
831086536
306143189
324096337
879064352
778561763
401792111
239151203
4673508
720199356
290810475
286007586
742657750
782130136
492346823
203409493
68569982
68569982
827230661
206198752
830367965
566264473
796584119
168898013
474795346
44068108
231069564
878671236
636378536
430505482
267859338
65091319
919946896
581975211
791031148
545998641
975740581
358675190
187074112
399589180
190082390
259181821
46639704
344664480
217854986
76827305
825446975
801671901
396899374
929994566
532209138
850059082
767888492
543500958
840242240
511350055
76165129
890448791
946880624
445189571
27943706
846776822
169831220
279774793
309364034
771083314
510544067
355287404
480379589
74876124
721572582
720193249
944019589
294827266
908488624
979147715
965358588
885477751
328697622
328697622
200165299
283108122
138679656
461542533
383999073
436669086
516177301
634045679
790644768
970688805
419157075
78252431
963761198
617022892
200165299
371116237
384341914
808327439
895978028
846934392
520912466
305452027
388117032
376538346
207044874
348750997
249237586
439168088
208095245
249237586
814844856
192375521
458673892
427091774
278885874
380004864
380004864
790421512
751204928
213680488
796512071
897992630
25086315
122373958
286649924
651240060
109060276
169414037
670052711
628770894
980530235
638143063
6365603
961300544
25431691
657160069
695807966
968570319
768267330
933807632
492613388
825288325
976049419
491102078
670066563
754609030
449718676
636679057
465265416
970229936
465265416
867600075
594889481
670066563
411693602
85314737
304483735
544239585
798543231
481659919
465423282
449750570
554043928
80276777
244954961
