996 4982
1 1 1 1 1 1 1 1 1 1 1 1 1 1 1 1 1 1 1 1 1 1 1 1 1 1 1 1 1 1 1 1 1 1 1 1 1 1 1 1 1 1 1 1 1 1 1 1 1 1 1 1 1 1 1 1 1 1 1 1 1 1 1 1 1 1 1 1 1 1 1 1 1 1 1 1 1 1 1 1 1 1 1 1 1 1 1 1 1 1 1 1 1 1 1 1 1 1 1 1 1 1 1 1 1 1 1 1 1 1 1 1 1 1 1 1 1 1 1 1 1 1 1 1 1 1 1 1 1 1 1 1 1 1 1 1 1 1 1 1 1 1 1 1 1 1 1 1 1 1 1 1 1 1 1 1 1 1 1 1 1 1 1 1 1 1 1 1 1 1 1 1 1 1 1 1 1 1 1 1 1 1 1 1 1 1 1 1 1 1 1 1 1 1 1 1 1 1 1 1 1 1 1 1 1 1 1 1 1 1 1 1 1 1 1 1 1 1 1 1 1 1 1 1 1 1 1 1 1 1 1 1 1 1 1 1 1 1 1 1 1 1 1 1 1 1 1 1 1 1 1 1 1 1 1 1 1 1 1 1 1 1 1 1 1 1 1 1 1 1 1 1 1 1 1 1 1 1 1 1 1 1 1 1 1 1 1 1 1 1 1 1 1 1 1 1 1 1 1 1 1 1 1 1 1 1 1 1 1 1 1 1 1 1 1 1 1 1 1 1 1 1 1 1 1 1 1 1 1 1 1 1 1 1 1 1 1 1 1 1 1 1 1 1 1 1 1 1 1 1 1 1 1 1 1 1 1 1 1 1 1 1 1 1 1 1 1 1 1 1 1 1 1 1 1 1 1 1 1 1 1 1 1 1 1 1 1 1 1 1 1 1 1 1 1 1 1 1 1 1 1 1 1 1 1 1 1 1 1 1 1 1 1 1 1 1 1 1 1 1 1 1 1 1 1 1 1 1 1 1 1 1 1 1 1 1 1 1 1 1 1 1 1 1 1 1 1 1 1 1 1 1 1 1 1 1 1 1 1 1 1 1 1 1 1 1 1 1 1 1 1 1 1 1 1 1 1 1 1 1 1 1 1 1 1 1 1 1 1 1 1 1 1 1 1 1 1 1 1 1 1 1 1 1 1 1 1 1 1 1 1 1 1 1 1 1 1 1 1 1 1 1 1 1 1 1 1 1 1 1 1 1 1 1 1 1 1 1 1 1 1 1 1 1 1 1 1 1 1 1 1 1 1 1 1 1 1 1 1 1 1 1 1 1 1 1 1 1 1 1 1 1 1 1 1 1 1 1 1 1 1 1 1 1 1 1 1 1 1 1 1 1 1 1 1 1 1 1 1 1 1 1 1 1 1 1 1 1 1 1 1 1 1 1 1 1 1 1 1 1 1 1 1 1 1 1 1 1 1 1 1 1 1 1 1 1 1 1 1 1 1 1 1 1 1 1 1 1 1 1 1 1 1 1 1 1 1 1 1 1 1 1 1 1 1 1 1 1 1 1 1 1 1 1 1 1 1 1 1 1 1 1 1 1 1 1 1 1 1 1 1 1 1 1 1 1 1 1 1 1 1 1 1 1 1 1 1 1 1 1 1 1 1 1 1 1 1 1 1 1 1 1 1 1 1 1 1 1 1 1 1 1 1 1 1 1 1 1 1 1 1 1 1 1 1 1 1 1 1 1 1 1 1 1 1 1 1 1 1 1 1 1 1 1 1 1 1 1 1 1 1 1 1 1 1 1 1 1 1 1 1 1 1 1 1 1 1 1 1 1 1 1 1 1 1 1 1 1 1 1 1 1 1 1 1 1 1 1 1 1 1 1 1 1 1 1 1 1 1 1 1 1 1 1 1 1 1 1 1 1 1 1 1 1 1 1 1 1 1 1 1 1 1 1 1 1 1 1 1 1 1 1 1 1 1 1 1 1 1 1 1 1 1 1 1 1 1 1 1 1 1 1 1 1 1 1 1 1 1 1 1 1 1 1 1 1 1 1 1 1 1 1 1 1 1 1 1 1 1 1 1 1 1 1 1 1 1 1 1 1 1 1 1 1 1 1 1 1 1 1 1 1 1 1 1 1 1 1 1 1 1 1 1 1 1 1 1 1 1 1 1 1 1 1 1 1 1 1 1 1 1 1 1 1 1 1 1 1 1 1 1 1 1 1 1 1 1 1 1 1 1 1 1 1 1 1 1 1 1 1 1 1 1 1 1 1 1 1 1 1 1 1 1 1 1 1 
1 17 966 37
2 612
2 61
1 278 836 195271
2 56
1 535 584 160748
2 20
2 44
2 14
2 9
2 2
2 92
1 546 755 156874
2 11
2 60
1 814 908 181190
2 249
1 708 823 175426
2 80
1 54 969 127
2 50
2 64
1 737 983 138221
2 71
2 15
2 60
2 89
1 126 175 133929
2 48
1 873 915 231946
2 68
1 56 568 69233
1 982 996 62416
2 68
1 17 982 199
1 904 930 209927
1 320 597 234662
2 7
1 978 985 216381
2 13
2 41
1 799 907 63229
1 22 189 100981
1 637 903 203096
1 174 706 30078
2 99
1 251 731 178919
1 891 963 128892
1 509 918 69141
1 946 956 45877
2 82
1 457 570 151677
2 688
1 721 774 231560
1 146 693 95080
1 411 561 200098
2 86
1 595 595 211079
2 38
2 479
2 71
1 100 200 169130
2 36
1 635 981 93294
1 746 944 103383
2 79
1 967 980 225522
1 699 832 9494
1 833 987 46329
2 67
1 44 575 421
1 187 943 431
1 618 772 75307
1 907 958 155526
2 491
2 31
1 402 762 65484
2 67
2 58
1 277 740 13
2 71
1 752 835 213758
2 76
1 886 948 179947
2 55
2 17
2 43
1 794 846 25532
1 892 905 38477
2 24
1 738 883 235368
1 753 995 131123
2 89
1 967 985 179169
1 443 928 12385
2 163
2 53
2 91
1 726 851 99228
2 29
1 157 479 21480
1 501 796 167771
2 55
1 546 932 33161
1 355 739 9634
2 53
2 268
2 67
1 871 885 149750
1 446 563 193042
2 705
2 94
2 420
1 541 668 155996
1 20 822 227
2 46
2 51
2 94
2 51
1 106 707 739
1 939 953 231872
2 11
2 10
2 71
2 753
2 52
2 46
1 258 258 143081
1 979 987 991
2 24
1 176 563 435
2 96
2 66
2 16
1 123 724 2
2 501
2 628
2 28
2 23
2 64
1 324 638 42090
1 817 846 234924
1 304 784 75558
2 98
1 735 792 58100
1 974 992 122123
2 27
2 711
1 894 898 248333
1 553 901 130422
2 51
1 750 910 155113
2 48
1 814 972 144410
1 56 435 34194
2 62
2 81
1 305 400 222458
1 453 783 248195
2 62
2 16
2 89
2 50
2 41
1 850 884 75744
1 128 704 39282
2 84
2 99
2 34
2 12
1 616 793 188589
2 83
2 5
2 31
2 83
1 72 618 2
1 197 307 31
1 420 682 226495
2 62
1 693 754 215649
1 130 980 3
1 639 833 176288
2 38
2 76
1 120 204 31
2 69
2 83
1 926 954 87350
1 402 507 63996
2 94
1 24 383 1271
1 648 662 81300
1 105 130 115596
2 53
1 517 756 967
2 55
1 516 781 2199
1 594 947 121444
2 76
2 90
2 94
2 77
1 123 787 210960
1 184 743 122070
2 79
2 22
2 34
2 29
1 848 996 81062
2 72
2 61
1 256 814 222553
2 14
2 43
1 199 919 235360
2 70
1 563 967 123436
2 75
1 89 309 54792
1 146 869 222274
2 90
2 12
1 489 767 34824
1 417 590 142288
1 204 531 161610
2 70
2 106
2 62
1 591 864 91861
2 19
1 291 863 593
1 282 859 751
2 113
2 22
2 57
1 902 937 160784
1 228 389 72193
2 73
2 63
1 885 969 51249
2 6
2 56
1 954 976 233038
2 97
2 9
1 524 917 136558
2 94
1 606 774 162589
2 31
2 26
2 12
2 63
2 98
2 38
1 672 798 222356
2 75
2 11
1 605 736 20063
2 36
2 21
2 86
2 97
2 59
2 35
2 34
1 704 732 64259
2 42
1 429 780 503
1 951 953 217197
1 989 990 138240
2 77
2 45
2 25
1 167 343 227226
1 844 984 187125
2 87
2 934
2 42
2 48
1 906 976 25317
1 792 852 236352
1 460 747 39047
1 543 733 103172
1 438 817 195182
2 36
2 78
2 86
1 230 445 210984
1 239 695 2
1 962 977 120017
2 19
2 23
2 41
2 476
2 83
1 637 888 214116
2 28
2 180
2 86
2 89
2 96
2 3
2 65
1 540 608 34871
1 318 491 34252
2 13
2 70
2 939
1 135 237 90372
2 876
2 91
1 821 946 64934
2 66
1 144 176 145954
2 80
2 23
2 40
2 96
2 62
2 29
2 6
1 893 935 238842
2 75
2 22
2 18
1 735 853 155536
1 335 760 66256
1 826 913 246054
2 62
2 28
2 95
2 87
2 83
1 411 711 107050
1 363 590 71615
2 48
1 251 955 29
2 48
1 228 446 68370
2 26
2 71
1 251 576 13605
2 16
2 89
1 207 964 219074
2 6
1 329 621 205822
1 406 916 168015
1 744 944 106836
1 84 732 389
1 439 500 66106
2 69
1 649 870 229986
2 42
2 31
2 11
2 13
2 374
1 106 590 9355
2 5
1 666 898 124973
1 855 880 24974
2 649
1 26 406 232098
1 288 906 110120
2 81
2 975
1 658 805 148493
2 41
2 81
1 443 821 201342
2 86
1 156 609 233816
2 57
2 13
1 831 834 109916
1 591 968 240449
1 787 924 12232
1 242 432 194602
2 39
2 33
2 81
2 19
2 97
1 836 946 77796
2 6
2 48
1 32 898 27058
1 168 531 11
1 93 572 21701
2 36
1 134 923 199741
1 960 993 196174
1 246 912 99237
1 225 994 221798
2 67
2 57
2 47
1 398 790 175742
2 94
1 449 494 11030
1 663 737 239423
2 85
2 70
2 10
1 952 995 10091
1 855 949 139403
1 23 942 54469
1 482 935 139763
1 845 981 249085
2 51
2 30
1 273 430 155352
2 217
2 59
2 956
1 746 784 240710
2 33
2 91
2 98
2 37
2 569
1 850 850 212122
2 97
2 33
2 35
1 155 792 277
2 60
2 65
1 539 783 2764
2 84
2 15
2 19
2 28
2 79
1 910 950 174334
2 25
1 585 859 68584
1 43 561 191543
1 564 859 22192
2 48
1 45 937 101
2 76
1 927 992 221344
2 29
2 44
2 37
1 32 246 83059
2 98
2 92
1 509 752 863
1 626 843 78846
1 135 305 202417
2 86
1 122 236 79366
2 31
1 502 636 190422
1 20 634 76406
1 125 269 3
2 50
2 49
1 869 903 56141
2 99
2 6
2 64
2 25
2 99
1 888 928 195226
1 496 568 199040
1 128 208 186916
2 27
1 941 953 146733
1 806 970 124910
1 709 887 23325
1 267 706 5
2 6
1 39 892 563
2 12
2 66
1 602 907 113408
2 98
1 100 562 139864
1 267 510 220530
2 77
1 595 644 12819
2 44
2 69
1 653 800 234764
1 236 245 175922
2 74
2 10
1 810 935 38702
1 486 501 201798
2 80
2 60
1 702 943 119298
1 369 711 68576
1 195 239 7
1 477 913 192352
2 46
2 16
2 38
1 114 828 619
1 425 776 199973
2 47
2 918
2 54
1 590 857 36726
2 25
2 58
1 772 852 97595
1 852 908 147254
2 22
1 83 636 38498
2 13
2 97
1 972 972 151552
1 497 566 237145
2 35
1 855 921 77848
2 71
2 9
1 145 756 230201
1 346 969 58810
2 51
1 329 333 219240
2 8
2 91
1 101 930 166005
2 32
2 4
2 28
2 92
1 262 848 157789
2 9
2 913
1 969 981 207286
1 212 654 109364
2 90
1 612 694 106413
2 78
2 93
2 96
2 93
1 629 920 138377
2 310
1 180 608 64569
2 17
1 456 858 38102
1 391 594 47296
2 59
2 39
1 762 976 92829
1 808 902 827
2 541
2 52
1 909 974 197122
2 11
2 94
1 948 951 151488
1 85 427 7
2 62
2 95
1 325 633 75707
1 672 682 102675
2 13
1 388 787 89981
1 53 949 11373
2 5
1 175 243 116766
2 35
2 35
2 43
2 41
1 577 588 34579
2 34
2 51
2 76
2 13
2 17
2 99
1 446 597 218982
1 464 577 59252
2 97
2 445
1 302 975 2850
2 33
1 221 966 128028
2 43
1 352 370 67438
2 87
1 168 336 233995
2 93
2 48
2 70
1 883 914 123428
1 297 399 40701
2 260
2 49
1 264 364 87138
2 408
2 49
2 64
2 40
2 76
2 38
2 25
1 905 954 136904
1 951 985 17806
2 65
2 49
2 33
2 15
2 469
2 303
2 13
2 54
1 600 986 174961
1 769 818 9565
2 59
1 441 969 73768
1 876 923 87270
1 264 969 409
2 77
1 644 919 177485
1 31 643 98453
2 81
1 85 135 242997
2 195
1 969 973 87089
2 1
2 71
2 24
2 64
1 769 908 2520
2 81
2 408
1 865 880 217420
2 72
1 897 976 102511
1 432 526 103245
1 534 901 147641
1 564 837 122925
2 72
1 889 942 63054
1 995 996 3397
1 79 742 4323
2 61
1 558 659 244230
2 23
2 35
2 32
1 560 623 174223
2 794
2 45
1 825 910 162478
1 332 335 21512
2 11
2 83
2 12
1 108 238 32484
2 9
2 476
1 327 852 30982
2 97
1 518 557 193515
2 26
2 28
2 53
2 34
1 249 307 13
1 66 896 79256
2 24
2 43
2 88
1 623 964 119726
2 8
2 24
1 695 795 123758
1 21 894 75443
1 84 153 26823
1 973 978 156363
2 32
2 79
2 51
2 43
2 3
2 71
2 90
2 29
2 68
2 27
2 47
2 4
1 801 973 28607
2 39
2 59
1 310 468 43239
1 939 961 63940
1 852 950 163022
2 2
2 61
1 412 627 57218
1 415 972 15407
1 578 873 216632
2 95
2 56
2 78
1 323 645 13
1 431 976 19127
2 81
2 58
2 39
1 514 971 140262
2 65
1 43 326 75785
2 72
1 848 950 240422
2 33
2 90
2 33
2 86
2 23
2 942
2 27
2 93
2 15
2 254
1 525 896 179272
2 67
1 802 923 173262
2 8
2 88
1 52 853 367
2 31
2 3
2 15
1 821 885 138455
2 953
2 40
2 49
1 912 970 11581
1 159 963 907
1 526 962 200378
1 197 374 87058
2 17
2 6
1 10 450 47282
2 27
1 394 973 525
1 496 533 153665
2 99
2 87
1 936 956 11432
1 949 990 135283
1 15 16 51346
2 4
1 850 926 93557
1 726 884 131399
1 896 910 125434
2 15
2 19
1 882 965 76244
2 7
2 85
1 660 947 151893
2 19
2 68
2 487
2 293
2 37
2 12
2 14
1 687 736 120186
2 22
1 395 711 243545
1 423 597 111855
1 633 906 99814
2 653
2 22
2 55
2 74
1 307 828 224972
2 74
1 867 919 236974
2 99
2 74
2 58
1 222 584 101517
1 944 969 133242
2 99
1 418 600 151153
1 42 608 243152
2 59
1 100 840 212514
2 83
2 92
2 75
2 60
2 7
2 47
1 418 496 153157
1 146 509 136009
2 82
1 466 817 169872
1 61 792 349
2 58
2 71
2 606
1 985 987 203040
2 77
2 44
2 98
2 34
2 20
1 818 838 51365
2 11
2 86
2 94
1 158 809 135151
2 73
2 18
1 256 502 109752
2 43
2 52
2 49
1 47 296 27753
2 83
1 68 507 66098
2 55
1 60 78 143584
2 67
2 36
2 82
2 59
2 7
2 34
2 88
1 58 557 2
2 6
1 503 887 78407
2 66
2 31
1 852 984 82819
1 722 805 135719
1 393 789 226787
1 229 726 180070
2 76
1 473 842 208281
1 529 758 236278
2 37
2 55
2 57
2 26
2 97
2 73
2 46
1 34 683 13
2 16
2 65
1 113 982 719
2 640
1 622 674 125912
2 87
2 40
2 38
2 95
2 48
1 6 382 126240
2 27
2 92
1 660 821 152980
2 30
2 97
1 397 969 17570
1 580 844 163128
1 363 886 20206
2 3
2 19
1 78 761 2
2 66
2 13
2 48
2 49
1 434 787 173570
2 51
2 23
1 237 358 116920
1 80 910 107
1 139 353 110725
2 676
2 21
2 15
1 656 675 35036
2 15
2 1
2 491
1 326 781 191762
1 555 648 9313
1 723 746 215212
1 536 868 151593
1 853 987 207474
1 50 719 11
2 285
2 71
1 114 994 19
2 17
2 53
2 71
1 742 960 10546
2 45
2 28
2 9
1 943 961 146709
2 76
2 370
1 851 899 199864
2 25
2 231
1 851 949 143824
1 54 808 205765
2 11
1 249 826 249476
2 672
2 79
2 42
2 72
2 7
1 741 764 81556
2 50
2 82
2 23
2 84
2 18
2 44
2 19
2 72
2 92
2 16
2 653
1 672 754 109474
2 25
1 293 510 204117
2 69
2 92
2 6
2 82
2 88
1 974 979 75808
2 82
2 35
2 71
1 76 913 96295
2 77
2 21
1 525 667 164497
2 407
2 24
2 82
1 368 782 214032
2 64
2 17
2 41
1 521 646 214421
2 59
2 60
2 51
2 58
2 77
1 55 386 223481
1 33 272 147652
1 732 909 192063
2 88
2 57
2 72
2 96
1 175 770 76656
1 9 729 653
2 465
2 23
1 379 552 49986
1 662 677 81770
1 698 775 159380
2 7
2 25
1 23 745 109272
1 192 269 37595
1 179 234 95386
1 541 901 90014
1 315 745 467
2 166
1 572 965 105006
2 69
2 76
2 73
2 98
2 733
2 69
2 90
2 16
1 927 992 222289
2 62
2 34
2 77
1 528 885 208294
1 213 392 169455
2 24
1 258 727 91584
2 18
1 114 853 223
2 86
1 663 993 192780
1 99 623 12818
2 89
1 377 840 91776
2 14
2 888
1 636 733 215109
1 671 932 156854
2 9
2 59
2 8
2 82
1 786 921 216431
2 28
2 57
2 73
2 47
1 136 898 233
2 52
1 147 746 146313
2 4
1 909 991 126892
2 31
2 34
2 47
2 91
1 298 553 134800
2 74
2 83
1 401 965 216189
2 46
1 14 906 263
2 14
1 582 801 142929
1 591 868 177233
1 57 968 137
1 774 817 150014
1 222 305 18369
1 626 785 76541
2 80
1 891 943 937
1 621 883 116406
1 919 954 232581
1 396 557 5301
2 57
2 175
1 134 957 167
1 297 987 36408
2 29
2 87
2 94
2 270
2 3
2 942
1 763 863 90134
1 151 832 137314
2 56
2 71
1 83 458 45761
2 3
1 194 276 114560
1 440 853 34185
2 26
1 9 607 205130
2 43
2 81
1 805 854 15106
1 811 918 246156
2 70
1 149 942 184079
2 86
2 736
1 548 564 121848
1 457 736 188920
1 787 901 226830
2 52
2 16
1 134 182 150822
2 98
2 40
2 59
1 145 445 205903
2 936
1 680 732 224358
2 5
2 321
2 32
2 52
2 6
2 8
2 84
2 45
1 635 939 231017
1 58 204 17
1 10 587 176616
2 17
2 97
1 738 872 53451
2 57
2 79
2 45
1 151 761 182921
1 558 711 12549
2 43
1 801 830 133863
2 28
2 18
1 396 450 230152
2 331
2 15
1 358 899 100599
1 934 983 88333
2 54
2 89
1 24 632 7
2 48
1 989 989 93654
2 63
2 38
2 56
2 49
1 258 932 57905
1 823 929 93670
2 10
1 122 758 226728
1 683 735 111221
2 21
2 3
2 80
1 362 899 19381
2 36
2 6
2 3
1 608 653 210939
1 467 913 22967
1 255 499 7
1 264 634 122078
1 102 922 109
2 43
2 90
2 12
1 655 870 103864
2 14
2 57
1 268 399 184328
2 19
2 28
2 30
1 263 390 20470
1 762 870 160955
1 952 959 21591
1 38 375 173988
2 4
2 97
1 718 750 93824
1 873 903 214223
2 29
1 132 280 33117
1 656 748 111501
2 54
1 32 687 44560
2 77
2 97
2 29
2 38
2 85
1 212 559 148008
2 64
2 224
2 48
1 11 799 135325
1 478 485 179153
2 21
2 56
2 8
2 54
2 67
2 5
1 613 674 221495
2 98
2 39
1 37 173 212997
1 775 855 53162
2 7
1 286 523 50296
1 193 366 166847
2 13
1 134 638 2
2 35
1 639 645 161719
1 420 990 238702
1 672 881 97020
1 777 946 31445
2 98
1 617 841 173337
1 161 558 129583
2 29
1 555 583 122770
1 629 829 222314
2 37
1 109 467 180911
1 447 976 33717
2 14
2 86
1 545 736 115731
2 23
2 47
2 33
1 884 948 47823
2 54
2 38
2 43
1 345 468 206101
2 94
2 939
1 505 555 211913
2 56
1 468 689 33293
1 653 712 168609
2 21
2 12
2 67
1 7 533 463
1 750 815 118301
1 459 610 2830
1 516 641 235217
1 420 972 15627
1 471 500 112542
2 350
1 70 179 138271
1 447 588 210558
1 650 823 829
1 142 867 9306
1 908 931 149633
1 524 600 245174
1 826 983 22781
1 29 768 114786
2 85
1 746 848 36292
1 598 798 207360
1 691 871 115984
1 942 987 18123
2 31
1 841 916 11747
1 531 830 215567
2 63
2 62
1 198 321 91528
2 95
1 21 40 94898
2 87
1 447 496 127980
2 95
1 741 938 56651
2 65
2 53
2 97
2 98
1 297 739 118414
1 5 914 55480
2 62
2 78
1 832 995 43475
1 555 758 12101
1 24 862 35130
2 43
1 59 735 76888
2 10
2 44
2 84
2 15
1 513 542 35577
1 114 941 239
2 62
1 372 743 607
2 955
2 17
2 448
2 65
1 519 905 14261
1 152 216 153964
2 29
1 65 109 147663
1 490 895 235962
2 731
2 25
1 440 507 75226
1 447 450 188006
1 295 299 29
1 217 927 107282
2 61
1 259 939 60321
2 53
2 33
2 2
1 462 982 207447
1 340 720 194534
2 33
2 96
2 17
2 17
2 64
2 46
2 66
2 43
1 820 968 50981
2 4
2 39
2 8
2 25
1 147 830 283
2 49
2 7
2 66
1 701 800 39953
1 41 688 5
2 62
1 497 575 230458
2 61
2 90
2 40
1 978 981 95548
2 60
2 7
1 4 765 661
2 62
2 73
1 81 964 52132
1 65 709 449
2 28
2 4
1 578 645 2900
1 177 586 499
2 35
2 90
1 386 665 4870
2 20
1 880 946 156788
2 45
1 644 782 24069
1 203 442 32575
1 482 527 145722
1 862 931 183393
2 79
2 12
1 378 742 62925
2 59
2 79
1 833 865 137742
1 77 907 131
1 300 840 57378
2 83
1 220 606 229451
2 85
1 647 805 192042
2 18
1 359 982 677
1 613 908 111124
2 49
2 58
2 66
2 75
2 83
2 329
2 23
2 8
1 978 981 77962
2 29
2 78
2 159
2 56
1 321 658 809
2 49
2 94
2 75
2 89
2 381
2 9
2 11
1 37 304 242283
1 719 806 196518
2 11
1 162 959 203898
2 50
2 77
2 83
1 211 491 116079
2 88
1 93 642 105963
2 36
2 8
1 483 818 66421
1 185 334 3124
2 29
2 36
1 421 840 2272
2 65
2 448
1 494 536 151620
1 453 839 226961
1 895 958 237652
1 605 898 104645
1 606 845 128364
1 659 874 219472
2 54
1 364 683 443
2 40
2 52
2 77
1 603 735 19098
1 742 762 31853
2 24
2 83
2 43
2 19
2 18
1 127 614 29975
1 76 664 94239
1 795 972 41187
2 86
2 36
2 51
2 60
2 56
2 33
2 79
1 39 698 209080
1 104 221 127091
2 64
2 54
1 499 660 18949
2 31
1 24 352 3
2 21
2 62
2 43
2 6
1 963 965 50928
2 96
1 515 846 132741
1 74 560 91814
1 680 954 58191
2 49
1 718 838 124751
1 937 976 217510
1 261 697 72426
2 47
2 23
2 135
1 894 968 155615
2 41
2 34
1 139 428 55823
1 81 444 245728
1 319 967 23144
1 317 530 198670
1 948 989 14484
1 303 910 53479
2 85
2 6
2 13
1 449 711 33959
2 49
2 12
2 89
2 51
2 28
2 5
1 728 910 46085
1 198 927 112588
2 42
2 69
2 63
2 86
2 43
2 9
2 831
2 7
2 10
1 16 515 115371
2 34
1 32 458 50075
1 404 483 61144
2 41
1 477 754 143162
1 672 914 101138
1 932 988 214363
2 56
2 19
2 5
2 58
2 90
1 617 770 224525
2 39
1 656 867 82030
1 975 979 91020
2 91
1 500 719 51619
2 81
2 19
1 315 447 183331
1 41 921 83
2 23
1 387 681 234685
1 966 996 237511
1 768 787 70285
2 10
1 567 947 162290
1 638 791 94930
1 268 930 192719
2 96
2 39
2 24
2 71
2 5
1 584 810 121625
2 71
2 80
1 547 730 225931
1 795 907 195335
1 707 860 80309
2 611
2 96
1 927 933 12327
2 22
1 866 938 169034
1 205 724 143949
2 29
2 47
2 64
1 714 720 187977
2 92
2 67
2 1
2 67
2 86
2 31
2 52
2 17
1 821 938 199478
2 58
2 84
1 760 836 228351
2 78
2 388
1 253 645 204063
1 695 774 13195
2 4
1 148 461 5
2 28
1 339 386 31163
2 22
2 85
2 10
1 873 885 233777
2 37
2 31
2 88
1 177 939 229525
2 5
1 501 833 66876
2 22
1 975 995 176865
2 77
1 705 882 40161
2 824
1 783 889 797
2 6
1 293 581 139517
2 96
1 377 382 79255
1 480 956 84147
2 41
2 27
2 25
2 98
1 882 966 179637
1 656 764 166275
2 70
2 92
1 136 785 160029
1 602 982 148783
2 53
1 169 813 2
2 47
1 217 715 55377
1 554 995 218470
2 4
1 283 716 126523
1 993 994 204140
1 622 928 151056
1 506 845 215153
1 114 423 174532
2 88
2 6
2 11
2 35
1 585 828 141862
1 913 921 225781
1 870 879 248810
1 69 536 71830
2 35
1 2 806 155315
2 26
2 24
1 284 855 29
1 402 791 65592
2 4
1 899 919 189556
1 173 824 199104
1 245 287 146200
2 88
2 52
1 120 215 13
2 72
2 42
1 738 837 36990
1 483 521 6377
2 76
1 659 836 172237
1 878 957 205373
2 45
1 386 943 839
2 91
1 240 403 164173
1 196 994 599
2 52
1 519 904 235898
2 14
2 83
2 92
1 981 986 85704
2 54
2 31
2 65
2 64
1 403 860 887
2 13
2 57
1 24 905 97
2 1
2 1
2 8
2 88
2 49
2 4
2 806
2 96
2 57
2 921
2 1
2 42
1 44 414 226780
1 253 672 65117
2 46
2 33
1 101 942 171300
2 56
1 239 341 118286
1 132 591 46806
2 20
2 12
1 442 850 60569
2 36
1 503 573 246065
2 48
2 6
2 28
2 84
1 96 926 103
2 11
2 24
1 203 819 307
2 49
1 547 839 94239
2 60
2 12
2 6
2 90
2 9
2 69
1 674 746 37856
2 82
2 37
2 62
2 19
2 905
1 331 608 238984
2 87
2 42
2 26
2 536
2 63
1 298 976 379
2 36
2 9
1 46 215 10811
1 431 787 105049
2 983
2 34
2 72
2 56
1 729 851 109739
2 70
2 63
2 8
1 987 993 32806
2 52
1 913 970 37064
2 58
1 855 947 173277
2 62
2 28
2 41
2 58
2 70
2 97
2 38
1 561 943 12597
2 80
2 61
2 34
2 25
1 308 482 116801
1 796 984 110359
2 60
2 50
2 80
2 72
1 274 828 23695
1 219 973 29398
1 283 397 101841
2 4
2 16
1 930 935 48759
1 58 532 523
2 20
2 89
2 76
1 267 342 143185
1 60 400 44338
2 12
1 317 656 613
1 157 906 977
1 532 930 187684
2 76
2 39
1 380 895 98806
2 84
2 791
2 45
2 46
1 952 993 136819
2 73
2 48
2 6
2 22
2 50
2 20
2 52
1 320 703 215293
2 53
1 37 599 210416
2 16
1 179 831 203427
1 283 364 2
2 5
2 10
2 70
2 26
2 62
2 90
2 81
2 80
2 13
1 599 751 238315
2 71
2 66
1 599 851 238368
1 256 626 859
2 1
1 141 969 66651
2 7
2 63
2 2
1 588 780 4277
1 52 888 2
2 41
1 803 892 39128
2 44
2 54
2 61
2 30
1 88 441 11
1 602 928 117541
2 25
2 64
2 85
1 577 992 120156
2 860
2 27
2 73
2 528
1 868 954 135740
1 751 757 127657
1 386 482 96827
1 314 765 116133
2 72
2 16
1 75 864 179699
1 220 427 57052
2 33
1 64 163 6180
1 29 668 156941
1 218 770 21619
1 99 439 131039
1 149 198 226355
1 167 211 180902
1 762 900 205847
1 454 755 78198
1 437 820 45450
1 758 958 229816
2 88
2 3
1 656 706 56378
2 27
2 77
1 493 557 84253
1 211 650 23
2 64
1 84 374 224932
2 55
2 57
1 984 987 12904
2 70
2 86
2 63
2 11
2 14
1 372 407 150041
1 341 484 51901
1 393 893 78345
2 38
2 34
2 99
1 405 632 32454
1 923 979 56611
2 9
2 31
2 48
1 589 591 166407
2 59
1 751 894 195216
2 31
1 956 992 207009
1 628 630 232255
2 77
2 3
1 786 796 528
2 93
2 67
2 83
2 9
2 84
1 496 696 142550
2 75
2 94
2 76
1 218 751 144834
1 826 947 69835
2 35
2 48
2 86
2 52
1 686 938 119060
1 286 438 34180
2 61
2 66
2 19
1 623 786 161143
1 122 128 180692
2 22
1 493 504 163664
2 72
1 72 758 257
1 833 855 1727
2 60
1 199 716 171789
2 70
2 52
1 586 791 919
2 763
1 84 230 125626
1 826 832 27546
1 718 996 210408
1 892 925 39298
2 28
1 45 943 53
2 14
1 670 784 151330
1 700 834 198609
1 774 868 240136
1 757 890 191248
2 98
1 454 780 151395
2 92
2 88
2 54
1 27 683 93389
2 77
2 46
2 18
1 35 371 48407
2 69
2 23
1 299 684 7
1 594 927 601
1 217 486 198807
2 48
2 57
1 8 458 141841
1 816 972 20025
2 823
1 482 596 201862
2 64
2 50
2 68
1 509 970 87563
1 702 986 89847
2 99
2 30
2 49
1 87 691 8754
2 70
1 869 983 223906
2 71
2 97
2 82
2 11
2 71
2 93
2 14
2 714
2 24
2 94
1 171 948 19
2 76
1 412 726 212081
1 875 922 237544
1 94 740 159598
2 417
1 67 127 193988
2 25
2 10
2 24
2 75
1 61 272 71982
2 32
2 47
2 373
2 306
1 957 973 150697
2 51
2 54
2 19
2 29
2 34
1 223 583 16543
2 14
2 19
2 86
2 47
1 760 853 80275
2 54
2 4
2 61
1 534 541 246620
1 743 755 107527
1 179 910 3
2 40
2 63
2 6
1 719 821 11441
1 395 764 209388
2 24
2 13
2 97
1 309 512 10649
2 44
2 11
2 15
1 292 541 213463
2 4
2 14
2 36
2 48
1 210 337 2
2 21
1 115 158 152768
2 81
1 285 320 69904
1 312 685 673
1 119 933 121749
1 357 667 49900
2 33
1 9 268 50409
1 724 876 161252
1 805 946 248465
2 96
1 70 541 3786
2 37
2 2
2 86
1 705 764 126428
2 19
1 35 955 61
1 624 730 151786
2 3
1 356 822 761
2 52
1 759 815 159219
2 37
2 95
2 49
2 10
2 34
1 617 718 128697
2 415
1 741 771 19804
2 82
1 711 843 52435
2 68
1 681 721 232588
2 36
1 616 744 51641
1 871 975 128850
2 3
2 77
2 74
1 954 969 7580
2 68
2 67
2 31
1 196 864 225955
2 10
2 43
1 153 355 6050
2 41
2 71
2 79
2 79
1 176 396 100694
1 988 991 68740
1 286 886 373
1 772 809 161546
1 965 990 230940
2 78
2 42
2 72
2 52
2 10
1 41 838 149684
2 39
1 973 990 60274
1 474 483 3069
1 661 857 99691
2 8
2 731
2 46
2 664
2 52
2 99
1 791 817 240584
2 379
2 64
1 13 94 206411
1 171 387 143003
2 68
1 411 723 178306
2 66
1 659 924 30442
1 593 599 154520
2 64
1 336 407 249911
2 40
1 710 929 216719
1 94 717 152984
2 25
1 512 815 115452
2 99
2 7
2 60
1 886 927 15289
1 893 990 109861
1 674 913 129653
1 500 862 220099
2 86
2 92
2 2
2 71
1 312 475 206174
2 84
2 62
1 757 866 7390
1 366 709 63644
1 500 772 116362
2 82
1 490 872 174121
1 318 495 18036
2 64
2 47
1 316 931 55969
2 11
2 30
2 92
2 19
2 1
1 286 770 113884
1 761 772 226601
1 414 976 133799
1 695 712 22908
2 142
2 46
1 638 804 116071
2 20
2 5
1 167 950 3
2 1
1 964 991 249589
1 798 956 140333
1 946 974 29084
2 76
2 39
2 62
1 22 396 131263
2 86
2 43
2 24
2 6
2 23
2 62
2 97
2 18
2 3
2 403
2 42
2 80
2 802
1 777 876 122959
2 68
1 341 942 14528
2 35
2 92
2 743
2 5
2 3
2 25
1 786 962 148539
2 39
1 293 812 172259
1 520 796 136096
1 479 841 40055
2 11
1 27 155 161462
2 57
2 16
1 43 872 401
2 67
1 792 985 166172
2 296
1 988 994 40824
2 74
2 174
1 660 739 119815
1 62 908 311
2 688
2 12
1 333 753 134316
1 250 963 491
2 24
2 36
2 402
2 10
2 463
1 329 471 238719
1 217 352 108733
2 16
2 88
1 132 708 3
1 317 956 176093
2 813
2 363
2 25
2 15
1 130 415 227305
2 55
1 703 977 101426
2 43
2 62
2 55
1 894 925 119794
1 49 321 101525
2 32
1 160 878 179
2 6
2 71
2 92
1 411 956 99166
1 884 960 176581
1 546 899 727
1 72 118 189969
1 131 183 140813
2 99
2 96
1 814 966 133164
1 527 653 224541
2 73
1 760 949 186974
1 604 787 25545
2 56
2 78
1 53 90 23
1 376 643 162770
2 61
1 632 844 19151
1 642 690 2997
1 914 926 54401
1 283 468 100701
2 29
2 88
1 180 767 31
2 20
2 93
2 1
1 43 818 94979
2 70
1 560 831 102543
1 290 785 383
2 164
2 21
2 38
2 13
1 333 917 82048
2 20
2 20
2 8
2 55
1 237 451 59530
1 36 787 242619
1 281 381 3727
2 7
1 854 976 189130
1 722 916 114780
1 246 267 144241
2 96
2 990
2 52
2 41
2 15
2 41
2 92
2 7
1 224 923 234814
1 60 101 69439
1 790 993 119354
2 83
1 510 528 152534
2 46
1 363 597 25788
1 685 861 65223
2 53
1 844 923 174302
2 6
2 97
2 19
2 11
2 110
2 86
2 290
2 75
1 982 990 57776
2 98
1 497 541 40632
1 91 842 347
2 68
2 89
1 166 995 281
1 33 245 183359
1 13 978 67
2 89
2 220
2 82
1 25 937 135824
2 5
1 430 856 207985
2 86
2 98
2 40
1 247 393 179493
1 298 424 174569
1 440 522 137563
1 291 486 255
2 72
2 95
2 49
2 62
1 463 972 246164
2 85
2 85
1 325 798 541
2 255
2 39
2 83
1 913 915 125599
1 454 645 74814
2 82
1 904 984 152855
1 901 983 84777
2 42
2 65
1 694 947 134111
2 5
1 737 882 211674
1 388 541 133639
1 852 887 186957
2 9
1 4 896 155932
2 21
1 525 982 56510
1 805 907 193680
2 67
2 89
2 96
2 78
1 465 854 166832
2 26
1 194 603 185858
2 80
2 57
2 20
2 18
2 92
2 20
2 81
2 140
2 60
2 6
2 17
1 567 680 199071
2 56
1 183 257 51636
2 13
1 567 985 246575
2 60
1 226 700 227661
1 285 812 238061
1 621 861 40876
1 401 459 57789
2 46
2 78
2 82
2 114
2 67
1 361 814 154765
2 80
2 64
2 95
2 36
2 945
2 95
1 527 861 197357
2 92
2 69
1 567 962 10484
1 128 531 166822
2 913
1 839 984 94511
1 301 599 13123
2 769
1 519 559 160158
2 14
2 27
1 615 652 130012
1 509 779 86789
2 9
1 153 391 141032
2 7
1 177 653 232647
1 660 734 131526
1 888 994 7290
2 43
2 24
2 57
2 18
2 123
2 38
2 18
2 32
1 194 959 128242
2 834
2 8
2 8
1 21 875 199265
2 96
2 3
1 142 835 181
2 33
2 60
2 21
2 3
2 11
2 88
1 284 445 66370
2 46
1 349 918 129378
1 332 649 105568
2 36
2 70
1 530 550 127572
2 28
2 31
2 37
2 810
2 61
2 39
2 31
2 96
2 68
1 346 918 194003
1 452 831 158070
1 245 662 109175
2 38
1 541 680 26565
2 54
2 84
2 88
1 694 722 69882
2 3
2 83
2 40
2 99
2 52
1 170 267 155953
1 397 449 88760
2 48
2 62
1 969 991 22243
2 18
2 79
1 594 641 176870
1 304 385 19358
2 48
1 227 380 232104
2 8
2 47
2 28
2 8
2 7
1 940 986 101963
2 94
1 674 721 160986
1 468 748 200245
1 812 855 74076
2 82
2 23
1 644 972 54495
2 91
2 277
1 563 902 90919
1 827 903 45457
2 128
2 42
2 42
1 615 738 195212
2 59
2 364
1 189 916 13
2 88
2 13
2 70
2 39
1 571 665 20882
1 411 896 158890
1 644 703 21128
2 979
2 43
2 425
1 183 205 248679
2 32
2 15
2 56
1 184 242 117894
2 26
2 85
2 5
2 88
2 8
2 74
2 90
2 29
1 372 657 215946
2 51
2 12
2 61
1 386 448 10134
1 937 962 84775
2 573
2 99
1 335 940 587
2 60
2 54
1 879 946 32407
2 32
1 992 993 124946
2 35
2 98
2 385
2 77
1 418 442 119468
2 1
2 43
2 93
1 42 423 156089
2 38
2 96
2 34
1 197 669 2
2 40
1 403 845 439
2 94
2 53
2 3
2 76
1 228 637 14386
2 86
2 54
2 39
2 395
2 40
2 73
1 519 902 29209
2 908
1 258 602 29
1 453 675 59870
2 29
1 575 688 58272
1 108 214 96216
1 144 309 30854
1 820 846 113009
1 480 757 26031
2 87
1 314 622 190606
2 66
2 41
2 70
2 66
2 51
2 18
2 853
2 12
2 18
2 180
2 7
2 19
2 67
2 93
2 18
1 288 543 16526
1 31 513 821
2 43
1 670 835 210523
1 944 967 240588
1 990 993 44419
1 2 218 83035
2 13
1 178 804 120565
2 55
1 248 757 569
2 73
2 672
1 961 995 13779
1 699 853 227024
1 320 499 68416
1 835 976 93540
1 44 906 27029
2 11
2 59
2 21
1 552 751 186870
1 405 882 198475
1 412 509 124380
2 8
2 31
2 33
2 139
2 58
1 938 982 186163
2 21
2 674
2 52
2 34
2 78
1 774 864 247061
1 990 995 176852
1 890 986 134670
2 465
2 33
1 114 820 709
2 67
1 724 900 229004
1 726 935 92116
2 185
2 88
2 250
1 234 963 1910
1 284 302 120084
2 65
1 368 929 243101
2 99
2 24
2 76
1 651 821 20885
2 79
2 15
2 17
2 883
2 42
2 86
2 279
1 877 943 80319
1 485 608 155332
2 65
2 39
2 87
2 5
2 567
1 906 982 151083
2 29
2 49
2 30
2 4
1 207 416 136521
1 16 763 557
1 432 437 223627
1 622 637 192213
1 778 816 96475
2 36
2 22
2 43
2 18
2 54
2 23
2 55
2 27
1 829 918 157249
2 92
2 83
1 98 569 38309
1 302 839 167428
1 192 370 93399
2 59
2 93
2 14
1 651 762 28910
1 577 809 85243
1 507 743 42961
2 4
1 597 982 76540
2 680
1 383 486 118526
2 508
2 796
2 94
1 482 881 206036
1 25 963 23
2 15
2 11
1 527 908 182887
2 553
2 41
2 285
1 40 383 184020
1 898 943 35957
1 172 325 215078
2 28
2 29
1 571 996 155265
2 45
1 389 497 178697
2 44
2 76
2 35
2 657
2 32
2 60
1 397 681 225469
1 84 932 180983
2 796
2 69
1 843 893 192487
2 24
1 268 289 187110
1 140 950 163
1 63 490 232234
1 816 876 105669
1 1 827 197
1 898 993 222626
2 59
2 58
2 27
1 713 779 34493
2 45
1 478 671 91861
2 58
2 10
1 77 101 238172
1 828 853 105815
2 53
2 82
1 354 650 47033
1 756 797 220462
1 688 721 28407
2 56
2 88
2 61
1 654 746 61404
1 382 447 211124
1 928 939 8801
1 226 256 30293
1 859 945 238791
1 491 896 5309
1 962 973 63152
2 95
2 30
1 946 989 30369
1 936 986 207234
2 77
2 12
2 625
2 64
2 9
2 88
1 706 973 119957
2 56
2 59
1 277 636 701
1 805 808 177536
2 25
2 11
1 233 813 337
2 58
2 11
1 70 638 82449
1 808 828 170388
1 552 555 103431
2 4
2 23
1 5 925 73
2 85
2 56
1 492 702 161182
1 96 608 19
2 97
2 31
2 78
2 959
1 756 823 48425
2 83
1 629 993 226551
2 931
1 492 524 107418
2 40
2 90
1 426 690 190807
2 37
1 918 963 12368
2 86
2 9
2 93
2 1
2 84
2 47
2 16
1 222 602 206458
1 581 957 14268
1 292 363 65283
2 61
1 584 587 95569
1 916 980 143704
2 59
2 86
2 50
1 509 662 14424
1 564 768 58732
2 23
2 73
2 26
2 47
2 5
2 11
1 153 790 29951
1 83 150 2
1 468 732 911
1 806 859 147214
2 95
1 477 540 27083
2 45
1 965 970 247980
1 764 903 38431
1 460 665 110034
1 631 649 164044
1 13 855 293
2 74
1 763 881 147843
2 57
2 48
2 68
2 83
1 24 941 757
1 129 184 1036
2 29
2 13
1 851 947 184433
1 583 653 153319
2 459
2 5
1 382 539 44603
1 339 420 77354
2 12
2 23
1 60 528 733
2 32
2 308
2 91
2 734
2 14
1 305 468 79526
2 96
2 63
1 714 766 38634
1 838 923 105440
2 71
2 30
1 873 991 25173
1 348 564 49437
1 678 826 210410
1 910 985 221590
1 85 118 110451
2 9
2 30
2 41
2 43
2 32
2 74
2 22
2 51
2 26
1 132 909 75559
2 20
2 87
2 41
2 51
2 13
1 723 760 216550
2 59
2 93
2 67
1 233 247 2
1 293 360 18872
1 647 890 206261
2 74
2 86
2 24
1 436 636 9090
2 42
2 32
1 385 638 125903
1 599 983 195288
2 2
2 90
1 282 889 111407
1 687 973 102979
2 953
2 14
2 46
1 92 749 151037
1 506 942 138614
2 33
2 47
2 93
2 27
2 35
1 169 994 114952
2 99
2 39
2 45
2 32
2 26
2 94
2 46
2 56
2 92
2 11
1 255 716 154859
2 50
2 41
2 85
1 503 835 60532
1 414 473 75507
2 3
1 431 660 155262
2 3
2 65
2 4
1 32 895 241
1 698 884 89635
1 406 574 175012
1 496 633 90494
1 270 671 26365
2 33
1 146 203 44934
2 94
1 671 854 39147
2 68
2 46
1 667 689 228057
2 56
2 17
2 49
1 26 869 204111
2 58
2 32
2 31
2 83
1 290 643 479
2 31
1 687 915 174143
2 95
1 515 749 168363
1 462 744 50712
2 83
2 68
2 69
1 683 776 77722
2 12
2 42
1 302 876 109380
2 31
2 75
1 750 944 158981
2 63
2 96
2 1
2 54
2 31
2 941
2 67
2 35
2 72
2 937
1 655 727 44959
2 81
2 42
2 82
1 377 928 202138
1 801 911 214303
1 173 722 244412
2 41
2 55
2 20
2 53
2 836
1 752 922 167226
1 953 966 202522
2 57
2 50
2 79
1 304 776 229450
2 47
1 547 704 155778
1 343 401 234073
1 97 124 100948
2 96
2 546
1 362 783 47872
2 46
1 160 897 769
2 59
1 202 363 2
1 443 769 237746
1 608 656 133036
2 41
2 64
2 28
2 78
2 46
1 430 699 160482
2 27
2 90
2 4
2 433
2 55
2 64
1 303 976 23
2 20
2 7
2 70
1 564 869 37837
1 835 845 38181
2 850
1 383 552 8594
2 74
2 97
2 53
2 536
2 701
1 356 694 126629
1 329 444 214838
2 68
2 45
1 53 585 147408
1 229 465 205844
1 837 930 877
2 75
2 38
2 29
1 953 963 143648
2 7
2 64
2 2
2 82
2 86
2 89
2 68
2 53
2 52
1 243 475 120319
2 31
2 90
2 14
2 83
1 198 795 331
2 44
2 6
2 37
1 88 897 44491
1 362 833 172249
2 2
1 302 397 44740
1 386 651 243824
2 64
2 51
1 766 944 49786
1 203 310 152635
2 66
1 538 955 198233
2 18
1 115 799 231757
1 67 847 182174
1 812 972 85561
2 27
2 341
2 84
2 72
2 73
2 45
2 452
1 862 961 72134
2 3
2 624
1 51 138 5
1 212 951 99046
2 95
1 464 519 195746
1 833 915 126191
1 844 868 207268
2 49
1 196 229 193059
1 621 692 34941
1 847 847 207937
1 191 727 225564
2 86
1 954 985 137024
2 83
2 42
1 788 805 232761
2 34
2 36
1 720 954 80769
2 79
2 87
2 21
1 121 197 77951
2 47
1 74 312 60811
2 85
2 57
1 345 655 195330
1 727 985 51404
2 84
2 81
1 160 865 16263
2 41
2 76
2 93
2 816
1 653 958 44816
1 770 946 245428
2 30
2 41
1 106 972 202723
2 76
2 39
2 11
2 50
1 536 963 104385
1 416 932 47676
2 21
2 21
2 34
2 382
1 674 884 13934
1 691 694 240222
1 116 229 176537
2 17
2 16
2 70
2 62
2 34
1 952 965 176617
2 30
2 29
1 126 282 31
2 90
1 715 814 71064
2 44
2 46
1 72 371 164630
2 93
1 483 487 242728
1 178 416 136059
2 24
2 89
2 13
1 581 750 63300
2 90
1 60 660 119287
2 69
1 974 981 72050
2 32
2 69
2 39
1 352 914 14566
2 63
2 89
1 109 872 17082
1 645 730 155966
1 995 996 169945
2 72
2 535
1 445 941 123627
2 59
1 390 502 247521
2 24
2 4
2 28
1 167 769 509
2 86
1 189 302 187030
1 202 966 130169
1 93 910 193
2 18
2 19
1 183 493 198425
2 33
1 341 932 137713
2 50
1 323 371 90049
2 55
2 89
2 28
1 625 657 184937
2 17
1 138 851 641
2 45
2 73
2 973
1 936 977 102017
1 746 975 72398
2 38
2 78
2 10
1 412 633 62699
1 210 923 55415
2 32
1 435 450 153964
1 615 720 198019
1 270 322 198954
2 44
1 7 859 151
2 86
1 13 932 42936
2 84
2 51
2 11
2 65
2 14
2 7
2 97
2 16
1 110 203 136094
2 17
2 28
2 34
2 438
2 49
2 21
1 955 964 79188
1 544 832 39468
2 170
1 892 992 220444
2 34
1 262 296 203521
1 179 236 2
1 228 451 19841
2 98
1 109 122 242639
2 35
1 407 905 881
2 83
1 682 965 193329
2 73
1 88 938 23
2 84
1 615 916 6859
2 98
2 82
2 79
1 31 920 115978
2 24
1 268 657 201189
1 190 985 234147
1 544 547 156098
2 11
1 146 835 773
1 804 951 189577
1 675 746 20333
2 38
2 83
1 15 631 39488
2 74
2 43
2 25
1 807 983 30448
1 450 910 107240
2 90
2 17
1 910 916 171956
1 515 834 220543
2 55
2 4
1 238 452 200686
1 708 745 192275
2 55
1 531 591 231341
2 35
1 558 812 138860
1 846 924 38445
1 1 544 197334
1 705 912 194339
2 25
1 636 742 2155
1 34 761 116980
2 963
2 77
2 31
2 7
2 62
1 449 635 192929
2 1
1 563 849 12100
2 45
2 36
1 205 715 178399
2 92
2 43
2 20
2 102
1 882 963 27678
1 110 731 42862
2 95
2 99
2 39
2 13
1 755 842 173025
2 98
1 920 973 185167
1 934 965 242803
2 38
2 20
1 747 958 195814
2 23
2 79
1 418 519 182749
1 342 681 158388
1 635 877 69810
2 29
1 391 761 6196
2 85
1 286 880 397
1 976 985 102210
1 683 777 124233
2 50
1 546 758 199791
1 592 618 29329
2 88
1 62 877 22446
2 57
1 199 393 63021
1 633 934 177673
2 43
1 162 274 139835
1 67 410 43919
2 82
1 664 700 149464
2 53
2 612
2 67
1 695 990 117024
2 7
1 654 704 125373
2 81
2 79
2 707
1 829 844 72818
1 133 718 153526
1 2 131 124071
2 62
2 71
1 973 978 68339
1 176 212 223265
2 63
1 177 779 79506
1 897 907 54280
1 67 634 165168
1 244 443 236176
2 50
2 21
1 595 941 108693
2 26
2 53
2 29
2 61
1 782 926 19247
2 84
2 80
2 52
1 350 557 62021
2 77
2 89
1 2 147 84936
2 42
1 201 819 132076
2 56
2 21
2 19
1 238 414 38031
2 24
2 87
1 377 571 42912
1 449 484 15282
1 39 944 113
1 373 769 96599
1 917 981 116284
1 374 465 122496
1 88 217 249680
1 751 994 52917
2 69
2 30
2 81
1 464 480 182535
1 32 810 33990
2 417
1 502 765 177565
2 96
2 5
1 540 970 127211
2 30
2 34
1 757 977 55831
2 45
2 384
1 414 790 180583
2 80
2 71
1 396 724 173761
2 43
2 96
1 839 925 47901
2 95
2 96
2 8
1 62 451 226589
2 61
2 34
2 444
1 25 969 43
2 88
2 67
2 30
2 60
1 946 981 109797
1 504 684 77312
1 730 979 238375
1 518 905 176258
2 618
1 881 947 50080
2 17
2 17
2 85
2 763
2 54
1 937 971 180497
2 45
1 129 671 76544
2 49
1 295 451 37984
2 21
1 483 798 170442
2 96
2 82
2 66
2 47
2 87
1 338 546 100551
2 17
2 97
2 95
2 5
2 2
1 277 352 248783
2 77
2 5
2 677
1 11 398 44909
1 311 902 16749
2 13
2 14
2 22
2 58
1 342 497 193195
2 84
2 12
2 81
2 67
2 62
2 91
2 69
2 71
2 88
1 945 969 107525
1 909 953 69750
1 32 673 197306
2 65
2 68
2 913
2 25
2 12
2 19
2 71
1 980 982 97107
2 93
2 28
1 117 735 216532
2 701
1 393 782 6769
2 7
2 85
2 92
2 79
2 55
1 738 842 50581
1 880 981 221212
2 87
1 379 525 233780
2 72
2 93
2 55
1 931 981 149951
1 148 897 169963
2 15
1 105 173 230489
2 34
1 156 309 47140
1 572 614 19797
2 69
2 72
2 3
1 157 184 5295
2 84
1 790 948 232902
2 93
2 9
1 861 894 205045
2 46
1 929 996 220814
2 54
2 66
1 337 413 53710
2 53
2 84
2 55
2 15
1 93 96 22880
1 989 990 249985
2 84
1 42 737 145607
2 26
2 62
1 140 719 17
1 158 532 13995
2 72
2 79
2 59
2 568
2 70
1 89 466 122927
1 647 765 244662
1 10 612 170109
2 68
1 363 406 236995
2 21
1 216 773 2
1 787 928 77263
1 221 983 247969
1 299 799 158181
2 5
1 895 964 90191
2 55
2 47
1 115 794 50252
1 154 861 659
2 70
1 2 432 49877
1 274 580 73018
2 922
2 35
1 44 520 577
2 7
2 60
1 382 855 647
2 24
2 70
1 570 936 137606
2 41
2 80
1 8 71 75383
1 58 467 95833
2 30
2 4
2 30
2 90
2 287
1 307 651 617
2 57
1 545 996 183022
2 12
2 13
2 81
2 1
2 61
2 34
2 86
2 70
2 54
2 11
2 10
2 71
1 249 292 9669
1 99 987 34747
2 90
2 68
2 11
2 50
2 72
1 281 718 160126
2 43
2 10
2 42
2 84
1 27 511 941
1 375 685 142867
1 802 933 31240
2 91
1 463 657 229965
2 86
1 126 238 210476
2 49
2 533
2 81
2 8
2 70
1 179 372 190090
1 1 638 125263
2 14
2 31
2 39
2 42
1 64 111 186691
2 96
2 51
1 528 541 164284
2 76
1 610 698 101778
1 225 610 419
2 95
2 76
1 555 613 139590
2 79
2 32
2 43
1 715 924 73675
1 639 712 50870
2 31
1 764 800 225823
1 901 906 127099
2 77
2 60
1 10 689 631
2 85
1 403 703 190722
2 94
2 84
2 874
2 97
2 40
1 296 742 132667
2 25
2 70
1 199 242 102633
1 564 601 180880
1 15 42 130900
2 40
1 709 979 160601
2 74
1 226 550 128529
2 28
1 409 712 69156
1 809 920 78906
2 24
2 65
1 617 761 116283
2 579
2 84
1 426 765 117101
2 87
1 221 754 5
2 81
1 689 968 92643
2 42
2 60
2 212
1 2 110 126185
2 76
2 463
2 648
2 14
1 969 977 54201
2 55
1 423 563 86803
1 676 721 169895
2 56
1 758 903 50335
1 710 775 82158
2 88
2 63
2 673
1 190 423 162354
2 14
2 56
2 90
1 48 805 69565
1 514 813 811
2 97
2 128
2 44
1 643 844 37471
1 374 669 125719
1 155 400 125034
1 221 932 317
2 46
2 92
2 69
2 67
1 143 461 123199
2 93
1 362 399 212693
1 878 964 200177
2 13
1 77 722 137277
1 818 902 247351
2 76
1 474 899 68355
2 38
1 720 779 198969
2 21
1 925 937 233643
2 11
2 82
1 505 551 26358
2 9
2 61
2 73
2 15
2 422
1 441 776 220690
1 28 387 2
1 32 868 62588
1 840 918 883
2 62
2 42
2 11
2 23
1 520 553 92756
1 307 396 27793
2 758
1 6 106 245683
2 24
2 64
1 292 600 247452
1 275 466 71159
1 489 598 107783
2 4
2 42
1 208 621 166380
2 92
1 753 906 190518
1 292 329 206936
1 300 982 353
2 49
2 26
2 79
2 478
2 50
1 73 115 23341
2 34
2 94
1 462 810 142441
2 49
2 79
1 933 981 212567
2 48
1 215 959 125776
2 33
2 75
2 37
2 766
2 38
2 68
1 321 780 91546
1 174 428 103133
1 983 992 90756
2 49
2 12
1 390 479 43423
2 74
2 4
2 2
2 57
2 94
1 758 786 222225
2 387
2 82
2 60
2 43
2 492
2 29
2 75
1 498 520 11277
2 79
2 54
2 146
2 10
1 750 902 124389
2 49
2 26
2 45
1 572 733 109372
2 22
1 963 995 101317
2 973
2 2
2 16
1 6 590 240057
2 44
1 954 965 232403
1 607 824 186396
1 351 685 216493
2 93
1 179 337 141080
1 106 137 97888
2 81
2 881
2 38
1 769 828 142190
2 60
2 21
1 783 958 231693
2 42
1 115 201 231944
2 87
2 52
1 395 423 222542
2 27
2 21
1 862 924 229602
2 29
2 174
1 646 883 246558
1 706 793 237839
2 80
2 39
1 405 581 208760
2 25
2 99
2 39
1 492 950 109821
1 71 543 691
1 851 855 13364
2 75
2 7
2 405
1 289 543 3
1 531 638 230572
1 124 498 24324
2 168
1 163 374 172503
2 33
2 96
2 3
1 143 685 244016
1 723 996 163701
1 752 848 11468
1 647 770 106603
2 43
2 69
2 27
1 336 666 853
1 76 835 191
2 92
1 734 923 148692
2 35
1 421 883 73651
1 221 620 22989
1 115 976 139
2 20
2 56
2 6
1 151 235 5295
2 80
1 31 577 94243
2 29
1 562 902 35465
2 37
2 3
1 320 547 112874
1 563 929 219016
1 219 358 15763
1 737 920 5071
1 580 845 131522
2 28
2 96
2 19
2 43
2 63
2 16
2 70
1 260 960 271
2 69
2 43
1 126 968 547
2 16
1 356 958 184128
2 68
2 42
2 40
2 21
2 89
1 69 501 55364
1 155 300 189184
2 38
2 90
2 3
2 32
2 89
2 69
2 79
1 414 805 110762
1 983 996 177255
2 1
2 44
2 8
2 54
2 58
1 522 723 110962
1 516 538 116682
2 88
2 40
2 72
1 52 393 110521
2 84
2 98
1 367 550 135833
2 57
2 46
2 25
1 405 852 242834
2 38
1 832 924 33992
1 236 629 185793
2 72
2 51
2 52
2 604
2 67
1 333 576 168362
2 8
2 39
2 38
2 20
1 969 971 173229
1 327 498 16596
2 7
1 225 829 359
1 106 834 12492
2 28
2 60
1 181 648 97903
2 95
2 92
2 6
1 433 964 2357
1 937 961 110562
2 48
2 36
2 55
1 223 735 83216
1 159 509 41665
1 153 167 52292
1 755 911 50553
1 59 394 172885
2 52
2 14
1 253 698 109288
2 95
2 85
2 71
2 78
1 466 780 185834
1 215 613 114740
1 813 841 218627
2 66
1 720 722 66176
2 18
1 302 414 117105
2 32
2 23
2 76
2 28
2 15
2 75
1 372 965 229907
1 415 736 27220
2 43
1 71 300 229555
2 17
1 25 369 206812
2 72
2 75
1 295 618 104228
2 51
2 15
1 417 975 216513
1 240 399 221250
2 68
2 39
2 78
1 308 657 135564
2 72
2 26
1 73 169 200035
2 97
2 96
2 787
2 62
2 5
2 31
1 484 907 220328
2 87
1 41 811 95672
2 41
2 81
2 50
2 39
2 29
1 30 97 44794
2 85
1 260 305 197784
2 86
2 84
2 60
1 592 751 223575
1 656 810 167836
2 74
1 417 686 53148
2 14
2 5
2 62
2 241
2 50
2 34
2 78
1 757 798 792
2 3
2 93
1 526 745 32089
1 617 900 73010
1 208 937 95184
2 9
2 34
1 825 973 123747
1 683 775 23265
2 97
2 11
1 382 672 184306
1 162 591 142511
2 56
2 52
1 283 402 229176
2 39
2 93
1 915 990 183351
1 798 820 85986
1 767 891 96550
2 65
2 27
2 95
2 38
1 606 759 141834
2 5
2 605
1 113 388 92988
2 6
2 36
2 47
2 25
2 19
1 859 938 7012
1 123 231 135899
2 20
2 22
1 891 908 95589
2 9
1 250 387 154284
1 340 496 44322
1 335 403 57341
1 621 808 947
2 33
2 98
1 355 794 487
1 898 966 244612
1 401 472 67396
2 32
2 2
1 630 932 89447
1 850 909 173299
2 9
2 59
2 22
2 19
1 867 947 57838
1 87 914 213132
1 64 236 7
1 916 985 33669
2 68
2 85
2 58
2 68
1 480 987 40463
2 47
2 4
2 152
2 74
1 145 431 51613
2 46
2 1
2 25
1 59 395 151337
1 566 664 192891
1 204 784 150069
2 48
2 32
2 19
1 530 556 111816
2 97
2 94
1 641 799 247637
2 85
2 9
2 85
2 46
2 59
2 31
1 887 987 178800
1 676 813 83791
2 519
2 19
2 28
2 83
1 441 665 78452
2 62
2 345
1 365 432 239991
1 968 986 147401
1 161 565 243778
2 16
2 69
2 78
2 364
1 408 524 133143
2 84
1 168 571 192010
2 858
2 7
2 73
2 45
2 91
1 57 217 149826
1 508 748 88371
1 202 497 54052
2 99
1 956 956 32296
1 64 330 74344
1 78 257 126338
2 27
1 373 592 16470
2 39
1 59 802 37512
1 114 715 14521
1 762 769 51647
1 568 942 127209
2 83
2 343
2 99
2 6
2 16
1 631 815 189617
2 2
2 67
1 489 973 208301
1 92 331 31
1 285 563 132364
1 359 580 182572
2 99
2 31
2 484
2 10
1 413 559 4391
2 15
2 22
1 206 288 16620
1 188 905 231300
2 22
2 55
2 71
2 89
1 233 259 48395
2 74
2 67
2 759
2 12
2 30
2 16
2 80
1 995 996 231105
1 134 890 157
1 28 958 41
1 341 915 121636
2 78
2 459
2 89
2 93
1 5 787 229
2 29
1 595 832 28526
2 96
1 417 509 21537
1 841 876 179094
2 43
1 249 897 100364
1 442 486 23368
2 35
2 26
2 1
1 156 502 196573
2 85
2 73
2 62
1 659 769 155472
2 23
2 24
2 47
2 5
2 60
1 31 431 16664
1 517 859 172976
1 914 934 172407
2 480
2 36
1 414 879 111530
1 447 824 230053
1 86 520 81069
2 73
2 94
2 96
1 641 662 76302
2 68
1 452 565 35108
2 16
2 5
2 69
2 27
2 24
1 381 407 107738
2 2
1 933 946 123730
1 438 742 219442
2 14
2 243
2 79
2 91
2 56
1 45 887 187304
2 53
2 70
1 76 679 226692
2 10
2 94
1 845 972 90277
2 64
2 90
1 349 784 81721
2 2
1 948 994 34718
2 892
2 673
2 85
2 38
2 29
2 3
2 45
2 1
2 979
1 779 964 189004
1 570 919 13081
1 463 806 115896
2 34
2 59
2 78
2 3
2 43
2 43
2 52
1 15 481 115304
1 782 914 40111
2 34
2 77
2 20
2 81
1 484 532 125655
2 505
2 39
2 83
1 181 215 231911
2 90
1 740 773 122551
2 3
1 940 961 76404
2 40
1 874 882 169622
2 16
1 652 672 164190
2 97
2 34
2 93
2 58
2 53
1 171 264 129528
2 3
2 335
2 89
2 41
1 839 941 59244
1 460 762 209520
1 5 135 137778
1 899 982 176429
1 722 941 79399
2 44
2 22
1 979 984 131074
2 73
2 17
2 98
1 163 632 205620
1 413 853 246339
1 814 837 169397
1 49 704 232196
2 93
2 603
2 6
1 8 287 161696
1 569 657 185121
1 4 455 62654
2 52
1 230 898 243177
2 90
2 76
2 26
1 535 812 206105
2 5
2 61
1 673 754 171600
2 73
1 855 914 147502
2 851
1 959 978 162957
1 411 639 71298
2 61
2 55
2 5
2 54
1 927 945 196322
2 478
2 22
2 50
2 36
2 433
2 33
1 338 511 60336
2 93
1 16 932 79
1 41 152 64826
1 190 921 165632
1 747 803 111614
2 98
2 92
2 4
2 29
1 188 730 110549
2 94
2 34
1 53 102 86396
2 1
2 59
2 400
2 3
2 26
1 992 995 22396
2 57
2 34
1 538 628 123067
2 69
2 91
2 14
2 45
2 202
1 72 676 152409
1 681 792 118570
1 590 666 7574
2 819
2 81
1 440 669 170754
1 982 990 234224
2 74
2 78
2 67
1 397 569 133400
2 633
2 13
1 589 702 129607
2 99
2 7
2 38
1 157 248 88871
2 64
2 55
1 787 936 200512
2 90
2 32
1 658 832 132110
1 108 966 149
1 800 854 16132
2 14
2 23
2 20
2 9
2 63
2 90
2 13
2 43
2 62
2 10
2 26
2 13
2 4
2 83
1 178 709 2
2 51
2 85
2 35
1 826 859 58560
1 388 467 50808
2 63
2 12
2 4
1 821 917 234199
2 20
2 60
2 43
1 492 944 230290
2 95
1 891 960 65579
2 20
1 722 879 235127
2 9
2 50
2 60
2 3
2 15
1 403 406 200699
1 597 707 168778
1 167 396 57723
2 3
1 694 980 156946
2 94
1 363 380 14042
1 52 840 313
1 654 688 58999
1 94 351 153116
2 63
2 66
1 210 810 269
2 70
2 50
2 950
1 667 697 127773
2 22
2 884
2 424
2 18
2 44
2 39
1 362 947 127678
1 987 988 77161
2 3
2 140
2 46
1 645 927 240746
2 271
2 8
1 20 353 183237
2 93
2 64
2 86
2 92
2 61
1 716 887 159681
2 39
1 364 383 106932
2 71
1 418 995 614
1 2 993 211
2 34
2 63
2 29
1 985 985 237798
2 43
2 51
2 97
1 480 823 68397
1 479 519 73697
1 663 739 140595
2 48
1 620 788 73912
1 206 467 82974
1 120 626 118136
1 508 613 21840
1 388 818 165530
2 15
2 72
2 57
2 92
1 629 755 222107
2 59
1 983 991 39690
1 406 909 30642
1 312 724 5
2 56
2 48
2 86
1 128 376 31
2 381
2 34
1 186 199 161490
2 95
2 31
2 78
2 36
2 55
2 15
1 786 894 57016
2 8
1 656 809 8153
2 7
1 761 908 59894
1 820 893 143338
1 200 526 3
1 741 791 154569
2 49
2 14
2 84
2 87
2 14
2 47
1 747 972 31630
2 76
2 55
2 20
2 37
2 47
1 154 421 181264
2 15
2 87
1 338 350 192036
2 38
1 756 787 248150
2 70
2 15
1 848 893 204082
1 799 893 40842
1 615 643 138840
2 10
2 45
2 97
2 38
1 965 991 231090
1 532 824 163255
2 27
2 94
2 63
1 175 746 12930
1 69 610 52423
2 93
2 10
2 63
1 43 622 202498
2 79
1 333 601 53017
1 691 966 22918
1 698 773 111545
2 76
2 25
1 851 901 13081
1 601 932 72552
1 291 969 121405
2 35
1 642 688 29404
1 228 297 28866
2 12
2 34
1 353 961 433
2 11
2 16
1 356 877 243887
1 127 561 643
1 681 728 154232
1 847 921 953
2 81
1 87 399 2
2 89
1 540 743 90366
2 14
1 801 983 249932
2 63
2 94
2 68
2 100
2 85
2 63
1 233 457 140218
2 38
1 309 977 245487
2 55
1 922 954 85009
2 7
2 73
2 20
2 359
1 348 457 182132
2 69
1 185 281 206697
1 477 619 65422
2 89
1 320 368 48645
2 15
2 66
1 212 457 17
1 794 899 195578
2 55
2 67
2 92
1 517 756 823
2 49
2 55
2 98
2 313
1 168 239 81948
1 210 394 57249
2 60
1 43 940 457
2 49
2 23
1 882 895 185993
2 95
2 86
2 92
1 858 957 64697
1 290 737 144962
2 98
1 445 605 171384
2 41
1 459 734 221077
1 599 797 149988
2 51
1 731 887 50340
2 22
2 37
2 31
2 802
2 11
1 488 995 183915
1 426 616 147635
2 23
1 71 933 84067
2 22
1 421 810 983
1 158 575 91648
2 55
1 878 964 214542
1 656 737 163983
2 48
2 40
2 41
1 145 369 187557
2 55
1 397 918 199202
1 82 145 17675
1 168 541 94027
2 10
1 479 807 17867
2 98
1 224 757 128210
2 43
2 2
2 51
2 58
1 691 829 175555
2 16
1 688 906 161054
2 59
2 8
1 590 889 93874
2 73
1 99 325 45034
1 307 380 149662
2 89
2 24
1 341 668 971
1 265 925 64513
1 217 309 31253
2 79
1 681 731 223640
2 22
1 781 949 191547
2 23
2 56
2 35
2 778
1 375 884 35878
2 18
1 78 518 192627
2 62
2 40
1 750 897 152489
1 196 989 743
2 90
2 9
1 438 717 929
1 500 709 116282
2 94
2 52
2 44
2 65
1 648 894 220936
2 60
2 92
2 59
1 866 891 27388
2 3
2 3
1 570 847 103721
2 63
2 39
1 771 785 114030
2 46
2 31
2 85
2 77
2 96
1 715 848 179119
1 580 903 221740
2 80
1 458 598 227843
1 431 617 106963
2 41
1 730 908 112737
2 225
1 629 812 787
2 69
1 425 777 521
1 254 645 683
2 64
1 94 922 88747
2 94
2 65
1 358 457 32867
1 978 981 77358
2 54
2 44
2 92
2 48
2 24
1 5 820 461
1 59 915 89
1 983 991 211551
1 245 477 66398
2 17
1 482 653 155355
2 88
2 29
2 38
2 79
1 516 685 43107
2 20
2 65
2 63
2 7
1 828 931 176669
2 952
2 68
2 12
1 549 760 145707
2 73
2 9
1 763 832 241817
2 901
2 44
2 29
2 669
1 448 554 17290
2 48
2 94
2 55
1 375 868 857
2 47
1 799 907 201609
2 38
1 698 859 49060
1 894 917 185688
2 33
1 327 348 33776
1 956 992 80543
1 66 926 191300
2 23
2 7
2 53
1 110 722 51887
1 452 532 108804
2 7
1 655 836 169014
2 99
2 48
1 602 685 76010
1 606 796 212269
2 371
2 66
2 70
2 92
1 39 954 47
1 57 993 192813
2 31
1 619 630 2093
2 61
1 947 960 140709
2 6
1 57 722 249866
2 21
1 13 531 169580
2 37
2 87
2 83
2 42
2 42
1 153 221 62606
1 527 892 184622
1 69 109 213773
2 10
2 783
2 13
2 56
2 71
1 326 333 114228
2 73
2 86
1 700 731 93310
2 96
2 34
1 891 948 125246
1 877 980 140604
2 41
2 40
2 272
1 832 958 160993
2 615
2 93
2 10
1 87 549 205385
2 72
1 486 772 31790
1 649 743 191713
2 47
1 330 972 146971
2 35
1 448 911 96514
2 73
2 65
1 42 961 202251
2 10
1 746 860 164606
1 605 711 100816
2 7
1 321 455 120999
2 432
2 7
2 23
1 921 945 15825
2 53
1 473 738 153938
1 888 920 231650
2 11
1 817 827 75061
1 982 990 246756
2 74
2 55
2 11
2 2
2 67
1 600 603 183254
1 702 747 83086
2 56
1 10 18 235626
2 42
1 335 434 87581
1 683 936 14844
1 62 527 48140
1 40 912 251
1 615 954 226970
2 26
2 40
2 40
1 246 654 2
1 84 921 59266
2 580
2 110
1 686 920 214094
2 39
2 5
1 88 333 152891
2 6
1 381 540 14272
2 51
1 140 842 173
2 83
1 62 386 17
1 777 802 222830
1 801 890 95215
2 38
2 49
1 893 959 79699
2 762
1 603 644 121516
2 56
2 23
1 46 586 156009
2 43
2 6
1 103 136 200595
2 33
2 317
2 78
2 85
2 80
2 93
2 71
2 45
2 10
1 327 938 162149
1 414 644 17325
2 59
2 147
2 74
2 81
2 10
2 54
2 84
2 11
2 47
2 56
1 425 532 185726
2 47
2 48
2 89
2 10
2 41
1 271 350 211649
1 570 777 45357
2 84
1 469 586 160037
1 330 879 571
1 158 284 52723
1 135 848 195491
1 65 962 71
2 67
2 58
2 25
1 329 640 200602
1 546 658 177672
2 27
2 82
1 162 532 19
1 734 809 6080
2 84
1 461 631 175423
1 782 809 137673
2 80
1 981 981 86830
1 613 766 218945
2 73
1 112 143 3
2 16
1 7 957 59
