943
12695579
12385679
42215477
191575819
469293500
469137401
258840250
223978140
225514706
258476019
258840250
365613795
258267887
589616759
354270601
258736184
883595164
146129838
586571895
208787766
942611329
743240005
474517786
459386797
885166609
141096676
474517854
474517359
478908580
589506537
447579933
486465190
539054522
43607989
78697336
43607998
236338512
43607987
97756170
562828778
771988299
995093135
771988382
914995261
121346304
344451054
177178531
459674918
870323656
515507146
459674899
776802309
311729640
914332548
623442517
742841628
18985217
260952745
110824878
22837633
324889650
841521634
707495888
841521939
720394659
841521955
284686115
370208106
841521951
575844556
841521961
841521943
109062966
516743743
531466235
871151680
531466222
626472288
615538507
206586565
164320503
881259103
110857824
203449338
387144643
933961182
387144632
97198065
712299088
443392962
742367096
641599886
443398635
72347364
443391071
622208587
299296281
307673551
643878015
730577172
735003440
735003440
28507932
86975689
768443793
117211834
843955020
679820600
989635461
187720331
453671746
933997940
485122979
931095539
433886690
433768625
738683195
605490606
410907489
35342295
382134777
947530873
453404499
890472788
702457541
731230253
825026364
581816340
59555415
328185380
794322691
485470980
832775360
345385441
247444128
483475456
845881388
924875645
812678083
513499332
237913735
749404326
786653002
776792875
605209681
605209681
454319808
550199974
58942486
279051832
278919414
279051369
474272169
279050443
576800401
548027689
129682629
809339665
862747178
868052124
152353489
148704123
152234961
208796056
152350711
151330722
441961704
605573113
26321588
29967250
29967250
268440297
403388709
201633254
623224534
70813653
7891585
566383705
313176365
27473956
868308106
175202242
3584818
423182879
827811173
736102005
718207626
538078364
739753224
153823843
969167059
300463964
215919738
859292029
153333952
714033480
450627091
291463697
128293217
391974207
32633855
24850088
650618713
708960278
317507332
795214976
249174145
690628535
249173219
688671046
359096220
631365924
596701456
163906000
63345639
930488289
63394256
781794249
413249024
892558886
892555645
67233584
88323663
166050076
839215847
941888802
340455872
15171517
204377840
482843857
139125415
780096938
785536092
522768497
961317118
862310874
152416783
343133441
764100864
664606023
887107051
395264666
602576763
605512730
984915385
290917697
576991707
346287094
686752998
85240533
770420436
752170021
310091792
751273964
329999546
173991070
102194876
667515831
613834771
593182637
699118097
727119845
848509218
571469480
517481613
327001501
920497599
175417934
675669042
447861209
412445409
869275270
972009736
771818215
506193435
954543753
667357279
312817120
953368700
68608361
292835095
388186967
587396273
390936486
199056207
270064124
730641904
404716267
504506691
960499173
211401020
136504299
231034601
554107597
731698435
626792169
264164782
431781133
760211245
97542833
549177200
455267101
221547538
995475846
300294283
124979841
755354998
292411722
661283810
323382623
539700704
720542333
136342732
973458094
17146865
291996905
893796102
163679841
223804262
257535040
432900350
733070369
218887533
915555442
50389158
84658623
577557275
593218725
35303346
942561867
453804694
11794742
128390303
454614854
926543858
460296693
469917442
985031406
77826482
500460376
527083508
871129327
18237151
113423932
193386607
46675366
208611179
924622851
689428343
614924368
839918916
593027358
706715849
815821701
275329696
124756562
141361639
1695232
454152202
749365993
255156455
262079503
374061987
652563440
43487850
753008843
895884082
76526320
692876551
372297483
35843825
114026188
382306915
811335776
45201690
660964856
278597235
693492394
191507391
478599933
919144170
991062593
391519728
807832594
980339767
503263270
99448967
246032540
549191527
523410618
883545193
181569287
265213269
953759139
448930575
766508385
140150463
11386971
80831707
621059172
490137713
611633241
849665964
15884775
659620621
93313678
372603844
897406323
464259609
98076597
717850883
110587183
859106414
189807416
500934023
740810295
930996013
175781647
181609503
781883497
559578437
737638271
492298576
228271967
111938305
637980823
283963547
454903
183080060
977725681
985870395
845760171
835064825
889013111
288882575
8528658
142527584
1239892
850740483
619726936
601735780
347537225
982444409
155016183
548674548
825427451
59727994
473361829
987293932
378175048
778588935
211985130
45433097
170320060
963543080
807440238
427787581
230696099
203609810
352825171
53855563
67342969
870529448
899996927
799131600
957078316
686169285
801794734
816907220
480783077
223303821
675517832
585842149
254223477
477715808
417163181
965431488
233445875
494252043
879373085
241139420
945947437
963500083
121466781
321982397
904495365
540743235
358304902
639528703
805569670
511182657
623182711
974706959
848489175
359214760
797032664
29407607
882206144
459362928
969614620
344291719
894382987
2054190
386363596
318375959
333797463
392857236
872950938
391320446
717202024
956457177
299131949
384567305
384567305
330296191
454634163
573313785
789415409
564026518
364529853
814150668
920945185
298685486
245383712
428194676
826488368
103411010
862864598
911379236
607696156
195615476
357221545
931714261
720639902
221512331
74909945
965195866
398981775
54643032
677590501
917795287
141708230
16403670
469388848
54643032
773025769
314907194
378497026
217271820
599945153
599945153
336789402
717810754
320437249
794749379
7929066
518766584
687195645
231918355
213327738
359514951
952743265
138138548
345398648
782574250
763673398
251652790
736491965
894540382
417697436
372384409
24715959
847557835
530861642
718510203
404432381
22148773
598939409
598939408
534758076
534758076
298167009
206558189
729841790
877417746
206558189
554427139
853491927
651333879
604306381
804930816
13428911
626499243
391869717
317036579
596617796
672495376
775741401
678018449
396922507
889393151
524245721
667183398
357834203
246258304
112313574
654563230
970091643
951438821
211786350
691407845
913715199
438559662
249468180
6755401
793635554
384816691
447646487
667881958
867831980
884019307
615901503
531887722
981689035
142805035
938624740
852253584
938624740
779001177
471832426
787531682
840346953
367544361
872584539
895140770
254900366
706240115
494117241
194517532
260685908
905535545
65041356
606943388
29830871
8017221
767138630
661833898
468419218
642697922
288097674
34609861
694818295
642697922
825452334
674524008
307281123
441363638
751769993
495359690
785407576
738910593
97397963
463848056
713878369
62615553
571661710
429689865
896133667
23840955
866850367
497125677
183487024
516215455
827229393
799549136
619839965
954754345
967492845
139328912
352488921
944675092
289392206
87144191
541635233
370224947
159423056
672178453
286989626
817053843
467621821
943967791
610984969
554995003
879913877
368842732
860236107
896388533
185816506
130897888
289905790
826975308
200366119
165570943
49197408
57973514
499789824
509950574
246103021
992094313
373943598
566347982
926058668
333867419
966742994
309595449
674691796
269675675
193642694
778402184
500715142
899869140
452904259
239636577
594031629
268102000
731980127
38360103
242486268
268102000
932493493
177162814
487733005
487732542
568772924
69531565
40184219
487733007
122193005
116779933
682095224
411553658
603221802
257248055
243203918
124726430
714185163
716314205
369291657
366398497
627817013
72058272
860031873
164372997
650120597
720274909
703411814
422695663
279655727
233592094
187109390
945501286
877565816
794060211
794060211
762283271
629247922
457755742
137600749
576463157
235312920
511916722
931236200
879212785
550137400
191565247
91431662
17977190
958462008
683882181
633329882
369562888
563373007
44218364
579468552
287076163
741702746
466222598
869396348
509011851
822818873
396643870
620651531
833100520
401284332
378020167
854600049
830712746
778761149
793947969
798833425
55697925
586998889
686891392
186345401
804572462
17420731
785529072
142561512
529025926
840373367
492724551
778373153
42548690
417515498
719828100
738283182
797269156
959009154
522937212
773165601
773165601
720007595
453641157
835029797
299046434
652048615
348441781
23510537
513695136
77032247
8404415
647252359
101792053
633334118
814192868
852893118
64306653
173381541
678237696
58688688
326202387
869594557
239282018
738350652
561494781
359426511
560765952
520874613
836072585
174187244
359728290
694880975
724240284
763009099
190475103
703676259
407782990
568328870
708056426
561590934
84226254
733574149
263635110
266295536
292288547
701865962
651565891
644345556
644345556
404253541
885590742
818750318
45594132
416958935
478208300
19265874
623788216
972183626
275538798
309985628
949086682
115180361
610450566
937854780
487102108
66211365
381362305
777292401
502343608
475375592
212104420
482884124
459352865
66735478
251720427
514180885
626860220
428197330
591252487
898573341
208697538
382854153
214742873
772924131
820120498
498103939
607729390
777327495
514432506
724108526
874303781
803499800
931505831
7891119
278588354
851507899
71148616
35525593
968845619
978875821
680703171
949472888
987418086
72812041
720640451
250257075
919968207
70724394
771931680
345894797
807271946
160049687
876164237
155363414
592178786
429286415
365485760
64815732
527477587
293311355
685537081
519009929
671174393
473800465
136885412
750776636
103546342
705214673
57492981
56654917
242359841
45139273
141864245
527282118
253978529
97620794
617167402
840184506
859250879
986462807
906578161
296275271
963862176
680201286
742372431
46962148
882278623
742524659
402818020
101099267
47830326
850168170
544735109
826484131
795881183
560069064
492296907
486523417
826484131
842168876
100931523
909914204
581401200
556725722
235902954
354645925
210151597
387108990
666683305
463172588
196029533
664239580
575184791
672469407
736286578
176512008
92754494
30575562
517672586
852313348
45690268
633746336
360957981
419524059
97833590
699636832
454122037
627848219
788042461
800302078
464139012
616490031
255592283
788064792
791422576
692250123
623253829
841117762
472373164
832863486
298668485
57958439
906658666
331813121
893558754
502043396
474916805
412701365
63418986
385022502
655541904
658617480
961759589
950923044
214401110
194438312
680719346
1886628
868898092
136694771
315216197
787774944
903644988
843825367
114072839
935872109
463476310
935872109
774577328
7056841
380133887
834300467
183800662
844970982
310115351
944343123
467879450
839883194
690486573
761033103
10581073
806902775
510070156
130912094
439459956
914954967
106674838
677938499
404442991
153970710
743888403
655833909
623115054
489894425
544936567
928777109
866984037
401243003
484289125
429605687
696001570
477557109
192545142
500527190
293514856
91812837
122968094
915102591
961567006
290499006
900010651
288824237
275672057
54919951
501369839
651085034
58976730
136085487
986232963
953940129
369494678
841972779
680313266
186996093
534238035
974802155
79576905
344613523
931788594
932035530
128768519
756797873
934909676
441110097
962939188
397959994
533530649
94674831
210623542
957835182
341358985
797101821
772099850
426860247
906685263
965722735
224854608
71861214
224854608
499230518
580594014
569356953
720925360
741293596
813890027
933451435
905186961
624665491
925705042
355632896
230925097
451213019
377847392
222528099
343777345
408491050
241079018
662019956
940501365
972059075
899569562
485501270
912245783
873267185
703073398
309730680
179514100
990709987
903598804
874999027
231205767
679889855
263533910
731860234
985436231
258544678
348279241
132684746
244674266
117607787
39487459
636375989
796818306
866790348
594680619
647895203
208725307
567933950
928760582
565605466
939856121
410555969
772117058
421431415
549385440
461971224
482218247
852282204
400233146
438991911
56501960
16739938
49217771
269486124
408655757
461148588
710485342
336833181
86500078
123446696
665208018
803891614
617506888
176740089
324930441
726649849
385595355
220714565
558428009
512851743
97997600
376368510
706211220
636042975
728359115
302526349
403405316
403405316
594454749
421733043
814374945
864460560
137105037
833271060
446932445
91152252
906250738
365350846
44417890
561867888
326664083
996803413
962292489
244240568
29373247
888380901
299886682
880311221
423164720
351940389
630557171
785077364
348208407
373080675
945805799
662085239
657567504
730309889
689612918
240673940
761310086
301507922
285960017
452868411
655297615
723535665
727393804
308747212
890787032
70965244
556353781
502302860
753216355
820937264
790047066
848967589
517645867
551443172
452425435
517823136
384850947
444894052
727888586
941511376
17206586
536721141
184151735
258024723
214810112
93818396
472353097
499354395
70369392
312579796
399081756
388650258
506901554
597328118
732587171
198369671
43774126
169976048
167440512
71300319
271272940
810855399
238669049
751658240
498054614
650990890
747643364
337176399
667395690
413464412
954050040
401504265
900474815
789547942
890370995
657448307
103000499
378257128
627975148
886237812
507161529
708378687
747166110
448822853
963978017
985083540
84689692
493419630
732516724
778430283
804644211
869409522
116336993
85567903
77982697
812078208
764750005
938715121
202859070
215932717
178515814
230151018
561893758
828964522
29208980
920130146
490379648
34288815
953344684
708472920
980248260
747274494
522835948
91889335
513884765
885877459
480925502
37263249
358769316
621053068
476203864
482896186
897244011
903442477
326377991
146396687
41750002
75622281
661956822
195816241
399364493
135439766
103729307
456371743
896831248
474395457
902871878
92738108
240631926
448674830
812514840
752894582
298931183
257619746
826014805
68902385
898009333
769183261
570649523
803362548
219317995
180012275
133982265
307367009
943072130
640244754
938073238
120340443
120340443
351925202
814539094
245381653
264509993
289249143
893209512
678819885
647717966
482901633
876735048
301980229
125586671
211440366
605403522
247947232
817420416
888456901
773111051
850408189
195511631
777760633
881340165
703011049
292651423
370590139
152553482
837812772
858853283
945342265
665439710
345839864
704751634
854759691
963071359
467352616
184507993
686088726
141065937
946298633
741454900
279470480
633849598
345108102
8785068
327794404
705380527
739895112
741806627
838839010
529999560
785741911
161934412
890149054
967577428
839649067
890149054
270389173
182968774
772970746
741929806
196774746
678092311
506612210
145559910
853694739
555579949
476076740
28291174
619158445
809562367
510059622
413665304
477913937
102949980
740304190
577048417
931185495
372717482
722990467
996561278
879815979
890874315
219620372
350863862
406463065
242186682
193429802
542653787
149321755
34559021
15866585
675290008
338078961
81659791
719737170
859998684
919053849
197324049
138387345
758221231
358621456
272811650
176759673
835752459
735993620
608999578
730253848
175786493
730253848
251996677
731985942
699398216
25643113
153162731
682845449
350708977
703140988
428357653
289330553
224851537
711754605
412275595
482188971
671672980
623776177
218836310
205599465
342033593
881673170
93195624
897311364
92514001
423700233
624073217
512479414
556098367
605643838
748253359
755229888
512479414
654600900
179136957
556098367
459814558
129899328
150620999
697444926
632503281
674995476
876475754
961303420
256567984
196723503
954477176
545649416
384813073
74355902
486149824
490983968
726472175
416889488
548471902
676229637
665099740
275639510
9799975
854339532
583168252
341482938
957766499
321332498
437223492
954171658
664413520
693599692
406046315
232785633
182190301
469938944
22910924
578940021
549877872
318834241
719545105
333211140
490852983
746929788
494107287
299540958
301682896
363529767
536861820
573874469
968206554
177891506
13975649
959316277
343758939
985078063
807819997
526948513
22608052
215934450
66738170
842904410
349565745
31968814
915164643
380742460
318115648
704163024
756308190
231565371
136141100
433719034
817496126
361799738
781348943
249002451
167407733
247926977
842884166
849777831
733713587
342296148
765011464
550433520
328572693
479728194
89742088
267488423
150367893
471944555
722487757
997115650
534078966
835955859
102917112
900629964
775776913
376550489
387144444
484802799
175138214
258232239
659186885
472984234
531085585
314940824
78120179
323689763
615050307
652527730
762179194
796729070
55943802
261036122
203021668
3142903
711413754
671801202
269443699
23594748
742923246
570484136
726988966
241687114
269921910
45925287
59822346
342590492
828622246
645797713
451573458
725710552
249319428
397970295
896555085
354282284
707900012
370006513
724174315
397970295
220714502
210580981
217016072
675402182
340541997
757331357
487107156
335775636
182390336
709363480
707922343
971119465
296765492
552936143
950717405
727284217
368026911
617185151
127910917
857932346
359538399
17903856
483263103
114222275
992859089
945286549
621166175
28839544
470039816
367685343
451737798
327256945
50064754
186131229
658296718
910984412
684522093
948658538
971930914
270128467
497751736
941721914
785300311
519103576
127938028
387310883
400154469
994738318
159898086
941721914
519103576
105033033
621224892
446044200
457684965
359575374
7651658
903819582
710290852
832260856
898439143
88241799
668916712
859441530
215851595
799628097
553473090
190179859
202958178
992555320
219871773
856596852
78428750
781126719
190179859
888968203
276496779
602904610
277570927
645379734
704378742
525181946
485264753
525181946
655190540
450764384
520013227
77169093
23329586
680236090
317401436
198952508
263697627
77332144
401192315
341654520
400640122
25845561
877682808
202087980
330150570
322148531
844396232
211844189
945798344
593820592
440976391
563231926
736068402
132213464
656139597
971543106
771315283
574834513
56845972
405450638
159516540
912257794
776671778
77862381
916084193
207706890
64421766
101433687
988630988
969981045
496705343
663129620
550778183
171588601
323098458
905162522
924923744
419711001
814745922
826903274
515215934
662456091
958780865
628095521
95900780
234485766
404202809
234383973
214607708
133704420
775083382
29954316
865094808
139556088
130267618
665456129
261381361
231126387
586684685
453031160
398455651
693512571
464896651
890196603
163517237
199520462
198222946
663234855
975108837
663234855
65108616
838228215
976444526
672046721
435789648
427718786
192553137
157681920
698879331
827570607
291315815
659380706
974502499
843878357
547115648
215721322
565733296
591461255
590661684
556094839
889609064
174672820
103646664
840814121
302061414
253159822
126573328
327208327
884062052
937777388
746785205
715261720
559087481
835477024
951008966
914429633
77081661
70700054
540771173
686751010
756234870
523057945
892092259
903960533
195025934
956029748
98348620
617854699
114976301
79906020
742546339
987000988
833124797
371022662
602581011
550116797
668136124
350797230
773185058
452110221
487272858
149704927
841809002
477947184
225288524
359619388
495016078
809089627
103284123
939117998
968752679
504349776
94366826
851009233
461312756
368632867
539046848
879190309
496290902
68286849
228058143
517381460
790448036
99572970
245976789
384631066
161912756
41160342
64537247
447227302
111657078
967510301
971056811
222193128
947877390
414111091
5432584
696728143
97943709
302871887
743705999
938671290
743705999
761997471
485309224
36915038
387753828
370447052
114656712
194360439
194360439
972245671
996421697
793468110
881635587
915629716
133856644
830245254
891866411
774631681
851732663
582194633
878577130
592240944
792350108
959097986
217965856
225869053
261023168
256437052
432533116
272403122
262126259
199148806
825747998
521167396
676325670
630252674
473246411
916797888
850800635
616520886
580927625
648547008
932399082
221320062
552423205
886750011
101040509
34321444
631648760
960081339
160453873
252127791
837487971
844121361
679048655
45254071
45254071
980835913
218463116
12557901
915845402
72489895
769587918
17075054
949152047
363105012
688945546
859055502
955815454
920117721
622569665
75407432
758424230
145456334
23835963
877830546
9820133
959464709
232709100
497089989
299422784
732640841
640623743
536636682
663330485
456809652
278921192
390295343
522008967
321604189
469659730
819076659
769681446
192352802
263223165
334773344
207892601
240999339
609812880
652859430
599634341
63070074
655897012
408259706
691810513
460786326
247976433
675500330
555182600
650028499
512395288
102405555
269471867
441148401
625126217
687555657
291306724
134714100
304183789
509291310
606293569
6337892
410492073
743428088
341082406
743465334
439590748
632679364
48552067
361639175
934602455
845354964
160741245
308430669
365142052
822392623
966189518
411542715
158146473
874539217
265063064
445653608
891321395
891321395
471533326
246297071
169392538
219962810
371734961
396094758
596284377
905354267
613324814
374015319
438260482
849131589
955871723
150712440
7725214
260226203
890102133
660112017
303027770
124869402
171923460
395242728
127586366
562917311
513064753
663463706
860101725
447720326
658289703
758615991
331819116
757202886
968340453
14542169
93229687
118265873
93229687
30868290
229167332
481335861
803496922
651841162
758980785
538567749
74525983
146190033
334752205
235382338
243388682
74525983
30755137
440629517
608582528
799702883
421680580
269936278
300353026
439621312
300353026
522415877
661865705
395500848
825805056
905713521
29447975
575401875
533843196
793896183
423198732
57512647
958061736
337482978
37486307
701963904
715494358
31737124
955185928
274248557
527521065
71263436
413861042
224868625
366813145
54784333
99624989
924699672
173805312
99624989
222806511
748564257
493931341
932548308
99624989
872759856
595389261
598966681
808733242
134902024
860420850
465890251
365072151
161982974
427962241
532461405
896834331
389351571
981540407
668367572
784031876
617215879
307020870
529050081
846553318
212118406
686172589
547808525
539220697
845256366
604604774
697745379
396252039
574754616
241248110
983789647
483209389
719635104
571784373
864345410
214582447
501246147
73333770
841281322
882442951
469153239
478278226
877994179
830752099
201806681
831862934
676800941
723309481
13985727
800643308
217448683
815817648
594147836
955671671
290373880
249489693
838697087
822881037
116951304
714317898
451670937
356692635
440083837
724464697
518660842
451198381
444760143
662634581
192119207
255896848
13901185
202933109
308370303
283775574
868522157
80543919
916322815
585184947
599834651
181565422
390600054
370439383
431166557
639938978
392053761
122202664
512305140
689358179
944250082
599834713
446908149
694471370
578991378
298783094
897883461
499844855
472432134
401853873
617420090
926071274
292625968
399583451
835377687
709253901
193339246
719118159
822623176
799136474
255574004
243508083
404440346
883976059
368116276
794747794
216584355
176901211
603922212
947989289
135465252
846440020
439780006
692526096
416499089
633449515
414061082
135465252
848106889
540380465
711509346
972745045
285072544
900772696
47430806
335985433
669369013
629377873
978002291
602197165
622459087
158111104
481591986
434943234
481591986
397342084
499332914
728991863
433802948
443375173
463747661
245611959
426994954
842975165
669379566
675508837
669379566
699351414
943454799
225293498
897071694
322608760
897071694
943454799
712600492
459104023
981844628
851775355
816955790
424034977
616960400
922497338
469083777
9596128
389836488
496023763
433864117
70033868
535906105
695631946
63509424
58841359
831204815
656334987
806506792
47623943
145321790
475833408
411831715
959886418
276350548
513105814
654280447
245768783
820209684
230239546
654280447
604392599
98879368
854110682
372345792
865476463
364973035
832409605
826898002
14314096
540330440
732492591
233346743
61840753
565293948
739716532
227154899
945670988
117542130
733972069
942032989
296864421
647898374
31568542
466742231
665998390
797988427
361191024
14234829
34358129
726827685
44289075
645671991
109610375
945610597
349645445
353885219
214490606
469460007
720111237
709370277
614088831
209412273
141584085
825752427
129710622
572388281
265758528
528973450
893360169
550281848
948442376
519999461
851926489
459376113
462878739
790140514
195317498
48784419
531389821
717612642
632817974
270018302
204965335
913886541
354082235
994501181
374210289
8766636
540333313
329924964
717442910
548799673
911478749
219325502
145693364
541896763
193783134
876507281
130724969
452192710
51864589
664226277
909472814
86254838
969989438
761690834
449560765
761690834
449560765
77270551
964178477
887625570
510217019
393002190
19762485
81049483
421627603
777647945
368422126
635239974
130074134
375528182
124494619
373188794
385892447
719025447
726819238
271174344
154058930
854082415
