779066116
27298422
963768886
843358825
895508691
279111275
312969264
920899826
268667936
786295996
937552974
418318707
583220918
492978778
448343946
496645273
423655493
357661023
601568843
184820621
444366425
939205723
374217524
205407709
847121141
952555975
526423821
158511545
745934882
241504616
449372772
593097511
626771121
670522096
484060607
131549604
173107844
133295835
635928372
52369149
950954483
319521654
321864362
126534905
745369089
506416667
16013131
186736321
38590408
708279542
889133543
742798437
630489149
394393323
657995699
717153835
344979101
717153835
604943225
488465581
152083388
480084857
163162017
727616970
472213748
465993290
725055825
283693138
632140771
490668610
582854694
220836975
784967358
979929939
456448747
10783161
713375025
39523355
542930234
759086003
434489759
712412904
183997170
955797736
187459114
308777951
256329559
490941603
878721730
635760108
856942309
106974744
199886845
87860524
333413338
268095116
199886845
323217874
293771035
914692123
71562926
151231595
174534261
203574832
723710344
922765046
884904350
505420771
153523589
134972486
582491092
799725281
9577219
597105767
363570326
938721893
141223775
403615146
402877015
523466801
357628242
160530797
891560779
473696840
959110132
117314689
922935899
134390883
721362804
691826227
582438282
221007369
822070731
756827817
187695800
973075183
221449632
391506298
718809401
291510777
443040706
267364469
443040706
369650137
870868370
761035412
220471778
126968185
854158446
380938069
930413226
876532303
482915605
755603822
320594808
817447605
539158831
304456022
168223636
914048553
183460837
608278123
448861595
358626285
443065165
895167523
409631338
906707276
609879316
651898511
835390685
977997000
98753201
715201316
426135684
145921505
131679554
857220322
442774643
833682102
944603170
975002695
705963889
183869521
471046019
402156053
463197524
920394468
587011970
425681100
938524349
665822035
149621357
676093668
539559208
892078589
619109202
870657125
475292233
87462587
520338846
80952681
570327519
156607703
34517648
697203153
72329986
135813520
217800091
484728980
41138826
942444807
75090564
105470434
532843197
589368423
666099901
386545744
549076045
159453477
278414602
980187860
212925560
507293158
168015636
223418689
494423366
607107644
416249653
597765437
955615519
357429182
938939563
328556457
484457191
450943808
786215945
269535774
133613271
807246942
417201186
576589019
604398856
820126020
163886307
487968296
457299318
680732671
228999665
325717834
811693505
107690432
618322885
718654528
376848705
45429907
969480502
382757066
345232637
246051821
597349758
455571395
283528313
330431069
790102169
237426495
236958421
702967582
622019104
934480182
474869921
734725072
52786575
181558655
395089571
487640428
123472729
874518390
129939187
254378878
422343880
258224117
974249651
98837895
526399248
421716430
29959444
877287407
364217693
283254245
965819374
965819374
257379106
920281510
64366422
867001114
541377593
334024360
8833152
549385174
134075143
30363218
193146646
303797758
270835986
708851484
911774396
789254554
135513119
58293210
540816255
164352850
336104904
674746771
390735898
903234180
966766072
23845748
255764583
567901418
866939098
258476083
685077154
902396704
848286265
224178636
783526323
293550066
83665010
728353772
178650332
869935454
886307492
508158156
42283013
690673855
983163630
438726243
356230061
627307544
867115491
281390372
521744661
289668181
108717167
842659663
593873122
599026645
601193333
25603956
59245985
844026380
12440598
769255397
59245985
940703114
39785376
166621428
909056443
533971404
796173203
508018624
792087865
397995758
616085487
395605584
908652919
237333656
355287561
155821797
82502454
534580889
170916514
757957707
503557619
974770933
162236314
336629465
918569750
725067986
725067986
873769392
555929286
760924670
361366180
394894689
404124400
523725859
13376451
476399533
757677341
794877189
235521218
503248475
476399533
59909763
469022972
650446041
830568167
166155453
251928570
646681058
791543010
611505830
611505830
898031410
361422491
65406509
149552758
650507195
738216212
572357292
355187897
334891950
928821671
858047694
841505158
669160876
294937180
856732505
547356316
930561517
312145359
357244144
841144211
784090129
943263933
25653446
730754287
51039449
298163671
737779381
920085092
720430914
381617123
417010458
718157456
145338084
211939285
976762045
582967017
181932077
781143740
332287571
326949993
21002727
547280006
336860519
847853017
367807388
817420520
953627650
619033378
421727936
476538821
173070234
209616768
443388991
370381045
9684266
668546831
254501066
952172997
657425677
677083698
60354502
2086291
768474554
775966596
533415637
757189823
352575000
574845575
982483232
411251671
428403935
878318973
804572812
784082082
328214238
305654125
358690106
250471400
514979077
850537105
861537726
149620511
644512968
205385318
373085367
355853428
284135507
969634826
557384095
271856898
706221946
66613393
406066901
7722447
109092157
307713787
31897570
768317780
668370212
991491781
613372049
150084567
695407284
655622118
957631669
655622118
61037326
997378449
434912867
830366959
684172946
586734990
813351806
247226215
827318275
301661928
68430870
18801787
889972510
13600323
701819374
123231369
640429556
660308071
47626497
977549693
771149150
289087540
209638050
669557219
759224336
169159701
537942846
380715491
268058614
11896620
268058614
146703312
387986453
876425733
586463942
586463942
916341333
805855425
229670731
5111244
350755384
180240343
150438490
609590753
726119437
811313862
51161182
555866213
29902352
688465005
633669153
59981585
508901049
753259119
264319551
429743208
168961153
346759527
53496377
978234525
96623106
619549429
891200042
641898150
302031972
643415196
625443320
1292382
425834519
522223174
659033967
872670613
445317496
255892713
48093121
587840013
496030398
410105849
385606064
104041247
890648371
650068463
361507835
312083165
812319425
203931987
564764619
402613807
92411430
45737497
44705021
106831994
310478317
931367841
879669286
982937669
457146784
937729393
808480110
982937669
596164582
388570119
656098490
282374671
778117813
225740561
392642115
963892023
414616573
242873886
403964983
144110670
443330866
359414973
589205643
395831777
385437389
706067273
210827735
955009030
361877527
776819216
254010342
279339027
411776718
38888048
785306797
940736148
222687962
664976272
893502278
686825648
176164696
469413957
356431795
691809059
712742616
191329549
622375870
895614413
376521091
469413957
665010799
50701393
212658463
346943755
419155367
736516470
975039876
152782447
496028431
154090034
785152130
711363901
13135379
838847142
965248004
795443218
358738000
109764851
415869777
965194666
828741223
216804696
692480909
801049437
950668657
668696328
977910279
540637881
596191161
846240281
265958166
294212641
381651516
237931107
137266647
116941105
577159341
657124174
55297477
187789037
994836563
722478729
674045699
466270476
761033040
425598938
334036708
708279390
945420965
801939002
358486479
34988651
238762565
825111226
118339476
102774259
137372229
351753138
593194928
151903582
756910097
442946795
52883399
892651846
324092314
217600151
661896773
917976352
353777621
984549604
458968977
843452670
139994919
166902670
442645081
492182322
953754965
426855929
894941855
119797223
187407073
813335458
551395090
622159758
652359453
687169024
212008582
573497535
868410459
951723814
418392930
8657549
779569563
377827472
405899303
86133042
720497340
730288662
111813400
525969736
891336755
955342398
4673234
233183663
297473962
265205039
82665057
810027274
824827407
439148210
373643308
277654957
553441280
402643101
980316312
515354930
152735233
742118890
789921848
546862283
60385284
757334350
7698109
372485226
11588527
28204209
607802311
697318603
458831448
484110794
31763407
321466914
118585400
158589642
440623209
484110794
373126930
57216548
451712459
892929421
365244579
704660861
796482956
471353982
621401223
620540770
779771601
218986796
417779441
359145668
882206742
845604805
855149393
277515560
144131759
854884793
524970216
740104569
345914147
402358468
377482478
965523140
94398804
294972042
523159008
965523140
877056761
896550624
769748664
230592029
928382062
446209825
913934601
780321360
676925267
877056761
197912806
513422894
513422894
52335136
141979648
660974304
213109232
265275283
380110941
255529348
408793501
86491787
349498637
416666855
826164811
721201552
910514587
349498637
910514587
888313597
610929753
494292081
108373451
359079849
910514587
596046630
958557871
522746755
945083467
731361037
771405962
363255329
439839294
363255329
994776896
996758207
955730796
986679678
565325447
144945648
681345257
209899049
121672958
187470130
7356208
408529594
129296063
276825920
464359261
193147613
477626547
568202136
877157902
173529822
277385332
703643217
665419030
850068746
430546550
961931510
775491088
223580671
21553305
287658775
138305296
256478711
616159763
338120794
645679694
262950867
262950867
823245730
772409280
390865752
342423566
12037008
156595392
624217004
23569661
44967343
979567742
12037008
823245730
763796269
43728701
624217004
103526431
640912699
455223088
19950844
706935620
39417593
544492302
439167024
814268392
469519132
568298588
690687444
780993573
981568454
946594831
423993472
56340112
384302160
421184271
277702230
695752038
157060338
799136574
130658648
56340112
366958992
323814848
662444928
661594752
425090172
181555098
130060007
315696686
443306865
507764884
446538553
125729560
8837580
862905256
716577467
359348205
93228233
31481734
145097112
908673094
354279264
836838937
895522511
45933631
956940354
534362687
338406100
270909927
184214043
656687697
160259489
895522511
943972430
930536936
441847426
164461387
663054931
19333777
659071605
891625760
574357878
416122943
720487134
891625760
350461841
350461841
992185004
894487526
759218426
81457034
845236055
285228341
680267353
903022967
178925469
473351527
262316237
36708296
57893001
337723124
458041602
337723124
171617437
541158620
384357680
725133067
598365608
111259806
475396125
388726614
797335879
542615276
371137401
959029096
305777546
636074401
622734341
486089392
680048793
775071429
282303551
860123914
186044160
916065340
481255950
596809559
756856011
866081277
960203812
782626506
814154958
986723267
878287683
228655958
279621005
210337547
811412184
462741887
116073488
787626000
86318452
613686295
990495466
236714688
762905963
762905963
726144526
60091291
415174571
84688469
427844571
183414162
401692738
170937143
788082101
989416215
231790729
881891561
811142793
585889039
585618983
972806792
342925961
570790930
928978200
214322027
23974990
688321851
326397053
385993739
550760746
600724320
326397053
210611298
554642191
370445890
185891121
750935112
858099681
154564204
526382679
843892158
794422396
62686693
962984731
626681702
845575663
182169652
353083727
741872302
987124495
60570247
947287184
537799986
206061740
657987572
496891448
362398847
858525214
816045990
341404398
109790342
576338586
206254864
972822061
795923549
655075227
487428645
11946098
29481453
926564944
919484328
53580120
478501739
597219905
966226971
563949289
244208964
515775826
354721263
529542031
515775826
797725311
882501518
72601397
38825067
113895786
482843449
444716437
329764802
845276905
726465210
204127951
988843096
444716437
221268077
968524122
434075278
520910032
32070028
582172543
597307066
169077816
520910032
1849637
997401952
613784389
142407362
520910032
302009459
173170803
222117535
533790384
334948689
28538902
479942090
410598549
850575073
528809695
851370507
607447996
796483215
353340663
865817937
32881835
789877144
759103186
506121875
139362156
745898784
287894304
849114592
198767569
4622568
129171374
587602079
14454799
625887333
20787219
271104404
98804711
286029100
330195163
121996472
688394794
496801634
757206311
569787602
266294103
223605326
496801634
400810604
527383621
584725564
899548522
898057589
762045710
686661751
98621850
480712170
285367689
860016047
382304934
858717446
286443607
444336598
888568808
72040572
120167536
581065774
928233687
636231655
266645800
707318896
562096955
29289289
29289289
782144824
761321979
13009036
205199551
530601614
817723981
290311408
831425740
431496315
935944781
722700579
826997163
207709379
133858212
985224915
300369030
969123645
847219611
847219611
433421779
513805298
64885834
328718039
578312752
977623585
579051055
24148757
479149873
745680695
678915033
745680695
101943187
902503796
342748484
920384821
455150381
285544097
588203722
697670864
596835220
99467226
764462865
205644863
127583830
869399782
466972409
845600207
194235378
439399883
37984034
411202370
553937708
911848018
743830750
554589893
26618112
934042986
307427173
746611676
144640465
725800658
450566663
586056611
212824632
909793126
645156707
586056611
320236122
145174237
215580233
174822461
967729079
701917931
772087889
80924433
186847351
119665551
619204519
778351618
267408841
826351360
460334176
478613817
942678875
945467887
488730244
843120939
490335662
530868055
59101698
195277935
260013307
636713971
141233304
142807618
668095393
627238763
101185074
18561328
521351075
957205896
593282132
739434967
942449168
956242157
203130406
18508075
527549994
863533167
625940054
699893222
257307311
135277658
986320678
52817011
321490110
52222577
142631127
374890202
250410854
379428958
958075592
374890202
876468853
624841729
329849152
111131520
989926941
719223921
297806520
27046463
942917318
337911374
160403451
896582173
439444204
657945982
359876928
10493017
244268850
398811424
860228227
921136443
411234800
211604400
215580773
551236805
973872144
582812511
727010861
469681940
164610942
385975303
243341472
209770363
784711085
767027543
201321806
876540322
740738361
347191972
632072062
841587440
242575640
833216671
215524175
646621918
450032465
602149125
235709995
602149125
475218832
329439237
471251772
293723231
308697115
393274729
612722351
16017957
836741180
190923130
751631
549232965
224442867
859139622
385733797
610022917
686571994
76361590
473301314
369149077
73709891
908097184
871594239
539325659
188018
367027606
610924907
191851330
103190936
856380742
651061446
991203386
752702912
859609653
667592735
65560329
99888556
514367270
166287708
858770058
552454362
499303210
335828601
716140096
637836292
171304696
310303859
872791247
865624046
902605404
24248112
38900097
166705358
962239341
433150744
325594594
187661235
9717058
45218561
912353987
778965260
92633462
26144105
960819019
379905141
507568326
577102282
259405120
310008936
120460486
655849727
868091018
181983048
25255694
252694681
386689569
295360407
394181611
684427850
889309007
844353962
277235750
219528973
145387355
773217368
642749349
362149369
943675695
279234972
818462588
481950443
21908688
481950443
452796815
452708959
298513293
409994646
706532961
170518204
481762269
345452018
186118025
326147790
757643345
915171726
795140131
399198178
666472091
947045606
228906946
472342095
720866442
44336345
701244568
318727939
807289636
109649474
428235590
502352973
824693456
322058868
34516077
323009365
654527611
94553890
824693456
710008206
683692470
870530461
319150143
53633024
123713589
517565777
198307981
318662967
820025856
953417928
95732133
465037804
607789219
128062399
809779163
8170067
982930877
805434435
138620173
160662968
261131927
296289896
500780074
298829489
588969496
116269271
576989770
810357394
721919680
453843082
359177483
804500438
304262065
266720110
353360226
561817349
966243573
843496529
239314022
147119116
345864984
970417793
656564049
608649176
447251673
325606860
755216276
149165872
867140524
536373329
273756707
227463285
334988711
212150480
578300157
464795963
94524463
238397544
765938351
526559075
748136062
970573668
317425043
978623983
238397544
317425043
693699931
136672683
927771479
2877400
403304578
299653367
586418854
299653367
493341182
279104419
719224726
50299353
728075773
399044553
136672683
686882369
686882369
341753505
46483782
801193053
232836465
188363258
823713460
872050361
483391974
7621849
881103356
571184762
516430370
881103356
603684697
508605762
347876223
133088800
845549874
270132493
945781077
527659881
815546855
284900590
310129948
972276190
183241341
684700806
470078922
560713709
227418627
725511141
813965233
784073504
861676540
62377324
627671453
764593575
897753804
20091771
134424421
894088476
618368618
507618348
264083266
643084260
471885554
443512402
869394419
388980929
617183015
199465492
869888908
468388011
442862430
132078297
393315863
101149985
248096192
50546789
98315879
990591065
485287249
411224928
320672520
573144285
782556926
840426626
894638756
456312999
616954817
51018845
228110852
782556926
119388106
523770164
840426626
123838701
806127343
396330287
400782544
6971389
95346901
643328899
758087286
117761402
81577622
448058780
871061334
332912380
364229823
388052643
400782544
157542520
333347859
560047028
994887526
981313216
246189558
389720782
800739079
489342436
503495491
26211580
805341961
490859110
671712495
794484197
405804574
425904072
201698274
380750558
794484197
230138391
59012944
483595255
727191308
509734679
443189582
274019446
110686360
522816151
697583978
527426187
477436749
386700376
949560009
948534430
582278052
748238699
411228853
857068278
651902952
948534430
65702227
627963649
626801816
650061705
819598399
497446948
610117576
870905002
790585137
746390650
435966244
858914906
375471121
197759413
317441864
702668487
702668487
341740643
294325742
589035877
537224619
301151501
961522471
605151988
340284755
337574383
337858627
567111783
462104665
68323940
228416148
864990615
80358894
114610940
750608142
92424792
861138133
502151066
755981017
34632363
691564724
647238578
284427788
267045096
451415245
807675909
518973095
337222331
74036345
612719897
877920138
742447351
814595490
454357316
877920138
888795564
688403133
708954213
545559434
157627251
970359206
178798761
93946598
623560688
353034911
848210837
413670290
78776638
200738667
573784114
741856483
820923864
209440336
742749357
987240893
303132723
215204933
247468570
580611824
558545932
376811014
944070432
486937753
7147103
963248305
28206885
193493261
160020809
8195357
23093488
211516858
955838819
199655795
571010980
270602049
139241477
672982886
113308219
719503630
261762534
335836298
238332685
928062306
810412911
867461915
385822228
70187444
551376709
263472070
490966907
977487296
687324768
548124751
346816090
399733089
838109187
960828345
288008060
599256801
234980124
355490325
859968437
146891690
951755792
632393402
961437388
966558203
491885347
803526785
408969371
491885347
775003119
959790357
181087441
45916331
787688854
132230906
407618419
736788802
991812219
635308809
682391879
285759443
114108460
352098302
219063184
603834929
610454830
934225646
840477398
744732311
329981195
180847125
685757413
696149321
213679292
266973462
255495352
891962289
552263483
832869364
191429783
171465713
315109466
794395795
673137216
853335431
553437397
390040709
410553121
930666931
639239469
217511680
948335615
246038450
67054154
298072534
614888260
718141118
577369060
25392087
803486191
420162811
832864866
448063033
232606464
223040985
449959589
877438442
620350373
835589193
948669924
126720526
669576806
922898320
392537627
567086862
265993682
323219102
262606381
969207459
921832071
564171486
668554253
111761715
666976213
972499205
111761715
707923617
264210902
170123200
723907252
463418148
224595630
252825072
576674838
638941705
71035576
427165135
454153638
922327383
394301519
974305520
427165135
254888656
769116588
972681365
439705485
996791890
906880162
966227088
996791890
540106836
973859623
963752785
742756364
34831176
563225287
435414367
853065574
489939285
336310309
104462649
620463126
24006228
473712180
287722608
463876992
334781557
65048518
253447228
192769005
440952231
896192325
482471912
367002663
920988402
429312324
279019250
748020542
541960316
95283439
502652871
203638722
178818417
948625242
662862948
760601984
1893528
370185314
398294865
235632116
238719217
7281745
974804669
91151350
838365362
565209783
249493991
654251813
391452614
227541445
475848736
396674244
44342139
244720324
367295851
3213898
784206799
154654199
451913783
759237122
82548493
392226863
276105101
650957545
892617163
147919610
522535782
595911946
586849912
106735403
809188623
334240491
482517676
969295376
877311663
337766599
82338047
790001660
877311663
721559581
8069216
803441948
694302160
873518869
306220549
825367626
361665309
237048269
695771450
554239407
41053563
757053594
141992373
695771450
153173224
333294492
541540537
86794317
974801548
958685011
626904070
586463792
294870489
289462451
510583652
873768242
293445615
565759008
317699263
431291818
681897334
839842794
877338682
851900163
827536291
737988776
551499206
493344070
768570354
559437083
58729532
252709304
984782249
812460545
867537743
505946856
994336536
202968991
983407203
15192656
354423375
15417208
354423375
951637073
908251316
960943672
254649940
23903475
583299189
635555038
991192126
438394561
474953382
65828542
211868188
978544522
641256264
393312664
993251039
15192656
290114153
714045877
316987286
615157985
316987286
140509353
262238024
364170578
489453910
674406877
382632482
567772463
353756647
674406877
721810554
702651662
394416867
7065739
764140430
764140430
674134476
425467910
855183113
86348343
476315844
649311026
976231257
585027763
10405603
7065739
649311026
822391193
499420167
998235223
322888645
124667319
225787679
23554743
647713390
295839898
898838918
329270805
981997681
406036121
741254163
865150089
656125364
306570073
295445066
450381768
753952446
95665609
649910505
171284379
985083015
887472425
823673991
513358766
213843572
811060366
377480870
377480870
346186265
474838214
591531754
758738812
840829337
116144919
347805354
623993133
123076492
722526567
760458596
123076492
116144919
849011103
289062919
664957040
378421318
25889583
130744195
352824180
382659265
735985098
943926137
129471143
788228673
215544195
535678720
677672467
50448531
990283369
434341320
355172379
220098055
144599218
849631357
537975821
164521827
985528127
863773782
402714845
254470061
634155559
770394023
159025904
316392728
982407057
624011956
884274709
392300324
925470666
593781367
318416343
584431999
64405356
148927304
798920159
959318550
774758197
937924757
528003776
930045673
990374062
309543167
875873848
807765729
568910423
777788288
116774621
296895563
983419352
123937961
663291194
777788288
278183244
988698828
553480768
696614805
960990761
498748155
500302244
818165496
476278720
968546751
627682932
402118560
795825963
837598419
526148211
821791252
496206758
301425537
222143695
84107406
779842837
301530280
63935943
725815173
45348137
202593949
622325267
69113280
828554760
723428604
648835330
932548927
997461992
592089617
598800645
937620006
205866494
669359401
982361970
125148557
401816844
937620006
344453611
661667734
726972816
419869548
264323840
414980477
938358781
764808194
923515483
280021066
607449071
957306182
633555507
159838648
622755181
651260520
361343544
708233906
271287747
906671025
351057337
963802589
618158463
567628084
446093438
34710700
581204009
79156024
699412288
918612861
197694456
593581809
557729766
926204594
908601827
788153897
264990502
526760157
424835298
382903499
668305570
315580206
883462238
848185303
219873990
565409331
965323478
14083736
241130103
58724749
325594600
206596270
590860526
142791388
170278393
56791484
680099218
811886847
857488547
577220441
892167477
793259788
724510465
554255217
835393289
551425298
131940041
752680992
701956075
348082236
305489132
936792104
471910816
943515917
943515917
677134374
409971138
182273671
394647069
255077455
255077455
710126966
336018258
149812466
795274165
265341538
345529492
921429339
906204189
102767212
792355968
748317170
834207915
755484263
659565274
21152350
405212983
358764683
913577394
967644871
225866866
494851072
44718167
322132016
879932136
78946509
825744835
143589421
247037973
460584277
7991709
364936104
56774361
684888936
183411958
240130504
437529436
657339460
286664969
943567975
932229508
314480472
614367267
861738400
219023083
798407467
957614680
855822161
991961693
254539363
304677070
24300668
474080379
239142337
624897351
540320942
266405715
518197484
141211071
900010245
542848895
918465147
756344297
314404886
717723643
643823004
209095929
653391237
898626582
909888931
889035109
757769995
320770627
654390907
972876480
464263750
420969394
199866287
199866287
833240007
528024098
218086464
308171622
131095233
812120602
528024098
849631626
530472913
962961695
344800030
2287536
544471880
134620452
39558238
510102855
13822900
401840723
609278821
411414855
181303830
447624987
841042201
407555218
549389309
660357496
414624268
347499572
8202980
200636388
317389466
604726491
498005292
498005292
214017643
338103005
829218036
754051687
79061372
80766035
721778886
473911132
747312581
550950923
285719762
876441761
384682141
783949802
476470611
701307442
240853652
719901205
567644682
561964567
635260791
161378555
320276719
684999368
776505027
966379951
62457746
823759419
672672163
273193276
226699516
185012912
684713576
26138739
407466680
888857355
179093952
376718123
602957150
881711705
485844879
54141308
986407804
806986699
890281060
244466089
426768842
334424514
858524209
276270351
901436075
884585888
681988477
11580131
736578225
4810954
460561887
706583984
545643062
484329393
716323856
11970194
982901618
282794786
694466505
805890371
223885258
67846349
789486875
703374304
523635008
627894058
45926619
605649561
678472119
669408973
686859056
819189704
709156910
840592254
433225813
599403778
732727283
45681205
695218087
136520290
106730553
202103745
586601257
319438329
703645011
385221433
17312626
249316384
981093651
981093651
655851766
593932581
779039137
619545439
643708010
129987294
721071800
743737195
614413029
124759703
227045024
276526419
116742321
466053317
414153944
980908320
966096876
956498205
725684202
58714049
930011795
463230516
124759703
28331622
229329841
123583477
190259023
938058390
138539229
195662989
718681143
74465006
767665587
437541741
204359366
873393954
454907670
951011125
506083073
590283774
601101034
234200100
302130061
751350141
707338841
850204310
171298404
316797444
860808639
304202362
525046725
7657494
93391089
8193631
572308265
531027290
8193631
528905308
247904444
872652874
351529963
687705968
47551878
533403424
684571618
164588790
875972647
638362390
728885805
195728409
36274642
338885826
85929183
49864086
283461848
348038835
528474043
947025202
258650743
456021973
208564948
136302888
10784806
322845811
512313051
31854905
396382635
995699930
105270346
713028659
105270346
919994633
945498000
712626701
108952193
470158910
46997965
857859226
670147758
401393700
641073385
88885907
654981910
740827811
516462313
121480943
791458181
732714579
792523999
466134248
465120422
908547534
203747439
466134248
74791093
753749151
945325859
954322242
954322242
974637084
908730877
511127118
387373053
386410897
501663593
587749033
409601470
622467757
827472739
764098196
765225042
200933844
752741710
298535260
897173607
875522380
865160636
271025575
89477658
706037148
756234780
908618715
174774070
747183234
193474566
271025575
579284390
283347831
235555358
764354104
240358017
365425879
169414837
239258526
127720988
564173896
377995952
112052520
371993103
443467059
676909548
151245028
806804814
796272047
39139090
412301925
808498397
628221962
900873736
995385826
758918664
652133550
519940345
214951873
94166542
535927135
763260806
50512277
621990367
544309749
913269651
405897046
851771265
89800999
466673781
928385571
215402299
177802613
32493048
692973145
839978050
460076877
655040089
900237736
371019885
901706545
430354070
281087655
809251884
977264598
709330287
764382398
81446879
132629859
465013400
316748461
861896894
148110761
158394260
336267766
980767064
612772222
712272667
255086484
931826667
769221171
233975730
760748622
585345060
625992056
969155895
625992056
330559258
249933783
247921889
410336546
921281733
49152311
726613555
346819743
306699305
54552545
209314666
397185279
118300574
836234403
241402785
453948835
609155021
605825023
271099073
355127457
956857060
60630931
377063786
386131127
753141514
502463551
613101701
386131127
977783500
43492066
979162603
952220948
980296755
480066838
277569266
472913246
893494052
578628464
555657174
498848433
399299741
787539265
964840601
787539265
934272299
964840601
36229694
824275512
265211763
116540212
653606724
666481789
906929403
832682922
897804221
395575814
950219289
567086689
722874957
427107599
557629211
767305415
164586269
722639042
423147219
993904583
228888666
301770359
763957469
658514758
941228430
664404127
593642296
953348178
713212225
919834133
916558006
691882048
450615894
253805299
823464074
478679112
421462614
971497497
671003061
500589274
577387435
720891797
33667439
467433044
300370779
541840790
169834076
703419285
435292633
575902756
481397867
96156052
422776402
357130168
521107345
387020281
344184340
416389487
488193871
600367765
852341902
20699672
756633927
754335281
213865601
695894882
760364996
38344364
760364996
816227353
307704600
183739399
20699672
932931141
629805971
265221902
649761638
145463065
42627795
652776676
656787680
554210579
972416855
574711390
760422803
248261545
53170310
539080687
531892571
676521103
843526553
34807254
377735837
949913684
193726817
898197768
133187292
663775952
878424277
341740946
313073113
848443800
787646351
663775952
354036505
344116466
965920270
255233183
520789893
384646062
762155503
781483739
179297529
904700825
682389751
655893121
913738535
765792721
500803336
788581277
666453636
967958081
639484409
931840755
633284091
750168321
11693165
512975910
376890171
281132136
409464527
845106636
502932567
801822203
309597753
179513717
284923912
793491870
955051417
536843875
645296891
555262849
120497272
237489907
123917803
523812402
240647004
259087505
474918890
240647004
797744327
965028360
309218394
158115126
242849768
163487080
473393993
562679670
897623026
387487346
124861880
10224822
494721616
254303380
938209718
65334937
870969303
670937427
804637418
853338157
820911856
912714414
897353197
175285351
578988786
22984820
710662016
874100610
860603322
667881877
10975344
723409300
465723088
353476448
409934889
592487586
21591660
696672676
446777186
245556564
86289320
313960315
931160870
958856203
685801472
5491320
175499051
283285794
647760149
152283070
992147898
72353661
907241718
58468855
38230417
601343809
907241718
76328802
374250562
827769145
504762512
640901543
788991759
676848816
879446885
508143412
623666648
640695343
808072952
30737096
316414427
654502570
179063174
178095918
524439015
362059569
174698535
676893454
914363567
540860825
524439015
711520520
632274291
574553751
828392005
765830169
391767837
937995846
748329471
450764363
854165571
656863907
279491438
844249529
196570179
654616416
125562507
637549552
239924484
513676255
352380042
951737149
430025365
461788438
260369579
417966075
74851025
427271130
583597024
427271130
765785279
294575130
145780263
920469935
536765692
415114343
242796005
369275686
566276662
170576012
763866844
146418857
48822364
711957600
869315743
664692777
574348955
30352504
171428704
194423549
864336532
437036775
365443760
717290422
644705061
109941254
338436965
887972445
887972445
894408880
854264208
749159834
46353945
417003071
878553380
817345419
817345419
561782744
227434790
43058287
275891678
840609372
300961755
35009925
865452661
450154946
29385928
805998649
942290208
271760794
552163595
938393159
906710991
326262853
444994049
247334847
502496969
185943104
89127190
848126409
656988372
947200866
704769341
875108860
234167259
828205890
189532797
327683047
381470593
351190429
327683047
722503576
228652517
185916884
421200423
680040038
882625837
525703432
687164319
719722729
698831165
340723729
843272911
316608537
303816809
690670325
303816809
8347706
336537299
248389715
690670325
620782826
120844425
915169457
477496816
291976203
623193026
513781887
336537299
376001101
238081631
405433193
714854138
5859804
522076973
663396197
955705785
933586328
391347995
372463911
482324754
52718005
213168509
151667602
950083286
536114982
355343081
222336067
602342463
492174096
56359908
916913045
933898639
126061318
36722799
854548497
376302959
350427537
295639875
80611186
843518087
457845983
501042633
739837738
9035416
656910609
465201747
168980974
531378689
270334682
780007200
471065886
815818091
854548497
457845983
153713469
325314994
630305400
983788681
764861647
325314994
306141120
377302451
932938906
737955749
145385136
228527886
582164618
33929570
265645907
966175559
988186992
879417875
702104581
261026257
9689983
381242503
801087611
702104581
9926615
276251247
182108069
362441094
678226790
274400882
89147673
136318649
274400882
722789083
335626853
625664170
979882388
358845369
856211222
274400882
950942975
994673798
98142066
484534500
694869580
634149136
441888084
735978333
328723249
85761457
236951597
500350407
917290583
313984781
756630513
500350407
613700486
514295023
773683308
187017799
676112692
614668519
945188487
304775822
908114276
869106681
453966707
35555762
239325490
242621580
373729001
96782585
380883500
254822379
106717247
106717247
123284437
613974762
512956144
282049001
563507036
729570967
888757596
272843338
181225154
358415669
915042746
958626463
525554846
575109312
774962765
804581865
680527246
905978575
113362944
67411935
411622467
907913479
782881640
11205353
313344534
900541339
62308157
423022099
344159791
441315541
808274483
664802884
314609486
479898093
468631525
584752340
634017377
468631525
422008347
526132239
235522303
560137472
445758403
790552540
845267610
692316133
285260934
942052311
62980933
963502427
116045842
832963817
99338118
203226859
116045842
641743219
699663706
99124007
353764250
951897367
138371775
835397625
964674715
503374460
128840149
18718250
901851510
523062690
414894434
288353137
617419617
24012913
143212560
393204958
950922336
539447531
799077566
259185522
799347407
571045676
556945728
680778948
815266239
585769698
354670371
373505565
130776396
339418521
797349858
760169134
389538356
372066309
654900252
513172210
499567071
783771029
321738289
321738289
685229031
924910105
229905801
389437974
191528171
62512013
797228818
197698916
690746832
115900516
891969388
829499017
145490317
109770108
718509866
320287991
455172735
695336869
734942673
419636047
274614874
852589875
406114497
969606848
723100774
427826295
121419293
281908322
671205666
319621607
591124929
881173375
455424103
851841601
144049464
578095866
418992539
388453734
317938028
991426580
700180372
629711768
223445403
328874523
683555388
670544400
981701807
114364499
696928029
664957433
386013789
174279279
273423636
619625415
85027418
990590499
155140447
964855396
528220961
204531068
321181338
617401046
317747947
315629055
693728863
699504372
588215017
