544381265
414872727
493119303
222479562
188169587
135507213
254012687
316116321
301150090
917286647
763711620
950192518
800971630
595697244
180656884
831131179
612717163
875441052
711750104
897549097
458359829
526243976
482593395
720339779
24778375
713030284
212364445
841124112
985585109
616630244
151479067
743143795
289975546
110896197
93884562
204116804
836035543
10183909
682249313
283361345
527533699
681659113
368338165
591870118
584078467
516553115
439365678
276521898
304886048
18178407
579010140
278568682
315381969
878434241
821200498
691462790
202338068
52836223
705008890
1111295
121696856
628642499
602190666
74428697
632490424
949624604
786058238
982916525
77402179
692308742
387889516
273190666
28473239
123325214
156750665
525541025
722685777
327973398
182978626
4845633
36350843
114604580
224481913
614526715
520311358
285957199
893163007
189488564
810906867
852625079
807062098
872824076
131551740
972980872
327133562
272097408
827957096
396334525
589124088
750844923
884025295
559409156
632674917
507219043
954891225
334533306
746804198
847862820
328581471
956602260
136030130
483828901
369558547
10144139
345246525
858481888
205402522
957861321
704147130
52329886
45598592
723035596
884435340
358150274
542192102
681063627
322331609
806332927
463075884
348871224
275648557
644001773
69231226
130460150
545178889
557525882
493790635
950124068
431741050
365535288
278272137
400587218
343800684
242039282
430502459
385459832
237063315
791622742
230485066
325457931
132096310
996511386
882225985
257564470
102970683
660476307
518093842
34959391
108293754
606183515
191060356
452796280
249549811
292153164
11162200
120643382
43051634
828930640
714275810
879971689
554566041
490274302
323431549
519797781
829666684
34584291
64359090
126995336
141937312
555486330
236824573
300857401
943857559
888318046
401627933
181476125
293341757
181466715
57943654
66987813
527167312
764742836
159966279
870303991
285426353
641758907
283753854
530442556
156693312
530442556
396502716
608957157
63751566
481233020
760203414
912810061
849317755
548923594
513581655
932146795
640170504
65085719
404609643
302221573
926444910
847344998
192391019
6632014
455847686
405131070
222663557
410053619
752751357
965177694
96210820
732309218
653829087
563592883
89357237
98629561
530874136
763281370
153287362
754414733
369670349
916150280
384866392
527540297
209252584
466711340
160650632
621170002
582783281
691080085
669351289
940890735
463790250
95652691
163515152
270983121
476497934
234452051
139354640
348920338
770068894
11432985
728279871
709174249
71244023
447155096
603674366
279848313
230852112
836187551
32181831
372765665
784201266
335907646
970632840
5410066
55618258
572470900
511472759
64353064
51098830
306220798
809622491
595518403
52573325
114240337
874349714
698037350
62357295
521593769
863225559
978967012
521593769
947875008
642298578
980115005
326905138
798043673
897207380
741414729
959135641
897207380
51094932
257472318
116481895
749044624
478098863
181012852
309477341
929246976
586848808
398909906
500135331
109932765
397800507
996683231
747216403
122096142
945561828
663306304
87478367
69107622
941424957
873613632
30782391
603427893
531598051
658452583
47972554
98568443
727983193
163109789
705745496
564818027
211319182
585217986
802582600
154840830
583505272
478108750
998132362
482643439
332617752
702894464
835476288
380967016
847149891
152556409
286751659
152556409
895780865
938653079
482636397
286695243
18067478
924942835
938653079
812552678
982339238
465202162
980825868
979464895
731766797
37388625
691371762
950146458
725456920
376363330
272304738
190711554
929021598
464707148
378581615
822195904
350495774
829041379
487003000
329256014
787057346
847394890
903170280
960012042
116881708
831839319
786655280
942976204
529637104
826062917
545525549
964581979
303432958
749676630
761449917
931436351
66795004
735686118
949775471
394847230
623269849
964004386
972088836
856346424
588059639
810668044
201098269
575012451
106933357
600680336
584937861
861356865
168998251
258645264
929238288
407126181
236216962
905539481
335737546
848914746
499732671
638535083
430322591
657813272
6992122
646766568
83166637
214189002
214189002
318600744
163891919
981226451
557127724
438123468
853740556
905512148
360558220
441976987
417015811
515018454
915226403
658467069
658467069
792957622
167189190
799044155
325280687
806111318
316546266
120661697
923958291
425423340
593482070
388402344
220113113
873741000
241442473
546836818
987258588
988386024
673852861
317370036
655331477
833664073
791259499
770601928
988352932
99289884
791063519
107537455
873843953
204478392
791259499
509867954
791259499
172528789
890593872
328476412
306560031
748804062
106700763
578029250
623446260
363587128
293030920
642948502
937311219
759136460
916571338
438717253
592185096
57729711
346131293
3738675
923304337
243475414
144283315
596453437
395914872
922554718
47382835
742532416
50071558
464163717
281840838
967531195
90468954
56168069
272814709
815199440
69587943
555845526
729193006
169410654
607636559
299712723
731454005
615078892
127723330
617568107
805820638
799561512
357688673
896048398
294321204
375889059
158780367
872962425
151135762
300232708
21201402
540307675
396951118
241650249
314922596
173910464
360977490
50533703
591973687
268332146
934981167
215486248
966324316
397921639
401730381
798711814
913909436
980257215
986817910
801471039
13406196
536848339
542202976
21201103
441119581
65645558
709701614
468630869
898582602
449782119
482512812
859892791
485383060
535432221
632177438
775732259
130104693
632177438
217714487
57061219
497851400
134581079
101990648
292458066
232719876
679026801
468525453
691224969
357522329
345348686
335520639
570289252
213643097
765847010
747481481
654226378
864041453
23029940
48225270
204876248
987218220
351873405
338880693
310420327
505923463
717106804
853751509
216658077
151052907
921272962
467110223
156656965
107111127
467562203
321077797
219249711
472141051
556932509
492583019
541357963
628413929
421849530
456481668
460797916
169085571
298327522
786361145
542269010
694765775
646543705
606503045
96956789
228205453
818472444
431941632
245435215
694666922
431941632
947328719
286895154
294803047
792443671
952195506
63331832
178994058
80869735
986021566
378292516
712765275
785340765
350145325
652844760
48221427
345943193
947112290
97938476
272198562
34816369
665531258
284982077
665531258
655958524
308971026
83697211
887181746
829740060
614929299
951259830
215723743
662686630
421407069
266643434
569338409
318200048
421407069
539294995
821463755
457817409
892691944
797893855
131527138
760203725
394372380
443336904
970639665
587401902
438028231
581311714
860716061
214179170
146284835
728171681
283945024
81415874
623087274
825112468
504112726
596197616
281461621
918395089
700694539
287683400
197211849
351212979
791911483
206674966
677925443
347763864
900970452
588099240
899841618
36705493
407217363
840518607
163250785
678538484
767955309
131811749
996398828
91288446
863743694
496505973
602060945
705989078
978972633
962445097
279570604
868528244
854728089
54281581
982963273
554985713
67759077
273435131
362837469
299917294
632342707
68721017
740445491
397585268
945238283
388485162
373142166
978689803
873933033
115998763
446082215
891897114
561747300
795933192
551988743
179951439
607300829
485731786
933290044
332030700
989822738
355452386
50111490
649376295
122292435
340523077
188102109
121124310
701864103
121124310
409405130
193950806
126699990
125686158
165653928
583328088
758703184
742374320
687119622
568095318
417775682
462283435
395014774
372049643
462283435
828323948
251595819
32775303
154544529
903163607
238701806
573317925
967887815
425905395
120802177
769631244
162183711
832692763
721140286
294183877
681030047
785669563
43141519
726430486
382129315
359026045
773762105
528954675
302898401
1121190
514379271
715607501
702682840
731045372
201064695
742903378
468944283
790404257
960522058
370478509
770546401
236778470
777037230
901960798
521280352
204572759
818118113
879267700
566045476
654586105
760590774
814930758
754773882
775780892
553244519
282010741
34878391
110034250
382997653
117595272
438739503
527148949
483276421
359646500
358429075
988718032
148243898
548027174
946691636
600503414
680105009
561665857
651221723
326599107
300260444
433714422
714209177
703737087
227222347
752522785
416103159
762625163
933450883
457988583
789802164
406794328
378414472
366238891
436947577
487853128
427564829
395656190
704832608
516421361
955482811
22401617
728437416
207476846
751562154
992969588
422561077
239888520
952282019
490765763
713874849
194786736
877126337
470113180
644367790
117045370
450345415
635235216
989453092
191413893
125082780
166489615
357759274
641621714
980357511
485517914
220087939
21891283
356045562
651872392
839938037
335545162
309008141
839938037
130187235
291395830
445780433
169822195
483092941
869803308
463489594
424519227
983774700
959312813
803236976
147341015
478746092
767760157
186822969
204044947
620761633
409371087
763820842
87040122
601626800
687069537
412207817
249177358
105843772
17277059
99117309
797805140
773205907
303346840
868058460
107657083
113272265
801133894
400933327
874460042
357349007
502181278
140180073
737205885
771867410
786317510
773205907
920145661
488033780
786317510
152490153
647851736
423244925
28192471
123372277
488977343
986757143
256008765
327574504
746923993
79028709
853184775
1079844
692410569
38689278
735022755
450409162
669307684
64596065
605635250
331791299
203797877
913944849
174146019
536698624
728863908
622531558
936905122
600565424
911127861
84244415
298631542
695769033
479415683
225535442
694980661
272849988
103712574
235631349
728059006
530523745
890782769
472438031
974368334
964325175
846652830
675234770
498969327
815914657
86698196
177589221
114907272
183749216
183749216
144228639
144228639
772925142
213518877
814493638
837813113
105052216
903638121
820251076
245765568
202485004
988967229
741381456
520939756
873387699
422186815
986541329
714793601
797239396
570956620
640287438
833125741
30313705
255312694
72269105
736481106
328252824
987624137
170578949
411972730
174028956
851754857
163614095
174028956
84417847
544758727
747965184
270562306
438475200
759664593
621243037
997105674
339661169
69091447
105792234
443886053
724066742
463646974
719926668
302680830
490038825
928549079
649033463
877935263
564511724
134276388
229916652
21726026
807189660
320188055
750839667
406412040
273996635
152407668
923063667
522350714
684419229
542809714
375461450
877228318
764050003
661705014
605834035
122038174
709995995
835332392
524210119
866166578
578769434
879202914
558583582
801187094
365608966
382275260
392834524
219420805
315761126
204739666
923537029
790226649
235941653
708841947
420216056
777692649
274808332
114288843
353721490
861822560
412040463
884270444
565360690
329641498
198306293
353896679
1422535
570985107
748937613
420972092
663406713
768119224
163937492
892453849
449910404
607587300
155872701
396886395
562096032
43576148
257058270
965633131
997300968
871005034
264479540
48632639
347282107
778809667
885362870
696951359
12638718
240170734
655703056
59055462
564895161
265675314
190394149
946162788
299540567
265675314
482519242
373410654
958169550
218055813
567191690
415547929
443031626
778941258
40115930
646659506
657752918
963958549
471911975
165536934
815484971
459274216
718371335
416754424
761868604
950589710
509204565
488163664
805163439
306754081
811871087
346253803
805163439
645036264
715890258
753877112
96038837
506210457
637288627
241131849
90933463
411150526
161367642
116897536
52966770
167657457
368513643
157928189
427439691
932566015
650140437
838507452
102567532
85067887
559684883
651023558
282475461
282475461
314097784
575212505
48826843
709589047
125878710
94059268
85509936
433878205
737973911
681888229
795849436
540436354
540323483
100095559
490669700
925583290
85973941
402219074
42424227
606324926
628063417
802611508
95874770
55108920
119149544
412659786
747463377
626136792
538904153
183159614
38313554
922051403
809911061
163600037
13619081
981584893
39615124
280100072
498532411
507808575
494146993
327736285
977505067
493839066
399305752
521539891
34035808
449989270
327736285
630377889
680002049
864731527
782174801
115476563
133292455
406941328
730853335
628246053
444717568
449989270
664743424
316482464
811268977
591536786
778370885
455994715
328947893
670345034
747491241
728813260
898795332
723172625
328947893
872390205
190181253
130054017
898795332
295159180
864074464
381407453
318021452
923190433
880150043
73343214
405756134
71671424
274584255
208395418
480521882
362426999
298100781
543397766
331061921
385234362
893055292
382954259
230569946
482042664
561764466
478716885
230569946
858175194
400982286
355263985
646045023
949106111
181297972
567379608
35501576
527674628
574361514
648340704
962406423
723856339
769495834
462164982
192139370
425860741
397479459
672707093
611228380
570519785
704959612
866853706
208670089
961295462
572018032
414754929
934265783
135012117
799731893
135012117
456262211
113996242
140418919
269398948
950051715
202020423
8323756
939258069
442287484
440881354
469470033
752195748
727638005
487234626
727638005
705585227
567653245
661348104
400057455
722230390
40199820
42367399
292385382
705651485
879165822
944577767
5978825
87040627
180887307
217541189
205022624
762467180
792623892
415425035
250631330
861559034
617482506
285996091
64271857
20186521
23505018
132496733
690071104
567703157
286564706
263207513
945576779
967163172
367052200
148952946
314986167
756513537
274459671
818900120
930034005
926605022
202525598
768814799
849739558
270215897
697219945
945078824
464839592
674787931
347952507
818900120
629182520
647420576
605862485
724986936
864366275
839273451
598417773
789234488
787036753
853773100
43675903
854960475
870270485
844863961
725727674
632919521
341032634
245568363
931816222
505491329
995720505
844325681
681627006
456127606
859790764
375180919
128716886
241816019
274970178
888336491
526506882
526434859
813964109
681535611
94805440
611698981
68777668
976107291
222514784
270273768
734643455
150267344
783186554
869200179
443967019
111258409
714315826
260574335
762519919
504757065
222940657
463249412
585740588
996038624
58886251
984970710
888288071
117913787
424308940
635385309
590217732
341112111
672691696
239769696
865716521
24288754
798290924
248175298
1498584
371196175
490365744
34947596
461875893
324842837
660881125
472842467
41746102
652478983
657052574
397684461
378356385
453179362
956091639
161368766
729045318
961665772
876036286
796386733
532763159
748587494
938410222
906202586
404149077
167352068
791609689
283644542
670406527
539158920
810214476
785562525
807637094
841728695
805220970
252358223
70653109
400571702
667272587
525994312
921601370
625828082
125312657
597527972
337566364
896660769
683463894
24715065
135011818
815348367
300595266
273244752
478458014
812242689
650880402
82060640
612014791
568089777
916619244
469993035
335520574
301480923
135011818
875172858
910804698
481423627
97432214
904939979
638113016
458402206
617001011
497105132
76289075
658594486
877943921
62642377
882232350
926047417
123756399
657321305
867756155
988698413
307403536
197425089
550869657
738527705
68219758
495695894
302721651
178429630
12927271
861638325
174147700
431715256
456055999
406745658
861838670
485406915
271265277
557812457
72147534
780244125
293772865
663927197
432216291
246165379
921416824
525765349
254660694
743456333
404432841
153068356
826544130
834759457
916538176
58386183
198785831
489732101
77397978
956203644
136731061
564351633
413763941
310541471
428066950
228451961
440710801
937707297
29019858
333311048
474454500
421573049
23221056
74605043
794506070
757421376
634382180
35185197
996083135
902773879
918521432
459774999
71200562
772587104
615386207
284625039
48001441
877010574
321207852
381799776
604195099
388095042
781046978
178860377
132321972
310326793
96451244
14739545
932786746
594252373
893065481
515072868
815832114
499010278
952467878
7633887
185584783
324766486
270868017
622530631
803582115
735694560
607044192
426426140
773614241
194780667
28170422
732507419
558815085
301877588
336035110
74935675
138687201
370567799
705206486
341705046
911387524
441400637
132999717
852138031
438204400
13124500
562740359
575876323
339767837
385242690
732762305
679847344
175185937
946880127
646890660
106592590
208126702
625259080
643100483
502952869
788896879
421836403
230237556
770673268
446011455
439855329
439855329
63782871
913385039
667812522
988115675
846605075
292880586
483799607
14990818
386901661
194511297
524428556
280357250
100777845
56511689
778049122
110658785
489626340
609885154
858390106
107447850
44494692
42926265
324181253
793017705
793017705
399296208
955901562
727341912
574710007
510034575
177211955
732720749
134158250
852444346
133283794
111666122
124312321
770459644
537080171
555826499
456509350
618997056
618997056
991027403
760309158
90371098
378165385
301185770
854090030
259744615
738918178
132844825
637703113
933239422
680941540
661931796
764626049
924928864
476295337
942156079
309755933
553365950
650372078
895502385
72511561
327859424
650749661
184713336
983942534
909189703
296438235
541949431
615939680
657061553
62902016
140662737
20463406
257667782
52365705
657599710
290679342
198693616
960819124
310717512
458245447
988102326
771090745
134958016
246947047
243581733
180474808
75719549
432726973
590215043
958278898
833592653
535902620
747457289
757556366
943405036
889375768
961546098
603322224
13974268
949364109
654379158
584369766
738213941
842325373
122099909
731443188
154256430
452939671
780837455
823399705
309241722
468725013
964831313
468725013
556075371
104351010
6871113
9788111
53683792
608808257
530463510
370577195
79348547
710820100
298359431
997492680
709751004
109531303
159851724
68890014
33295760
54488320
927985018
895500501
338228903
244735501
78313329
36228788
315063818
125095957
117857187
143073642
936265567
143073642
453206454
902579916
711434540
86500080
65411240
668446962
606570371
68447392
263334850
216599129
535664088
769622950
745310952
291291625
162258131
151538232
922033909
163320427
151538232
377503584
14025906
473447882
895257581
311492290
862848209
973477242
410087926
667720194
423429669
431209801
128129698
272624008
59566818
299126796
940381680
975983699
455240378
189542981
917842770
41036288
284236087
286809772
927588662
224684761
699461936
955031472
249544518
90575010
80098442
303704471
503579664
142051354
880004561
618943834
526808599
922929032
881570096
145314464
253266895
170066448
559230629
253266895
157547889
654718763
832069659
510958161
55861792
597804301
962916804
172392964
280143402
932027920
571511797
418905205
682821482
981741548
226077849
981741548
362427049
153289480
237493851
759557523
539579274
958361346
866729657
476157174
578283767
672403272
37790437
558161034
169562693
184308381
55486148
657935297
55486148
812015097
792636577
179393751
981927102
53846538
178951534
168511125
385412953
931226382
974646623
952093405
997965440
988684117
609623046
306651319
971204738
322761731
186633279
286526863
888361278
910790207
80054322
12667036
655477073
370272537
814928286
655477073
198198991
300377904
459927830
45282730
426543726
564988359
158697048
883355612
474949831
579613902
730423474
364598226
435342594
579613902
944364858
199615539
491501858
975459020
356502350
239336258
501329436
871408526
318571369
687270817
402209372
458642691
478753762
389887146
92594443
6614273
658440442
60379937
843159725
83301474
85519465
348016484
387241086
889059946
661014331
855308405
902926784
937863900
568708868
392919917
79583019
977674507
79583019
453317043
949370668
137067394
671274531
614854887
737920887
318530447
886417072
409767195
539048885
75976786
687995830
400568056
595575793
190987587
25836322
353623986
149473634
611173689
645465909
554379722
671741132
619333437
746395851
333606876
752458838
116129142
334144411
154337535
727642185
206717838
859704464
356852750
247068875
372233633
52380664
606362241
97507747
81060175
186723163
301691376
39170284
914173146
283033505
160725650
849824638
651002403
196069646
837396242
142248313
80368821
622756740
222271630
330021237
793391454
440967592
937544718
877303160
263472612
402342563
30941371
909081271
30941371
299141868
412572276
891235866
30906299
135280826
695651806
61177506
858801471
862147321
769387967
692867873
838226208
721983492
472479161
896162544
724739960
593532975
45287532
869442335
960749805
619150085
17736002
895682247
994703275
994703275
442294306
24208630
960664067
303125162
483419716
40757704
647478755
800148640
639165876
312495128
939796542
809634610
113564241
101498818
415679606
410018022
289798637
394783606
680067182
317816270
412296617
305105167
859958958
876633329
311041089
621417831
591451525
662346337
553684825
204805699
478653751
175472972
362999808
894104447
809771191
972922837
504859315
372952290
156818559
412848830
955226374
488751232
394051534
840394211
735765463
495633995
342411574
823851088
535008866
283581454
493321722
644003649
646948383
924623508
580042357
166149387
957348042
17591779
493321722
957348042
448291897
260268894
27773318
405195833
654834266
475637480
18033001
473164614
798222685
552167550
644325690
690223957
287126335
270855497
928480460
690223957
762783707
43950084
820713730
761053809
283487486
792509750
766101626
502300007
75021920
178827506
446537777
884962363
925315379
260016635
656763950
396591675
750444965
94504513
772724004
242417887
221092063
142470513
983113381
355976473
195946930
565382477
122319876
148468266
195955141
609648866
773644907
967484415
280119784
652646279
791197220
84984928
223488280
100451133
669868381
100451133
587250706
770433525
141132466
234586406
205734381
829524422
16322101
305021429
393588884
128608578
334646776
972074910
761095874
355999099
361984673
644949109
293441952
500866846
309150266
973766958
973766958
782748913
247602678
134829129
170529092
676224550
924480222
121412694
201567078
409305561
690081473
810279630
189063217
986187911
889902404
837648985
381715037
837648985
29119054
940242605
30611213
547144079
361097068
945994926
595073673
91431501
11399845
784336488
484338018
292223497
518315701
568083059
711420762
849404834
930853585
140160237
583295158
30532828
235567617
156973675
864851573
136885688
410793835
422479542
257905368
711278499
499108306
618268696
64549692
193342252
310056812
876052801
636999834
955513258
853982520
248557138
778055977
535743630
143236425
129502438
424583318
702566975
996208953
849233134
593396665
52472464
471592035
265129283
60762299
602143072
133479548
16701353
696875055
765759013
785627171
247698826
725052772
397719997
460467268
991948444
537760511
830207353
666124766
473922933
474989458
91665998
847646316
837099150
157052328
641893184
619062159
871354075
38560240
742305940
204246642
616338079
800713005
744055529
16783310
507258399
183803660
575840985
511138184
704706707
399457238
190027023
190105456
703965164
537930262
886345290
691982293
703784027
84872415
375858843
659433040
688079129
342403683
812282956
213085701
670044318
777653388
632651903
400220707
722569240
875708696
958478283
232004768
459432165
465441210
846723245
917104516
964583517
125768798
604252812
442869937
876598441
508794877
236525580
640493835
382570546
303670790
117421168
24813332
889131765
212691510
391895713
100695886
49010187
518545712
488648662
518545712
16860108
263778372
761488131
925764709
796051281
409698005
84929340
606506677
194535506
693752568
261550795
555559359
753992975
854463186
653411083
52122027
349999819
705714562
67948651
686190020
367714694
141275731
68485354
909041306
991474675
291870810
899888128
448624187
616580158
181504705
662118466
995629164
177951837
820720647
380220814
287218188
330408431
948791905
542318512
848108874
677657297
741453648
196250695
675412842
706874464
688135803
722084356
46893448
6336854
684532323
343021283
469871145
884665283
298456470
593530544
69998038
159393770
168732036
184678999
628043665
56235278
479161236
545997180
483659433
189532917
48361769
418624245
204421444
498084851
457857422
20353341
638757551
978688173
285908376
662774205
9112267
989510426
518279078
165106985
771889103
60081904
690843874
646118973
215801345
327680782
321205747
584266262
413095335
690843874
430310638
335614238
346810466
873125930
579870766
492753796
668733223
474198307
85577654
330523139
650362681
486905198
820150007
661085144
920860081
743163593
360911476
505574461
64895796
688733086
426205187
65892156
222020671
385929177
485098211
484473905
836067051
638889126
643178469
547975246
460567593
392800593
451516802
301393728
818561730
197946501
821824483
730020856
73517134
612376445
792878723
925826591
653292862
226070727
478256127
825048049
890102889
214822942
660997934
672737575
730020856
927816184
97907574
751634997
907400593
810052116
907400593
795471987
659214421
646369630
479978540
898267670
842634116
629462445
978881502
679703287
610233663
317599442
50481374
573700949
927800337
729783956
864757976
966082308
692735250
507651140
643202946
498162706
434053450
590949504
146123244
377230237
753249722
833464382
343511594
896316193
864133796
973917925
324463385
268910161
350728811
497584551
582505056
726851223
421700009
274404222
35916674
136643947
667374543
872137475
625284446
352049437
194100432
276652755
653800228
28086187
359191769
934019827
966819746
934019827
479559455
70052041
496080368
261028502
21124169
308552904
912833016
112992694
112992694
258156278
111927089
620248032
384619583
894926431
223353166
941003908
461525248
871462294
671993204
363462819
389106362
388471522
632709088
676145957
179619122
359224117
506769403
789786465
35868214
870104237
751053320
768509774
786945108
960066644
804842339
331696394
381151429
623706587
558732721
870945306
553545057
45964828
91329313
332744420
303089856
976956610
622422708
519209065
519209065
949315875
942356872
272349888
635847257
603245892
856483028
883542432
361044049
573737116
818954054
480265219
615505451
726583312
117320708
306804817
53221966
410648895
731268291
51458758
787300916
965037247
623187291
732384735
180360056
969933335
547301257
790395031
546681677
162121034
32358156
766423586
236302199
62239194
457458022
516541393
56261307
124407233
962466248
936943548
89864749
936943548
507870579
607704651
6373286
746857560
6373286
443667085
464661592
227602218
698442202
249627595
798303503
68710156
671431545
750986979
366448881
897512880
655694474
824399067
352017737
626240627
751999550
394502987
916242987
963179238
507270349
751967189
241822397
747036413
142926736
640061142
327183778
349973947
530740998
706730664
499992635
539890901
930187694
668630291
545593726
262975358
979266700
986327205
622304743
170924742
617003316
233861663
890497592
53320274
713790219
309727171
739944082
992210175
269172511
230246269
161934503
288412601
515213139
109651567
145542748
510320192
866842710
191755611
520545478
243609195
882461558
152315961
522408824
825300279
353588222
363367742
651766780
123463306
720422325
990560912
48415557
181553158
214674666
114414420
241516340
618245661
477269732
945947502
953937545
448574648
277720576
719692931
489806537
529613795
11290218
869951571
849429161
67477019
597289877
988228
928707031
412799807
213041445
75853186
630869952
368050123
503476481
430292204
960361881
855607450
865009228
548954020
180370060
258120621
415503462
924792350
350877982
958998015
17868107
790733403
72723184
306597556
958998015
172610343
95632456
538081759
644605922
692521121
649310594
865222850
94126226
782422114
217023833
465120796
653463926
908985394
283756364
992369069
168497084
378303031
101663055
359391890
794248703
699500771
123506378
804602233
283543913
238441213
964004729
223484842
177239582
251857448
902247961
635443394
296900924
961376661
532507968
391557614
453336948
425147732
436117479
913315393
248303259
199615888
330200705
555605508
428955083
543548494
848597
377918622
434121906
245896971
321943659
427244490
178454438
823393266
84825556
111148556
519851408
339681697
32442717
856556731
810573864
178471591
209119773
910112417
57588540
491575965
796742826
913865018
401500702
177805596
671934070
197939574
675499351
288238916
295665081
922958714
752414380
768549822
17167575
684501377
14731289
813893904
23118137
695571989
241628091
270573512
782237265
315291574
837190374
5009290
89117969
8721275
32259054
253015509
38186
529737670
988716068
39891724
342596356
845740764
882151704
148402498
289074599
156150341
922355949
101414624
820836260
135021
644843876
599019292
577189387
321285554
440245283
992338554
227356878
573227904
834433861
875438761
125231987
785648946
721209729
259714311
374906722
560435495
9892022
622084349
530273848
807376909
481777892
2086085
63472633
74115469
83472073
821544010
353941105
120461292
966308674
906865094
151248083
427186465
742907340
961840325
327916934
87139384
498668393
42915726
636168193
622370376
202458707
604666002
971715730
809827521
984791569
8202842
970047775
889926792
503306794
393765097
697481243
462258836
767061197
290331014
496405525
962364758
730208759
313381957
729736448
966568703
244393330
24213243
944451869
182769060
146212682
836640494
115434277
218580475
391441323
540195412
892187852
246107426
823698343
188844596
730265288
522624001
968249342
279092696
917451583
53329835
15108823
906997894
288576646
560187417
827741214
382461762
897413946
719991386
225536536
852183447
593548652
493751362
460125545
850929252
978099178
859373615
754021945
372611464
564842919
700641291
758051117
365933481
325198192
286445110
946142390
568244146
607125721
774756383
580350511
545598303
475666222
820838326
911817876
844767387
855431854
46138575
854571689
93428808
719506699
876947738
513856909
568480610
232119855
747616836
142670414
379476769
125617849
589643738
713931222
443870669
695343531
60567880
815749275
67853031
69477209
659613304
749911251
