824494526
282787432
803439021
378284268
71777228
427948519
682510142
143785656
122549124
122549124
180825911
836321283
721548362
978320315
109275492
411704282
818362134
151711703
200491849
865605972
431197851
418297577
646946107
554067305
959586458
737392184
674431183
23332129
786973141
183835746
326409861
555191561
807464386
765352979
895156208
70720934
676885599
720228565
256401906
808666296
295241487
13739743
421298378
305979215
87079652
702515722
565669692
733572043
908077099
732032055
800008691
649630342
920174750
902092191
920174750
677274559
741714336
349019027
79725061
10816579
901143182
646528459
525407715
507326062
99053953
287235481
287235481
527489183
475819559
196380292
919927390
202269705
251120428
320118455
703546967
560719885
786597957
687281701
202337883
98321657
575324182
724706770
433607422
292738692
567293000
24868268
670348216
301660978
673704809
828620477
140340149
547064395
795380316
819130124
693971096
343277138
506492540
831166982
666078852
435146837
566321867
356422226
104219507
881297774
393067033
704245545
300889334
883912794
103781486
640925067
271769582
637460911
333395081
628589964
19632846
360582047
829006994
725782202
757691782
308765152
711693750
329619944
988768516
634796147
869532807
636018237
654241525
83238704
328037253
925998255
921342125
710007445
756293888
248274415
350796330
899762536
524801059
723282397
630418088
444573886
442458333
411929520
287373747
637811465
438711863
941711842
303090172
996157074
299113848
48086715
391533724
288995521
870581080
595270629
595270629
226298956
137281783
636292559
638582427
194237325
344682824
514415328
298492018
358127045
539248137
218211733
979223042
398333688
614086326
303071863
543976222
53717218
790670315
157738709
585420415
417284951
964447226
814053192
301609428
527127069
211765033
765087830
694274424
77287213
78982002
20857794
862469192
906374157
302942683
10266478
994194001
26320416
173509664
648904815
301594260
343599046
871880401
219149359
320910172
526608799
493400314
313083293
500158925
325600355
487145817
27144881
201993488
187520166
163722500
91240045
163722500
711887896
389448308
122465480
18276543
85425149
466654987
109294964
132898770
702793657
444279415
46021639
12755060
179676358
976782404
5650905
308466012
939730124
251073045
969539574
615378382
370328544
24570109
495548149
356666962
950532869
720313146
222831734
587196462
497578546
877044762
28450125
754656324
987441121
97871125
295626913
484380881
334904095
928938686
972260654
966977799
270079523
954629720
391813923
754113404
953296724
235276334
686599620
738909201
335955005
802403111
494228022
858228869
798442722
236536724
811759667
274591570
723510043
723510043
967816611
516415412
825522847
709006649
184853889
91542584
114881958
391801450
974876252
653467897
693623538
508116919
474330804
801496109
793054036
187598941
766495016
854314230
920040514
883165778
468079296
124908354
136441476
469251657
72767945
563648464
49264352
839347315
583028491
367217930
247516167
601962915
575411766
582428863
960158754
942942907
758971958
7115264
306677458
921359974
30023744
669786257
447789620
933518344
807046695
828896608
731757639
793516664
618936726
304570592
9741994
211223597
950144103
427338703
189907362
666890733
86674376
636276529
601884706
991814656
407898190
167951998
495811340
495811340
527456546
318202449
233756158
783880310
341239930
129851132
161202299
793618286
488166479
488166479
988208903
358117116
258250799
992872943
619376594
430790023
884566484
616633229
568656395
737270356
147727143
592390190
554473630
86277965
826464631
397692978
134352553
72267510
870844104
309503523
778953519
122907067
603872351
598286373
355575050
464642485
57697690
199463338
95170623
699491142
13744485
540426827
648557506
168297570
60262883
961361559
207805326
819321026
228051729
550671818
37601213
363757981
968230819
475789621
866304175
974148985
260656908
397811431
292975741
961348113
93519423
514626534
200472899
719680738
166444790
814962406
256619338
552303200
760914219
994928099
719227111
629490230
551345025
244153936
24811514
720672925
567060877
16721362
595289621
690990730
261619159
371935523
310852854
232457421
765294810
22067957
600699607
716166817
4103947
462915254
462052337
719667054
216681736
403634316
482723753
501221042
52686511
102684248
535284263
861873436
615578971
274035404
752560592
113362573
887597336
38883873
70094651
892809194
276591085
820313014
587614912
879583060
43047651
399174943
668823164
10778869
995256751
755625006
192688134
312666326
982658589
952265217
971142735
287329397
38810697
990563109
333720612
839887189
264889471
158824352
542124569
211219224
68363264
60596734
501563615
77961263
434823191
855619333
68363264
907275786
794595472
747236069
338550054
747236069
161039614
253025088
66925909
385507382
68283230
270041153
835255504
186814567
966414855
833078739
354816460
597350425
748484835
96551236
409323233
339708509
242725713
472058855
862731471
507692829
823014048
308979579
352254569
661881327
802834654
273157
349024680
81056832
983915836
95540306
19617647
822859696
25292976
755235528
624423089
503737101
434984716
792628625
702998210
699062116
196815620
23340177
159737334
341199443
985348509
833942588
138711126
545834559
379969118
967262203
506317917
731215595
572122693
894669496
773003601
498203435
765791495
643917386
111223680
220429674
885468579
232363501
883746870
150440912
814273953
86284244
903692882
959253740
432253053
495388997
908417764
748586474
924227463
717707420
509255223
398214801
314209284
282292134
956135804
502529151
412246938
167628018
500701999
128849165
480190405
438170436
557549210
556339214
374171344
974087459
348577148
607781733
750407956
320804683
820421979
594475998
809270876
567934608
656945866
118672191
554333967
521458354
426192787
45344364
262179669
491403852
224300322
183309991
36484390
432291783
750833625
592353043
568178283
250564895
625394309
248315875
496320946
452159767
909987960
652344859
325182213
76923974
262367896
682061807
415730850
944296768
399142839
464833750
358434107
843692831
625571081
590733833
448544448
856555778
421985644
359772460
842292264
272617266
592693251
186399142
736714931
827709524
260622986
908685633
291754344
526299809
77540804
285321859
207098747
879182672
910131420
188472341
910131420
699408720
994822342
499391838
779318590
614213969
425548172
59743743
142854227
548422482
303005422
303005422
913466775
910131420
589876436
901201772
295308025
997307255
344309902
967266813
515779227
828388351
257609782
572072622
797785877
498340513
671070136
541389208
822603815
24839264
971935288
493322329
107986164
779398634
290973835
969531122
760066401
446815117
852143062
175619046
653124860
85725093
123473663
104232873
795033478
802263474
662720781
538135999
936931777
157702056
462700021
834653152
951733294
156826323
684533378
100515074
339275697
910281227
305476987
403873106
284019352
319318420
288875786
241041810
623313599
42942615
946041050
847665293
311757421
287498159
99510212
171674524
809295157
553223908
991634520
654468526
553223908
508357560
895828306
907487738
640982860
839511275
470828428
198957696
861689002
542054169
412106256
987034624
667696475
599027360
723828244
323143607
220304624
65378189
992524635
191641397
743218406
704450708
645330586
757866989
489313326
299273786
771587866
603821085
486529028
351875037
646430431
380922392
278252414
641703571
389134220
790377038
376108477
252710156
989385891
620101685
839208080
393255896
903897133
120583218
426495111
150328051
513451511
425498685
625931766
974700750
780928280
49595426
9240526
248293940
316855494
366754931
943711442
984819561
984819561
856302225
722780112
2459471
571577749
153668554
735024506
572938104
119054953
892992629
538632857
92877440
895936765
515691368
413380454
79138613
538632857
20968366
757236237
251088296
583435382
188953251
754048340
698445277
721278696
759871252
347688368
92691219
479864628
5856249
320152098
550416348
813684314
738202504
473469030
822848567
338522810
159321213
256943949
382906774
938752567
158687653
405906699
343407516
8787659
375939180
72505706
796041305
328027377
804635828
393975460
384367867
72505706
796041305
748200589
572173593
936217167
875342593
673775663
32167264
280939090
692375636
180796946
529152717
227726916
423222708
708553641
627779046
168760680
935427394
503101650
520060620
482076463
568973300
737931634
378435481
640176360
783177562
672737120
610117834
711246744
604637947
446794500
150786004
671524640
879470656
284889264
84009830
710007777
84009830
290136295
513661759
801271150
104084036
484068593
776733720
506696009
89143232
714665243
910944072
854520147
189342623
326607640
835464942
459277620
474295935
459277620
431846514
54663972
218200154
627201414
455009183
36443460
170140699
54250134
989152959
638649033
581647544
481297926
760956436
169918840
594497048
753197082
552550209
533961270
42110820
761947046
328376687
22414162
54019900
465094411
924225488
987690953
71646518
322370705
470032090
474712283
239189156
159044464
264270935
228977531
264625203
873885678
166995789
593643511
590817536
526041238
566029456
21280910
944503583
908116340
181331208
801544674
684136372
523243082
797455881
729232726
269294549
723620433
353441342
490945514
73806545
985100418
563069914
125531857
361792148
164177098
477748088
64314484
558520730
181067117
896068239
95598888
740066178
726047722
354640242
365770547
305956742
340824426
53874651
75822067
524765837
700027790
396070238
642673686
224658395
928184563
571465577
329097222
521151321
352839832
657428253
234973288
553224913
106099964
813635155
441944742
878525566
281047953
925310328
545564975
220582297
259193921
735846712
570407296
372409599
292523451
602371937
946579148
706507257
747196160
460950427
878659413
353560153
322200035
398641458
344209230
359972084
113976694
459883747
591211417
60124772
726850346
551983024
404424216
353692718
208977347
891459321
517595525
506852637
164909281
501411292
381308918
628392924
176412017
528922164
167017540
365714237
71459772
725897804
92807664
121182652
211432122
587343846
288743225
134867194
859533808
581497688
644169407
36669236
72960480
771894447
502487261
981542455
769918938
188658209
720636427
797898451
334075983
910525599
722195103
830767515
457456188
586044563
4293552
611278436
161927169
25583525
858121058
205377953
940750219
662354888
499010821
697163268
983943055
348723212
22324620
816931863
451108612
331954409
974622142
332112271
737478667
658380181
189139193
489510513
597515102
972673607
889114896
329261789
254153292
350556762
350556762
626415669
979608051
459147581
505243675
690633240
666081001
495865905
574563377
858084402
416870906
63105725
677459942
871741551
987779015
402244370
511061960
525272891
156775002
765160387
203841420
640388223
943103682
562384255
367323793
406087952
367323793
273206688
272210380
960018765
644339826
83220551
307154807
259566085
749271994
35293242
953977157
703027079
231397765
558855523
360294994
436965901
167076172
51160341
249128471
657145061
785460146
158991769
465532447
389909713
887704304
783944465
966577417
810242603
715185499
857826228
830760181
24884923
881019043
549292664
775976150
986851549
783937908
457424409
817360465
786352960
110528486
888284342
98668408
988935296
656719505
734151908
850973557
829943910
392993882
718203947
518312030
618918894
167033182
410082011
864163422
641648384
496376807
580126927
38165680
446325981
580126927
455639490
61127401
679035869
612429992
217045585
217045585
612429992
496643058
465025873
451066667
775952191
54479236
553357275
368071297
55047127
838660110
328065640
331065604
815548775
966393996
138662848
936828056
652449907
336654704
149515001
490864010
854661514
322060271
641340876
918012879
383047023
763669
564420080
955838464
943968563
10008756
391935723
914722314
788755758
57454854
50784955
525776748
291963196
543473913
348118889
413157138
593518958
368205982
694901025
415984813
245379153
813306290
900889713
93870571
555155639
393034919
310249048
132070857
784230628
494735258
414208922
800014741
891619676
716684309
636820086
867834322
231385583
834987341
232377029
305474269
700392133
211361815
705258760
740933404
689325693
438332245
277554727
664682233
298406540
709657495
367703345
487825041
204396996
685633985
190476632
390476549
155254874
155592631
95559729
239059496
636499949
656377312
628580844
892187780
15833727
813115524
374002922
549923535
635484952
507590541
837251260
273039261
781782620
819573099
176862644
374608583
61490068
333311084
175512325
932322920
577525375
592010773
725258421
52370176
590578814
729949703
418848586
858667666
928459754
63776447
795940115
642632709
462744360
462744360
331821034
278647976
196649268
238817185
336342514
480211881
859630937
90301676
127803194
738156784
902696170
412110081
772169383
283081712
526830279
170513042
334215064
636671291
273459730
882516607
27752318
165080467
490816695
414745403
608981000
407707217
337423855
627098118
275230718
116049759
623182546
518912274
609149846
56103937
221371287
901991808
592745198
496464423
110819008
989814343
475846350
691612170
569856476
885789633
90059512
8782144
427437915
116609118
800817987
798750524
237181700
673345825
147527371
673345825
871771444
746889838
460623589
807973521
485005203
863032320
119971891
715382710
662019155
340427954
48784121
78753114
673030743
221258398
39214750
208586940
302909175
261793919
106932506
915573921
649514759
514861469
664635697
272254832
861128338
942077698
651091520
719398173
296266341
513201701
754145454
902941725
632331146
936794201
343349133
406946375
345764008
283167841
519995627
634880930
472830684
373736305
889569161
181692804
232394095
232394095
97407847
509396376
994824835
288197222
768420851
989667039
14402877
958934715
927234429
699188438
598418022
356103581
265453907
446513580
969589164
711277401
666335611
244119881
172106022
144480623
143771503
762620014
23671675
187955495
719470775
763661176
976433576
251939649
967033699
292934840
595134576
659999301
157669404
734935905
72820117
755936648
573254807
839720420
623482202
819834182
793220960
613023500
366508184
11071305
110134773
222521068
807951665
285303327
406226084
100102663
6891447
952474964
102664323
62983118
202892787
226637507
375058698
849486209
951720422
85325514
654352608
468784464
33721337
171239304
80942654
554200161
172638307
736034450
644242235
138485284
778002699
199087150
611559155
86618741
758260209
224375932
445884846
529889574
357033310
272676050
571965
178809653
309225058
525841818
924876990
822759682
525841818
566481058
986980338
275218078
323499246
409657669
560692132
30715092
734725916
734725916
940081197
200488655
794599443
892742433
160392088
356767930
263959812
660881148
130052979
228880526
320291335
804372516
68130129
908186397
68960200
987616688
395102753
627335172
540856870
387139658
198192370
749865534
752111091
85032324
406968641
559011704
427797879
940777286
921418167
638752323
885758245
754409450
464094701
149854785
141593019
512635400
341257008
746982250
183868790
263021922
259918341
473349264
130342931
293600197
35124402
44425278
182112380
772732415
693887417
891384984
294412791
463726022
155431878
394123092
587874929
702177460
738675926
825692150
557556043
41705498
719763190
407896736
960873494
287470109
636302892
559484368
801342150
245263996
376602645
895473123
809548619
365007109
976942377
189959608
399075329
578099163
392959399
417545151
964408067
469011228
388912913
945202848
194095867
361846583
32840504
235189403
920696450
884322828
855863190
703891783
551281180
348256516
84446255
15065630
709494491
235652686
665306016
80127822
485598160
765153324
58755134
516494721
916756115
471388456
46598197
210275463
333740467
852401942
556855989
801698978
323295600
128934585
140066831
22419912
678851302
84844842
211467723
535810407
92264328
579550323
607508653
753065549
502053257
328701083
384393402
357422885
728937100
980946236
861905401
878930534
312350986
529062171
171954442
202330386
445923706
678223810
817857738
178629458
782384360
373433524
429856740
938683874
591768658
976076571
769856265
143949128
535930407
969995563
275149599
519055084
270834927
33145081
2092023
712713527
936997375
774450194
632555657
489222677
510592782
619226266
299679598
31556120
15755713
49319354
182342360
848981588
265120327
839295730
100364176
783112019
912817514
453001847
234682593
235816928
956097536
16604567
558384816
494102997
330993111
703191435
471290804
852628896
997531017
499240368
377473810
833936369
122821987
760013027
388227604
793936149
153824705
149839776
890823442
78003607
359491043
529199198
542800532
902398384
596986130
866178530
247841566
921507895
204104021
523373165
996583364
330784604
287763344
629645512
160596050
135058921
946769056
830231037
85768503
747846225
267229473
955845138
331422460
73233860
927372092
606457948
579196800
289309772
214753895
647397595
425488725
62528681
599194201
520357611
684390491
809756619
168617888
228502196
946732766
557875733
884603646
950546917
307684788
288340388
855327586
288340388
396661478
193478430
461997004
173864463
294063551
800112880
814615507
587060413
740055958
581865444
647566448
672748488
22035402
632136267
594572055
108239404
12559697
384838555
825928077
571608747
542930378
637665756
816739544
186137977
186137977
977701461
977701461
577495679
91270933
902049651
754326283
373833768
66807575
720688506
864500096
73512668
737666980
641922810
329822675
402263643
423943238
763058189
861584590
488415597
947973615
691654832
283298934
282395435
864688307
902923799
642430522
54556490
928196403
941024021
264041812
511307154
584303092
194129115
796543483
108401586
232299115
101863375
864277969
998035577
511280615
442719904
533805596
848548353
878530621
336126892
490070062
878072697
821174143
567292776
191867676
508861860
836133194
195969263
940938787
996954278
785569695
769340711
589957093
472275453
697837233
289005819
564863565
323068929
602726925
470575248
43942474
592059413
633310710
117937697
937855278
201766525
939626887
62200223
442115669
732147099
66749300
159961947
632115538
479045810
688475957
182157189
839648204
554464434
725256039
669691923
476851584
447224360
341849656
860419975
781094193
258165239
685976597
945745964
369774558
174786308
706132145
959385262
712150171
907175929
114908163
679845910
269412513
355218488
795370151
311432914
57141571
118316758
121734635
135622532
419793178
121665831
791849741
51672299
564156025
961463252
473351978
414635258
831809586
30887122
551263151
810510320
626155975
656971389
99595074
215267466
249671508
450505912
577874703
628452741
58878866
32672524
647168419
260080044
414447934
434473582
121935372
898769681
702190858
377379883
901458479
240046032
58536191
692129571
724785702
626427431
921035801
773790978
634928280
819879262
823279951
560694401
70132733
748922569
41089696
655100351
261816078
595600820
480083111
484807703
935275638
321288066
607326307
619134530
771754500
531571697
136775615
942946336
895163294
624148640
709272171
582944009
174732821
440388282
855544384
593605974
306178581
507742761
674877453
53238898
84340831
941306745
102441027
731713363
15941728
139927588
781481778
898587110
421261320
175014670
617547204
489569900
334093573
996586448
202884729
157905019
909004634
250211850
32978525
44106024
349087978
637112873
673820328
35521276
286790138
492839052
645711471
350565089
444124888
423427045
55109737
423427045
292392113
957871510
645448561
506064484
257373804
376638111
68363593
566650172
894638951
102838717
594942885
898653484
539165113
619999436
177975406
483819847
342275012
395425293
88496554
257063273
151668213
73153284
318932957
917289687
817094000
106333146
664994377
551833218
86731647
175810888
199234166
648772810
96812232
640960703
786647825
113958717
920148405
920148405
711057229
741484006
433752008
41892010
603297092
903110101
62148014
500393245
614472525
585918311
810319139
693420325
151650269
340216578
682208313
901630080
399754997
329847513
406494147
783340364
34610681
495704407
684611324
300029035
719625341
448094093
592603082
687117973
116741691
61533288
839764087
843092908
216909890
218548438
993632274
308375327
120449517
349157551
69075871
555124593
416126230
977784134
343092247
870045742
941657717
680609265
297653232
353712592
789688882
15501726
963498573
824204517
339016662
733583014
616691450
834028357
921490284
638865572
982737091
104303079
375792314
920644018
204808695
737395000
715862903
591887868
869943577
472813118
420573579
930234106
933747299
923855099
627447896
493516549
775314985
725210755
578357994
774226033
718682956
249548007
883813996
494200856
289661492
140165954
65687832
289661492
947969510
113230050
596389922
625500913
700099962
619582447
867600812
596868515
225549679
679515210
390272954
258893408
972451908
253238009
217674516
488699432
740019067
442933717
120216978
607437795
580576025
757399894
115797979
643753933
471234142
313932034
336131149
991489167
296165491
722907871
955925653
251947219
449893722
74503753
91478043
696323372
739759829
626466251
509146252
876721910
378433864
574586581
366897375
84226898
810451008
604930888
971557088
565416701
179704027
325487085
683940439
606987363
782198391
338241848
166685587
223810877
448288746
841803873
92807185
38286450
132042163
168746375
309556071
478663919
205785562
65573737
37358395
402049284
98599272
334569938
200270158
676702792
872093154
954618201
869823021
342067254
451569229
204906216
972664810
103287584
417711340
348288048
590133405
850156799
758354433
983531429
265642409
350631577
351930972
471987260
841642878
233688521
22156716
444880684
200148334
815590740
335168103
586983163
14558930
948503222
775321747
500783185
446884082
110877103
241329563
736333119
557519197
994394588
502206766
120159221
406767114
126231204
626062497
174550941
523240354
120966510
697677493
460422820
121242355
535580740
273059596
926620398
535580740
273779073
275715384
934095798
632729788
607806244
709604487
17758736
797343660
797359199
461588670
645159296
44710947
672916184
857276006
649448042
87046686
472671021
217959590
208648462
955186683
988124530
87255634
409163957
568727361
523281841
361087821
634983166
230216827
143226700
655221327
208976828
478024766
279380674
545543316
928300453
928300453
198885497
249127588
928300453
491544589
375750098
832986729
286681409
395473528
118296722
231448145
418754548
893977217
180809890
791998738
899232474
262627666
301943039
950112544
297770924
323299090
451367769
327701967
35980149
736620434
702954999
397544401
39732340
558761256
950765315
217859476
735400198
709749946
604043388
259098271
827271933
284054639
65311259
992061503
659345562
949729907
155256304
613903713
243308236
554962613
480853312
247506344
339989130
680952533
75871447
659525452
467803873
267390712
448073257
85705504
38945910
933034035
356455356
415940051
463325094
175301240
463337295
392110786
713949165
491651961
959157826
416363116
985674418
341490350
513014702
678095070
430579332
650385554
134312009
786485023
120763531
488346006
129660976
993342772
135957589
583192213
781331820
942199810
294335774
345456763
43343442
482746690
661504414
515601135
317970639
269597652
989647122
132802249
234385115
510686377
389006325
98947210
444878268
670829304
282998785
900210646
538650793
969707904
980095689
935001859
452042752
784634384
356063270
725726774
731112614
878968292
945232641
883752259
422418671
979900956
288541761
846359604
511029009
473367468
276639941
511070516
423806344
288329625
478702035
175622048
18586187
104553763
528565672
863510324
489458911
946311173
374363584
222119169
449041266
364472524
380204280
872730206
215411479
988969403
429127500
307348876
59512906
189469709
752057504
849269070
20861878
556631941
307348876
664647733
976646766
30414471
337349842
271638439
960775920
993491913
570790080
450325761
220929593
335781834
123434077
800021451
68547197
143400011
48264619
679672892
976641606
29728105
861634969
555607359
435600740
28093046
136648912
547867691
945802798
528896783
722728462
705411577
265476491
33956298
556342643
407031342
357533098
698336374
700524761
390206295
847059558
953949421
849063780
648817483
758970553
734554536
948905012
213275906
230537161
742626134
134367887
723645616
708326360
509089542
415000695
665049833
708326360
115614772
161442343
493918847
27387182
532098470
649465008
635181494
469038271
428621550
780988297
181735264
903385574
784406162
727490876
603672292
159241983
87049675
640367726
925645560
673166169
931846827
740100310
473123375
108266584
292129333
410469775
927583589
243056438
470327228
323670855
644049667
308048340
349240845
685720244
37570377
607318818
477618195
634648729
634648729
809999166
775235673
64424296
852950461
388473831
753479716
7110287
801680928
600758628
991301517
783105985
567234331
103250465
417344398
719842612
11450296
830854636
790800551
975493530
220707182
893062135
109219900
80722135
522622735
2720433
767518289
589327368
935015038
540711803
425185374
641314047
387593222
868198934
